Wall time,Step,Value
1606417865.023322,3879,0.13307984173297882
1606417950.0802763,12400,0.14900000393390656
1606417985.6730635,16098,0.07407407462596893
1606418066.072648,24249,0.10506566613912582
1606418083.659387,26143,0.12416107207536697
1606418109.6970558,28896,0.17000000178813934
1606418113.38081,29293,0.10999999940395355
1606418158.2539082,33944,0.190476194024086
1606418164.8899488,34663,0.12162162363529205
1606418230.035724,40801,0.1409395933151245
1606418254.987463,43240,0.1457858830690384
1606418278.5696607,45737,0.13500000536441803
1606418349.4335089,53097,0.04477611929178238
1606418385.610339,56528,0.04899999871850014
1606418392.4700003,57185,0.11764705926179886
1606418395.6886985,57493,0.06493506580591202
1606418439.800715,61688,0.014423076994717121
1606418489.161032,65928,0.05054151639342308
1606418567.0802398,72609,0.18965516984462738
1606418656.33285,80487,0.10899999737739563
1606418676.0136058,82272,0.14821124076843262
1606418698.5285304,84267,0.13483145833015442
1606418757.1386514,89527,0.0693877562880516
1606418763.5219088,90074,0.07312614470720291
1606418825.3080583,95432,0.19736842811107635
1606418836.9104552,96430,0.10000000149011612
1606418850.5955622,97620,0.07894736528396606
1606418856.523142,98130,0.07647059112787247
1606418880.1710336,100198,0.1653386503458023
1606418912.1940129,102984,0.03305784985423088
1606419075.2663586,107111,0.1569230705499649
1606419085.797615,108032,0.12920738756656647
1606419119.4296453,110943,0.07558733224868774
1606419219.2793663,119561,0.06800000369548798
1606419275.8153477,124546,0.13300000131130219
1606419304.5274055,127067,0.10628019273281097
1606419321.1918554,128512,0.1135190948843956
1606419412.4427261,136148,0.2720000147819519
1606419459.5921342,140037,0.08055009692907333
1606419506.5946486,144099,0.125
1606419570.8338869,149649,0.14166666567325592
1606419596.4318054,151826,0.1794871836900711
1606419611.6873267,153081,0.29100000858306885
1606419725.763631,162860,0.0687960684299469
1606419758.5067098,165745,0.24199999868869781
1606419759.6911595,165849,0.20192307233810425
1606419800.27788,169440,0.048672568053007126
1606419828.1545627,171871,0.11139240860939026
1606419841.887621,173078,0.10628019273281097
1606419902.321127,178116,0.047700170427560806
1606419914.137717,179116,0.08500000089406967
1606419961.140676,183527,0.04672897234559059
1606419974.2397997,184752,0.026402641087770462
1606420019.399671,188859,0.1034482792019844
1606420074.1713936,194122,0.13699999451637268
1606420186.754195,204712,0.07400000095367432
1606420218.8658385,207692,0.06400000303983688
1606420277.0075164,213301,0.15299999713897705
1606420288.8995116,214404,0.19417475163936615
1606420628.8728962,241379,0.1304347813129425
1606420634.2994208,241905,0.10266159474849701
1606420647.2658336,243200,0.1599999964237213
1606420690.463596,247372,0.20800000429153442
1606420763.475359,254219,0.131386861205101
1606420779.4888155,255759,0.17000000178813934
1606420789.9387245,256759,0.2329999953508377
1606420821.3950634,259759,0.04600000008940697
1606420852.1226726,262685,0.0729999989271164
1606420881.577065,265403,0.31296294927597046
1606420897.8647234,266978,0.09322033822536469
1606420908.327383,267978,0.13300000131130219
1606420958.2754102,272695,0.1850000023841858
1606421045.5934558,281050,0.014814814552664757
1606421061.8926578,282652,0.13899999856948853
1606421150.7288985,291209,0.0954400822520256
1606421179.8297718,294035,0.28299999237060547
1606421191.6206002,295195,0.05624999850988388
1606421222.001167,297967,0.13989637792110443
1606421276.602922,303150,0.11437908560037613
1606421331.4183185,308382,0.03999999910593033
1606421352.5660083,310382,0.1080000028014183
1606421383.784335,313382,0.1080000028014183
1606421419.965535,316945,0.19369369745254517
1606421443.2821994,319125,0.10389610379934311
1606421522.5694807,326671,0.10483870655298233
1606421570.5884707,331233,0.07156308740377426
1606421621.72938,336139,0.08299999684095383
1606421637.8903213,337651,0.07547169923782349
1606421689.9777627,342544,0.09799999743700027
1606421702.6727636,343692,0.06199999898672104
1606421713.5630674,344692,0.03999999910593033
1606421725.86402,345867,0.09200000017881393
1606421746.075374,347867,0.07199999690055847
1606421756.265294,348867,0.08100000023841858
1606421799.2846441,353026,0.08299999684095383
1606421804.6512647,353509,0.11180124431848526
1606421885.163252,359154,0.06199999898672104
1606421921.1310756,362655,0.041152264922857285
1606421936.274295,364129,0.11999999731779099
1606421973.9373517,367642,0.08686868846416473
1606422018.704334,371826,0.07199999690055847
1606422038.814744,373826,0.06300000101327896
1606422138.0471897,383285,0.0223214291036129
1606422170.7830272,386463,0.07407407462596893
1606422174.1096451,386781,0.14465409517288208
1606422188.8270624,388176,0.09367088973522186
1606422193.1488605,388584,0.0602409653365612
1606422203.6991146,389584,0.0820000022649765
1606422221.581676,391286,0.09006622433662415
1606422308.960141,399509,0.14150942862033844
1606422331.9785602,401626,0.18400000035762787
1606422372.833001,405424,0.07100000232458115
1606422402.3618426,408291,0.12300000339746475
1606422428.0943947,410725,0.10400000214576721
1606422462.1681013,413951,0.10899999737739563
1606422472.5141973,414949,0.10821643471717834
1606422495.5014732,417145,0.04854368790984154
1606422541.5057795,421582,0.08299999684095383
1606422635.551286,430707,0.10899999737739563
1606422677.746594,434300,0.14499999582767487
1606422692.2879045,435573,0.11100000143051147
1606422769.3711255,442848,0.06708595156669617
1606422806.1346612,446370,0.10919540375471115
1606422825.6735315,448244,0.09799999743700027
1606422829.253672,448599,0.0591549277305603
1606422837.1387095,449292,0.07070706784725189
1606422856.9749255,451185,0.06735751032829285
1606422896.9355488,455093,0.0731707289814949
1606422916.5639904,457093,0.03999999910593033
1606422926.7997725,458093,0.05299999937415123
1606422954.3691084,460725,0.041999999433755875
1606422987.4637935,463995,0.050999999046325684
1606423004.028933,465614,0.08733624219894409
1606423006.0770004,465813,0.10552763938903809
1606423036.5013747,468797,0.20499999821186066
1606423108.8104453,475820,0.07400000095367432
1606423135.2654638,478431,0.11637931317090988
1606423136.046175,478501,0.05714285746216774
1606423146.1617236,479501,0.12700000405311584
1606423166.3692126,481501,0.1080000028014183
1606423168.606482,481719,0.1834862381219864
1606423224.6051612,487069,0.04800000041723251
1606423252.1857889,489733,0.015625
1606423256.3413253,490125,0.08163265138864517
1606423277.8267066,492125,0.04699999839067459
1606423299.0818048,494125,0.057999998331069946
1606423315.0015574,495616,0.04358353465795517
1606423316.7651825,495796,0.04444444552063942
1606423319.016573,495922,0.02380952425301075
1606423342.542031,498172,0.0729999989271164
1606423379.5923564,500286,0.050243113189935684
1606423417.058828,503553,0.07400000095367432
1606423418.8580797,503715,0.08641975373029709
1606423419.4599173,503785,0.20000000298023224
1606423461.0382147,507778,0.03799999877810478
1606423584.9576106,519885,0.0476190485060215
1606423615.0759258,522919,0.0440729483962059
1606423620.2598362,523395,0.03652967885136604
1606423657.3051152,527111,0.10300000011920929
1606423799.8446844,541096,0.04800000041723251
1606423808.9196103,541954,0.07623888552188873
1606423836.3878922,544676,0.02857142873108387
1606423857.2615135,546676,0.026000000536441803
1606423884.5116098,549437,0.06422018259763718
1606423895.1514962,550492,0.030232558026909828
1606423921.7153127,553093,0.016597511246800423
1606423941.7783794,555098,0.01315789483487606
1606423960.678001,556931,0.03099999949336052
1606423987.8793142,559668,0.04500000178813934
1606424002.5469224,561100,0.035999998450279236
1606424029.3277137,563766,0.006896551698446274
1606424044.6061184,565304,0.017000000923871994
1606424057.997363,566677,0.010999999940395355
1606424071.24787,567991,0.04435483738780022
1606424107.0307677,571528,0.035999998450279236
1606424108.388154,571664,0.022058824077248573
1606424121.123556,572923,0.03311258181929588
1606424157.2798223,576636,0.03700000047683716
1606424162.2114668,577106,0.0555555559694767
1606424195.7806005,580453,0.1037735864520073
1606424200.8395956,580956,0.11594203114509583
1606424212.53896,582153,0.025500910356640816
1606424217.8020282,582688,0.03177570179104805
1606424266.3102758,587831,0.04724409431219101
1606424268.471359,588047,0.032407406717538834
1606424298.5000076,591119,0.020999999716877937
1606424307.9161673,592049,0.027568921446800232
1606424317.7124698,593049,0.01899999938905239
1606424324.1666918,593693,0.02747252769768238
1606424333.6449728,594693,0.01899999938905239
1606424339.556101,595258,0.009345794096589088
1606424341.20598,595412,0.025974025949835777
1606424385.669549,599544,0.014999999664723873
1606424412.5148509,601051,0.1031746044754982
1606424419.7378197,601610,0.05303030461072922
1606424425.111004,602150,0.0138248847797513
1606424430.675252,602709,0.03041144832968712
1606424454.338464,605032,0.03418803587555885
1606424466.9149323,606222,0.012376237660646439
1606424509.803256,610353,0.40909090638160706
1606424511.545632,610509,0.13636364042758942
1606424544.830576,613881,0.02500000037252903
1606424574.8582995,617083,0.02800000086426735
1606424610.6281586,620532,0.1515151560306549
1606424670.6040006,626626,0.260869562625885
1606424697.6587207,629407,0.05400000140070915
1606424700.3876448,629685,0.1515151560306549
1606424710.625602,630768,0.07400000095367432
1606424722.9715796,632073,0.0221052635461092
1606424730.5987232,632831,0.012658228166401386
1606424741.9435441,634019,0.010638297535479069
1606424764.1073616,636097,0.1515151560306549
1606424764.8846242,636163,0.09090909361839294
1606424795.1798074,639248,0.08732394129037857
1606424815.5720031,641306,0.0820000022649765
1606424829.2767165,642717,0.1515151560306549
1606424830.015397,642799,0.060975611209869385
1606424865.6354604,646411,0.1764705926179886
1606424880.9481285,647944,0.004651162773370743
1606424913.011022,651190,0.014999999664723873
1606424915.6778831,651441,0.2985074520111084
1606424958.4811134,655760,0.05921052768826485
1606424965.2314246,656441,0.046989720314741135
1606424980.0052376,657922,0.036764707416296005
1606424981.4444246,658061,0.035971224308013916
1606424982.2712743,658128,0.08955223858356476
1606425040.818674,664105,0.07514450699090958
1606425070.4623523,667203,0.032999999821186066
1606425115.5801356,672002,0.01600000075995922
1606425116.172602,672068,0.13636364042758942
1606425135.8076773,674047,0.023391813039779663
1606425149.5857158,674413,0.01901140622794628
1606425167.3436487,676151,0.023000000044703484
1606425171.3115575,676525,0.025974025949835777
1606425276.2819924,686859,0.01605839468538761
1606425296.7125082,688859,0.00800000037997961
1606425298.7080834,689054,0.03252032399177551
1606425317.2051783,690866,0.00800000037997961
1606425336.7373414,692954,0.017223911359906197
1606425366.393094,695936,0.016393441706895828
1606425373.3465276,696643,0.07199999690055847
1606425389.9471104,698323,0.014723926782608032
1606425428.477648,702201,0.04385964944958687
1606425445.5353355,704003,0.08536585420370102
1606425466.1105695,706050,0.13636364042758942
1606425493.010084,708863,0.018237082287669182
1606425493.7869728,708931,0.029411764815449715
1606425524.6385393,712097,0.35211268067359924
1606425547.1713192,714333,0.06862745434045792
1606425569.6808035,716544,0.029556650668382645
1606425575.7933195,717178,0.012618296779692173
1606425583.8001971,717984,0.19696970283985138
1606425624.5096755,721986,0.17391304671764374
1606425627.1939008,722211,0.021978022530674934
1606425630.7456145,722561,0.015075377188622952
1606425652.3266203,724566,0.014999999664723873
1606425668.9714818,726262,0.014308426529169083
1606425670.9693902,726453,0.005235602147877216
1606425722.1731675,731619,0.017999999225139618
1606425756.5373976,735026,0.13636364042758942
1606425795.0014331,738818,0.02120141312479973
1606425811.4998436,740550,0.009900989942252636
1606425814.1085901,740806,0.0
1606425815.763676,740974,0.040816325694322586
1606425819.50325,741353,0.0052770450711250305
1606425917.6368623,747074,0.02053915336728096
1606425918.4956396,747154,0.08749999850988388
1606425932.7483578,748602,0.011173184029757977
1606425942.1918156,749600,0.06767794489860535
1606425950.8669584,750489,0.01508620660752058
1606425958.696729,751300,0.012080537155270576
1606425974.511028,752956,0.010526316240429878
1606425977.6709104,753259,0.01315789483487606
1606425981.7397008,753630,0.05426356568932533
1606426048.9690132,760442,0.01937984488904476
1606426049.7749093,760512,0.15714286267757416
1606426066.6524115,762129,0.05000000074505806
1606426079.5779192,763296,0.0476190485060215
1606426083.0209088,763608,0.022435897961258888
1606426092.1660585,764539,0.015625
1606426098.8469286,765217,0.016339870169758797
1606426100.4986386,765386,0.02958579920232296
1606426146.5104115,770405,0.007233273237943649
1606426159.9514072,771784,0.035904254764318466
1606426201.0603049,775762,0.007751937955617905
1606426201.8479655,775828,0.0
1606426212.832722,776958,0.014851485379040241
1606426270.0766318,782600,0.12021858245134354
1606426280.779384,783683,0.035555556416511536
1606426285.2389715,784137,0.024229075759649277
1606426287.2441275,784333,0.07920791953802109
1606426321.4629285,787986,0.019999999552965164
1606426339.58732,789775,0.013698630034923553
1606426340.5482624,789864,0.04494382068514824
1606426370.5057292,792908,0.002617801073938608
1606426381.4755816,794037,0.3333333432674408
1606426384.3141448,794310,0.095238097012043
1606426398.7683625,795727,0.03846153989434242
1606426411.8155904,796907,0.02985074557363987
1606426433.0141878,798334,0.012012012302875519
1606426436.4028535,798688,0.016949152573943138
1606426453.2163973,800451,0.013274336233735085
1606426475.8573606,802664,0.014450866729021072
1606426493.9211993,804292,0.12121212482452393
1606426496.656398,804563,0.014760147780179977
1606426502.6904235,805097,0.03265305981040001
1606426517.344153,806599,0.09638553857803345
1606426522.923192,807120,0.03125
1606426525.5591905,807339,0.07482992857694626
1606426530.037862,807717,0.2164948433637619
1606426536.5958784,808360,0.26249998807907104
1606426539.533586,808631,0.3484848439693451
1606426565.4743028,811205,0.1764705926179886
1606426599.0814576,814629,0.03030303120613098
1606426613.095664,816034,0.036363635212183
1606426616.6515925,816383,0.033175356686115265
1606426619.3116336,816634,0.03187251091003418
1606426631.2603824,817833,0.0033003301359713078
1606426632.0301514,817900,0.16417910158634186
1606426668.1658854,821602,0.024752475321292877
1606426676.432198,822418,0.015384615398943424
1606426682.8278496,823098,0.008823529817163944
1606426689.864018,823717,0.009693053551018238
1606426698.5441751,824580,0.0077821011655032635
1606426709.977767,825714,0.03539822995662689
1606426725.7166688,827305,0.27272728085517883
1606426726.3105097,827371,0.01515151560306549
1606426752.579942,830101,0.0036496350076049566
1606426753.8512096,830224,0.04065040498971939
1606426783.3616374,833336,0.08602150529623032
1606426790.56253,834072,0.034285712987184525
1606426792.647723,834272,0.2238806039094925
1606426797.9025466,834769,0.13071896135807037
1606426805.8593435,835524,0.012422360479831696
1606426806.886068,835622,0.020408162847161293
1606426808.5336862,835784,0.2888889014720917
1606426810.4681437,835971,0.11229946464300156
1606426815.8478386,836527,0.014388489536941051
1606426822.3023162,837146,0.1666666716337204
1606426853.922766,840313,0.018115941435098648
1606426870.2589955,841983,0.004228329751640558
1606426886.8341455,843698,0.0
1606426905.5516992,845534,0.00800000037997961
1606426906.4100614,845606,0.0
1606426930.413884,847956,0.011111111380159855
1606426973.2247114,849429,0.02450980432331562
1606427005.783473,852896,0.05000000074505806
1606427015.2397301,853820,0.3913043439388275
1606427022.0776544,854564,0.007385524455457926
1606427034.5107865,855938,0.23880596458911896
1606427054.4086185,857999,0.025495750829577446
1606427055.3537865,858087,0.05681818351149559
1606427063.633262,858925,0.00638977624475956
1606427075.944189,860092,0.22727273404598236
1606427084.2030497,860770,0.016129031777381897
1606427136.07118,865928,0.42424243688583374
1606427141.5613155,866469,0.004587155766785145
1606427153.8182254,867666,0.0045045046135783195
1606427154.715775,867748,0.0731707289814949
1606427155.7893546,867851,0.03883495181798935
1606427215.246301,874040,0.006000000052154064
1606427269.785561,879799,0.19696970283985138
1606427295.7928548,882585,0.004000000189989805
1606427307.9996214,883795,0.49275362491607666
1606427329.6910496,885953,0.18045112490653992
1606427336.5381029,886609,0.06862745434045792
1606427338.5899553,886809,0.020618556067347527
1606427344.6381803,887454,0.0044052861630916595
1606427353.5842597,888348,0.19148936867713928
1606427358.5707262,888827,0.04672897234559059
1606427361.6429553,889123,0.022857142612338066
1606427379.4290366,891035,0.0077220075763762
1606427382.807858,891358,0.023076923564076424
1606427398.6777084,893054,0.029520295560359955
1606427421.1825016,895329,0.3181818127632141
1606427427.031052,895828,0.3380281627178192
1606427456.962977,898867,0.3636363744735718
1606427457.7651207,898934,0.10447761416435242
1606427458.525543,899000,0.1515151560306549
1606427515.465995,904847,0.1304347813129425
1606427554.1678538,906778,0.0021810249891132116
1606427570.2825103,908437,0.006000000052154064
1606427587.734769,910248,0.0020000000949949026
1606427591.84642,910574,0.0889570564031601
1606427598.843632,911254,0.36986300349235535
1606427602.862124,911628,0.0062500000931322575
1606427604.22759,911766,0.3333333432674408
1606427626.634962,914142,0.013544018380343914
1606427629.1427114,914334,0.1666666716337204
1606427638.5259812,915307,0.009685230441391468
1606427642.940928,915737,0.005917159840464592
1606427654.6145902,916958,0.0026881720405071974
1606427660.1121888,917529,0.12121212482452393
1606427667.2019122,918238,0.0
1606427684.0061207,919985,0.0
1606427721.4525843,923813,0.051948051899671555
1606427752.2063286,927024,0.006000000052154064
1606427761.4206727,928024,0.004000000189989805
1606427762.411819,928120,0.010416666977107525
1606427764.8055282,928360,0.03870967775583267
1606427773.838875,929360,0.0020000000949949026
1606427782.3862567,930278,0.009389671497046947
1606427796.9447389,931713,0.006896551698446274
1606427808.197191,932898,0.006211180239915848
1606427819.827266,934191,0.2985074520111084
1606427826.473398,934827,0.11070110648870468
1606427836.6777647,935902,0.06666667014360428
1606427865.6020546,938869,0.39393940567970276
1606427870.5192463,939342,0.25757575035095215
1606427879.915537,940277,0.026143791154026985
1606427895.0882127,941809,0.19148936867713928
1606427904.5106375,942763,0.004926108289510012
1606427914.0789084,943829,0.40909090638160706
1606427916.5764725,944098,0.014869888313114643
1606427942.9738944,946758,0.005602241028100252
1606427956.4760213,948070,0.003000000026077032
1606427959.2296205,948308,0.0
1606427962.2519763,948594,0.42424243688583374
1606427972.4328141,949594,0.003000000026077032
1606427985.8727763,951008,0.060975611209869385
1606427987.1590443,951139,0.11450381577014923
1606427989.4758427,951372,0.07619047909975052
1606428011.2127433,953621,0.008999999612569809
1606428012.3143034,953726,0.0
1606428030.1851463,955485,0.0
1606428032.0338533,955614,0.007751937955617905
1606428039.2465796,956305,0.040909089148044586
1606428045.8004928,956889,0.004694835748523474
1606428057.646249,958042,0.08496732264757156
1606428070.543176,959357,0.004000000189989805
1606428091.3915582,961318,0.1818181872367859
1606428098.603965,962047,0.0602409653365612
1606428107.4607332,962955,0.004597701132297516
1606428110.6853967,963287,0.0060240961611270905
1606428121.8278375,964424,0.1733333319425583
1606428137.493922,966091,0.005190311465412378
1606428260.9354043,968388,0.09210526198148727
1606428265.3162363,968802,0.16521738469600677
1606428296.9297538,972054,0.061889249831438065
1606428311.7795758,973599,0.06465516984462738
1606428323.5441315,974704,0.009523809887468815
1606428340.617381,976266,0.043478261679410934
1606428341.4248576,976337,0.0
1606428343.80213,976563,0.11403508484363556
1606428351.6591408,977348,0.006688963156193495
1606428352.4142046,977414,0.09090909361839294
1606428368.7713764,979182,0.006825938355177641
1606428371.2110536,979315,0.0
1606428372.4687378,979437,0.0
1606428389.5525963,981140,0.10489510744810104
1606428399.3206851,982156,0.09574468433856964
1606428412.9524217,983502,0.10967741906642914
1606428441.6156774,986440,0.003000000026077032
1606428457.403667,988066,0.21212121844291687
1606428470.9857829,989514,0.003671970684081316
1606428500.0606768,992406,0.12121212482452393
1606428507.819054,993123,0.0
1606428513.9120533,993708,0.029801324009895325
1606428519.159988,994211,0.028070176020264626
1606428522.878308,994579,0.05263157933950424
1606428527.6352656,995052,0.008456659503281116
1606428529.5263915,995224,0.25
1606428545.0848916,996735,0.0
1606428548.8369546,997124,0.010282776318490505
1606428550.6989753,997314,0.04736842215061188
1606428557.7600682,998084,0.01119999960064888
1606428579.7693462,1000209,0.0
1606428580.5510669,1000297,0.07954545319080353
1606428587.1986992,1000983,0.042553190141916275
1606428600.9831502,1002315,0.05836575850844383
1606428620.645549,1004278,0.08673469722270966
1606428676.9263546,1010053,0.31343284249305725
1606428722.300111,1014726,0.0025510203558951616
1606428739.1070745,1016466,0.0
1606428741.2629504,1016692,0.0
1606428743.6821547,1016922,0.012658228166401386
1606428785.617139,1020598,0.07246376574039459
1606428788.5108771,1020786,0.0
1606428794.566388,1021384,0.21551723778247833
1606428838.7118988,1026041,0.004999999888241291
1606428861.9647834,1028333,0.0038610037881881
1606428863.8601081,1028515,0.09890110045671463
1606428899.2500627,1032058,0.03703703731298447
1606428929.9864044,1035301,0.00136239780113101
1606428950.5580173,1037537,0.0
1606428951.7337332,1037656,0.008403361774981022
1606428956.5342336,1038147,0.0
1606428966.7486491,1039213,0.21212121844291687
1606428982.7899382,1040824,0.036231882870197296
1606429029.7998023,1045706,0.0
1606429058.0536015,1048569,0.0
1606429059.1693096,1048636,0.0
1606429085.1663854,1051018,0.0382978729903698
1606429086.7536123,1051183,0.23529411852359772
1606429090.1185606,1051503,0.0
1606429091.4874856,1051646,0.03496503457427025
1606429093.519182,1051856,0.0
1606429119.0350544,1054383,0.0
1606429123.0460935,1054772,0.050847455859184265
1606429139.8233943,1056466,0.03550295904278755
1606429150.0003238,1057476,0.0139860138297081
1606429156.928867,1058151,0.016806723549962044
1606429159.1662693,1058364,0.07339449226856232
1606429164.517694,1058877,0.0
1606429175.0498798,1059888,0.05970149114727974
1606429186.7669828,1061034,0.004926108289510012
1606429192.9367917,1061638,0.02500000037252903
1606429197.055826,1062057,0.09459459781646729
1606429201.8772583,1062521,0.03378378227353096
1606429232.8549063,1065608,0.0
1606429233.6084273,1065692,0.1071428582072258
1606429268.0649538,1069122,0.06521739065647125
1606429271.2319903,1069428,0.022522522136569023
1606429312.6287599,1073622,0.07586207240819931
1606429314.6588523,1073823,0.009950248524546623
1606429315.8359303,1073941,0.05932203307747841
1606429316.5918849,1074010,0.028985507786273956
1606429320.7799063,1074367,0.1265822798013687
1606429382.1789489,1075490,0.0035714285913854837
1606429406.150895,1077353,0.048192769289016724
1606429410.249868,1077765,0.004854368977248669
1606429419.5305424,1078749,0.0
1606429445.5619063,1081389,0.006666666828095913
1606429454.051266,1082223,0.0
1606429461.999295,1083014,0.08955223858356476
1606429465.8134131,1083383,0.09009008854627609
1606429466.5840578,1083449,0.1666666716337204
1606429492.7357454,1086118,0.001186239649541676
1606429499.7914057,1086846,0.026455026119947433
1606429516.3696923,1088564,0.0
1606429530.9221501,1090009,0.0047505940310657024
1606429544.3146818,1091407,0.0
1606429607.613811,1097873,0.007042253389954567
1606429615.5377162,1098653,0.004040404222905636
1606429619.6982152,1099062,0.037634409964084625
1606429626.8038468,1099749,0.0
1606429633.839079,1100424,0.05263157933950424
1606429656.3213797,1102705,0.01886792480945587
1606429666.3599095,1103718,0.00963855441659689
1606429678.7542078,1105082,0.0020000000949949026
1606429728.840964,1110284,0.0
1606429755.1890163,1112857,0.007575757801532745
1606429756.2752862,1112964,0.018691588193178177
1606429775.1276357,1115072,0.0020000000949949026
1606429806.0589874,1118344,0.004999999888241291
1606429825.6956718,1120356,0.003389830468222499
1606429829.725321,1120766,0.002439024392515421
1606429831.734161,1120968,0.0
1606429832.4852383,1121034,0.01515151560306549
1606429835.3256173,1121316,0.010638297535479069
1606429836.8064983,1121471,0.0
1606429866.8253896,1124739,0.0
1606429929.697578,1131221,0.0010000000474974513
1606429939.0740218,1132221,0.0020000000949949026
1606429940.976184,1132402,0.0
1606429952.0476263,1133497,0.022026430815458298
1606430010.7890904,1138726,0.004000000189989805
1606430020.5084848,1139799,0.0010000000474974513
1606430055.0708427,1143439,0.0010917030740529299
1606430055.897538,1143514,0.0
1606430059.1013825,1143817,0.06382978707551956
1606430060.6261961,1143967,0.07594936341047287
1606430065.1549473,1144425,0.0021834061481058598
1606430075.6170988,1145558,0.06766917556524277
1606430125.906078,1150852,0.03030303120613098
1606430141.8158877,1152513,0.004000000189989805
1606430146.1274858,1152928,0.0
1606430161.2719443,1154501,0.0
1606430177.826015,1156163,0.005102040711790323
1606430181.015387,1156492,0.0030395137146115303
1606430204.3248384,1158925,0.008928571827709675
1606430212.787514,1159764,0.003931847866624594
1606430216.3203332,1160119,0.002816901309415698
1606430236.8584988,1162221,0.028089888393878937
1606430255.804753,1164311,0.011111111380159855
1606430280.3855283,1166782,0.0
1606430286.0276442,1167365,0.004040404222905636
1606430288.170384,1167568,0.00826446246355772
1606430293.063563,1168038,0.0
1606430340.4778981,1172754,0.009009009227156639
1606430346.4270492,1173269,0.0
1606430347.4193985,1173337,0.014705882407724857
1606430348.7903233,1173439,0.009803921915590763
1606430394.5981886,1177450,0.004000000189989805
1606430423.9065526,1180111,0.013661202043294907
1606430456.6819346,1183396,0.005300353281199932
1606430522.4895456,1189728,0.0
1606430537.9552395,1191326,0.027397260069847107
1606430545.715186,1192190,0.05324074253439903
1606430559.5821228,1193636,0.013333333656191826
1606430594.163371,1197306,0.0
1606430613.9238596,1199246,0.0
1606430623.4189243,1200236,0.0
1606430742.6772664,1202547,0.0
1606430747.7280965,1203077,0.0
1606430751.9009159,1203503,0.0
1606430754.975477,1203814,0.004524887073785067
1606430761.2293742,1204496,0.0
1606430767.588989,1205121,0.0
1606430770.1685078,1205379,0.0038759689778089523
1606430780.7140028,1206391,0.0
1606430796.3963985,1208054,0.0020000000949949026
1606430799.2971401,1208348,0.0
1606430805.1225235,1208934,0.028688523918390274
1606430822.492445,1210676,0.014925372786819935
1606430834.6288373,1211878,0.014000000432133675
1606430837.6509535,1212189,0.003215434029698372
1606430838.790367,1212298,0.027522936463356018
1606430860.6379228,1214530,0.0
1606430891.5439427,1217777,0.0
1606430900.9065337,1218859,0.0020000000949949026
1606430907.0087197,1219495,0.013333333656191826
1606430924.9085484,1221495,0.0
1606430926.8219478,1221675,0.0
1606430970.1426644,1226314,0.0
1606430990.1456456,1228523,0.0020000000949949026
1606431051.9655833,1235267,0.0
1606431056.9544296,1235757,0.0
1606431107.341283,1241080,0.0
1606431163.968315,1247309,0.0
1606431165.1494439,1247429,0.0
1606431188.2806976,1250009,0.0
1606431190.0218627,1250199,0.015789473429322243
1606431192.4626048,1250429,0.01075268816202879
1606431197.4449909,1250943,0.0
1606431205.090248,1251699,0.0
1606431219.1785433,1253162,0.0
1606431225.2725666,1253795,0.0037950663827359676
1606431281.938907,1259155,0.0
1606431327.737159,1264037,0.0020000000949949026
1606431333.4649923,1264596,0.0
1606431347.4099052,1265917,0.0
1606431351.1661143,1266323,0.012315270490944386
1606431383.9377449,1268711,0.0
1606431391.087507,1269465,0.004966887645423412
1606431470.4774358,1277958,0.0
1606431489.8020213,1280037,0.0020000000949949026
1606431497.3121624,1280765,0.010101010091602802
1606431507.839461,1281898,0.0
1606431511.352224,1282248,0.0028571428265422583
1606431513.3599558,1282447,0.02469135820865631
1606431515.52479,1282673,0.0
1606431529.4790528,1284057,0.007299270015209913
1606431583.1065211,1289768,0.012500000186264515
1606431597.2563658,1291234,0.0027322403620928526
1606431626.2120833,1294263,0.0
1606431633.6505306,1295037,0.0
1606431635.0531936,1295179,0.0
1606431647.7347212,1296455,0.0
1606431655.8074143,1297329,0.0
1606431703.7868354,1302456,0.0
1606431710.1145933,1303140,0.014925372786819935
1606431722.0710268,1304391,0.0
1606431751.5953846,1307429,0.0010000000474974513
1606431770.0330513,1309455,0.0
1606431780.2411695,1310455,0.0010000000474974513
1606431782.7363975,1310700,0.004081632476300001
1606431790.42874,1311429,0.0
1606431807.2638056,1313209,0.0
1606431824.7119994,1315060,0.0
1606431843.7062075,1316968,0.0
1606431855.558482,1318201,0.0
1606431869.6715631,1319722,0.0032327587250620127
1606431880.632945,1320913,0.0
1606431908.3262024,1323988,0.0
1606431924.0864518,1325677,0.0
1606431928.5721333,1326118,0.0
1606431932.9484632,1326559,0.0
1606431939.7921624,1327245,0.0
1606431959.4679856,1329363,0.0
1606432001.3747299,1333861,0.008130080997943878
1606432113.775201,1335413,0.0
1606432132.6469057,1337428,0.0
1606432199.5243785,1344673,0.005747126415371895
1606432208.752038,1345657,0.0
1606432216.7517602,1346481,0.0
1606432230.8828483,1347922,0.0
1606432260.1255524,1351036,0.0022321429569274187
1606432275.3674932,1352639,0.0
1606432280.4683552,1353177,0.0
1606432298.679131,1354990,0.0
1606432302.9873567,1355416,0.0
1606432328.576199,1357993,0.0026773761492222548
1606432356.4824424,1360835,0.0
1606432379.2539442,1363163,0.0
1606432391.049681,1364398,0.021739130839705467
1606432407.054656,1366065,0.0
1606432454.5961304,1371347,0.0
1606432462.94056,1372237,0.0
1606432492.016849,1375419,0.0
1606432499.078884,1376123,0.010204081423580647
1606432502.4010217,1376449,0.0
1606432513.7063696,1377591,0.003000000026077032
1606432543.090019,1380829,0.032608695328235626
1606432584.6661053,1385211,0.0
1606432591.3572073,1385869,0.017094017937779427
1606432616.0241115,1388581,0.0031595577020198107
1606432619.2085998,1388911,0.0
1606432640.4250875,1391274,0.0
1606432646.067293,1391840,0.0
1606432683.7472203,1396018,0.0
1606432687.4602249,1396435,0.0
1606432708.44328,1398614,0.0
1606432747.7666504,1402618,0.007067137863487005
1606432776.8363008,1405906,0.0023255813866853714
1606432812.2638776,1409583,0.0
1606432815.511826,1409920,0.0
1606432837.237698,1412201,0.0
1606432926.0961773,1413127,0.0010799135779961944
1606432983.2778118,1418407,0.0031847134232521057
1606432999.0985925,1420110,0.003000000026077032
1606433009.9962587,1421357,0.0
1606433023.218347,1422868,0.0010183299891650677
1606433033.31914,1423928,0.004854368977248669
1606433051.683157,1425958,0.0026041667442768812
1606433075.5998473,1428447,0.002808988792821765
1606433100.8780088,1431061,0.0
1606433106.653427,1431636,0.004098360426723957
1606433158.242051,1436986,0.0
1606433160.1354392,1437172,0.005376344081014395
1606433179.9276216,1439229,0.0
1606433198.2492409,1441028,0.0
1606433286.150929,1450084,0.0010000000474974513
1606433310.372055,1452584,0.0
1606433321.2196767,1453769,0.0
1606433400.4638252,1462189,0.003169572213664651
1606433409.0648234,1463060,0.002217294881120324
1606433424.8145764,1464724,0.007246376946568489
1606433433.7943242,1465724,0.004999999888241291
1606433434.580411,1465800,0.0
1606433457.1203537,1468234,0.0
1606433474.9184456,1470106,0.0020964359864592552
1606433484.4730296,1471157,0.004149377811700106
1606433522.105722,1475182,0.0
1606433559.3165593,1479315,0.0010000000474974513
1606433568.2243533,1480227,0.0
1606433611.4108377,1484914,0.0
1606433624.809516,1486354,0.0019455252913758159
1606433634.5865743,1487339,0.003952569328248501
1606433683.3669639,1492414,0.002617801073938608
1606433686.4430726,1492731,0.0
1606433697.874202,1494019,0.0
1606433766.8620362,1500250,0.0
1606433775.8782327,1501154,0.0
1606433790.419859,1502682,0.005154639016836882
1606433801.2807436,1503820,0.0026041667442768812
1606433856.2969134,1509976,0.0
1606433861.869208,1510520,0.0
1606433871.893476,1511625,0.0010000000474974513
1606433912.8586745,1515961,0.006451612804085016
1606433936.7713058,1518552,0.0
1606433971.1887243,1522214,0.0
1606433992.7616777,1524567,0.0
1606434033.8548872,1529102,0.0020000000949949026
1606434050.2530558,1530968,0.0
1606434054.1360373,1531364,0.0
1606434151.5053656,1541494,0.003496503457427025
1606434157.7525344,1542188,0.0
1606434160.6941595,1542488,0.0
1606434192.3132586,1545726,0.0010000000474974513
1606434194.6540048,1545964,0.0
1606434235.809147,1550348,0.0010000000474974513
1606434274.9182677,1554149,0.0
1606434304.8665457,1556950,0.0020120723638683558
1606434306.830363,1557134,0.005434782709926367
1606434332.7616165,1559865,0.0012180268531665206
1606434383.8471584,1565421,0.0019193857442587614
1606434410.6746447,1568312,0.001721170381642878
1606434451.5039763,1572689,0.0
1606434469.1220393,1574501,0.0020000000949949026
1606434562.506947,1584229,0.0021276595070958138
1606434576.0504596,1585704,0.0
1606434614.8730445,1589887,0.0
1606434631.9676123,1591698,0.0025706940796226263
1606434750.81117,1594235,0.0020000000949949026
1606434791.6781526,1597341,0.0
1606434807.6407828,1599056,0.0
1606471722.862357,1599244,0.18617020547389984
1606471770.1487002,1604934,0.11599999666213989
1606471775.0344262,1605518,0.11986301094293594
1606471820.7061658,1611119,0.1381578892469406
1606471836.6893291,1613119,0.14900000393390656
1606471840.8772843,1613642,0.1510516256093979
1606471882.5309703,1618840,0.12068965286016464
1606471898.5746121,1620840,0.1420000046491623
1606471899.2910128,1620928,0.15909090638160706
1606471900.2858536,1621052,0.13709677755832672
1606471905.3418317,1621678,0.14696486294269562
1606471919.5083346,1623442,0.14263804256916046
1606471928.9967985,1624625,0.1420765072107315
1606472057.5365427,1640247,0.1090909093618393
1606472067.6869607,1641468,0.15172414481639862
1606472134.0896163,1649402,0.09099999815225601
1606472157.3285625,1652040,0.0
1606472161.2369783,1652470,0.0023255813866853714
1606472174.0091162,1653958,0.0043668122962117195
1606472203.1436758,1657299,0.0
1606472226.4519708,1659973,0.004089979454874992
1606472250.6814256,1662632,0.004728132393211126
1606472374.9665146,1676774,0.005424954928457737
1606472398.393687,1679365,0.0
1606472456.151686,1686034,0.006000000052154064
1606472481.7237024,1688934,0.0
1606472536.0456362,1695119,0.0
1606472542.0682847,1695764,0.001550387591123581
1606472601.4100368,1702478,0.0
1606472602.7462468,1702618,0.0071428571827709675
1606472619.3498425,1704494,0.00800000037997961
1606472630.5622673,1705781,0.0
1606472646.4104698,1707590,0.0
1606472648.2513194,1707780,0.0
1606472651.628861,1708141,0.0
1606472833.9859865,1721015,0.0
1606472857.3328047,1723562,0.0024271844886243343
1606472868.130865,1724731,0.0
1606472880.8451016,1726090,0.0022935778833925724
1606472901.331748,1728415,0.0020491802133619785
1606472959.0713396,1734855,0.0
1606473021.563296,1741766,0.0030549897346645594
1606473039.5214572,1743569,0.0020000000949949026
1606473045.2732582,1744161,0.0016891892300918698
1606473111.8306708,1751367,0.0
1606473155.47473,1755788,0.0
1606473263.7825487,1766546,0.0026385225355625153
1606473301.0205817,1770132,0.003000000026077032
1606473325.6578648,1772726,0.0
1606473345.3660622,1774646,0.0020000000949949026
1606473393.3748019,1779210,0.0
1606473412.3821483,1781210,0.003000000026077032
1606473484.0969617,1788366,0.0
1606473517.7929924,1791782,0.0020000000949949026
1606473550.1752424,1794955,0.0
1606473572.2768648,1797255,0.0
1606473589.3431184,1798887,0.006342494860291481
1606473605.626615,1800542,0.008771929889917374
1606473640.5230203,1803961,0.0017452007159590721
1606473684.9370177,1808124,0.0
1606473718.3453295,1811292,0.0020000000949949026
1606473786.8642924,1817698,0.0018484288593754172
1606473805.684493,1819535,0.0
1606473897.8903642,1828911,0.002200220013037324
1606473950.2025676,1834287,0.004000000189989805
1606473971.1005154,1836497,0.0
1606473984.8088121,1837893,0.004166666883975267
1606473992.9209058,1838637,0.0013440860202535987
1606474072.594379,1840927,0.002583979396149516
1606474086.1338816,1841768,0.0023781212512403727
1606474096.8651247,1842491,0.0
1606474186.8122208,1851771,0.003508772002533078
1606474222.5950782,1855459,0.001721170381642878
1606474223.381174,1855533,0.0
1606474241.2306783,1857236,0.0010000000474974513
1606474278.3612041,1860973,0.001291989698074758
1606474294.440847,1862577,0.0
1606474331.1246648,1866307,0.004228329751640558
1606474351.4014199,1868336,0.011904762126505375
1606474379.505553,1871149,0.0025477707386016846
1606474446.1882331,1878081,0.0015197568573057652
1606474487.4389877,1882718,0.0
1606474505.8509426,1884676,0.0
1606474523.3820484,1886578,0.0
1606474565.6026306,1891274,0.0013262599240988493
1606474578.3493674,1892676,0.0042372881434857845
1606474628.23643,1898097,0.001243781065568328
1606474652.2021978,1900828,0.0
1606474657.2902536,1901403,0.0017391304718330503
1606474748.0005956,1911487,0.0
1606474755.3480248,1912315,0.004830917809158564
1606474763.783627,1913200,0.0
1606474796.9842157,1916853,0.0
1606474811.39261,1918435,0.0017182130832225084
1606474853.979178,1923030,0.0020000000949949026
1606474862.0863438,1923897,0.0
1606474867.3942766,1924466,0.003514938522130251
1606474937.4541018,1932023,0.0
1606474946.8169668,1932860,0.0
1606474948.2078176,1933004,0.0
1606475004.21619,1939130,0.0
1606475020.9345698,1940942,0.0
1606475081.741726,1947437,0.0020964359864592552
1606475094.8524482,1948801,0.004431314766407013
1606475107.0437508,1950129,0.0
1606475115.361891,1950981,0.0
1606475188.6006813,1957506,0.0
1606475290.4681983,1968374,0.0
1606475318.8369186,1971419,0.0
1606475373.5531194,1976985,0.0020000000949949026
1606475401.1035454,1979658,0.0037174720782786608
1606475440.953644,1983810,0.0
1606475476.720843,1987490,0.0012853470398113132
1606475486.7325647,1988525,0.0
1606475506.619839,1990496,0.0
1606475530.273046,1992861,0.0024038462433964014
1606475539.3472455,1993861,0.004000000189989805
1606475546.2861683,1994643,0.0012787723680958152
1606475615.6944854,2001960,0.0
1606475738.199837,2013446,0.003703703638166189
1606475780.7477896,2017909,0.0
1606475827.9134228,2022659,0.0
1606475842.415075,2024016,0.0
1606475864.0284014,2026254,0.002844950184226036
1606475920.011771,2032212,0.001683501643128693
1606475959.8875756,2036100,0.0010000000474974513
1606475997.4245186,2039504,0.0
1606476023.7134495,2041953,0.0
1606476031.9441602,2042687,0.0
1606476074.3758702,2046923,0.003838771488517523
1606476094.8009539,2048888,0.0
1606476101.94608,2049615,0.0013755158288404346
1606476120.4480665,2051349,0.003000000026077032
1606476137.094013,2052459,0.005163511261343956
1606476152.295299,2053459,0.003000000026077032
1606476156.5500915,2053780,0.0031152646988630295
1606476191.4652727,2056660,0.0
1606476203.9767315,2057968,0.0
1606476217.4887493,2059389,0.0
1606476223.0629883,2059986,0.0016750418581068516
1606476224.2071855,2060096,0.0
1606476233.440725,2061096,0.0
1606476235.7500844,2061319,0.0
1606476251.3846943,2062954,0.0020000000949949026
1606476253.8833632,2063192,0.0
1606476294.467081,2067673,0.003759398590773344
1606476331.1432738,2071722,0.0
1606476335.3188474,2072155,0.0032362460624426603
1606476345.366687,2073246,0.0033003301359713078
1606476446.2445893,2079938,0.0038910505827516317
1606476497.6169076,2084778,0.002607561880722642
1606476505.0145621,2085472,0.0
1606476506.3049772,2085582,0.0
1606476542.4059312,2089131,0.012345679104328156
1606476586.8993285,2092961,0.0010000000474974513
1606476607.5300748,2094980,0.004999999888241291
1606476644.723227,2098774,0.0012345679569989443
1606476724.391379,2106597,0.0
1606476754.1075804,2109689,0.0
1606476767.8997562,2111178,0.0
1606476783.057223,2112773,0.0
1606476825.1081038,2116994,0.0010000000474974513
1606476863.1015317,2120696,0.0
1606476872.2097902,2121501,0.0038022813387215137
1606476895.396085,2123501,0.0
1606476900.415328,2123959,0.0
1606476971.258413,2130752,0.0010000000474974513
1606477050.9739294,2138895,0.0020000000949949026
1606477060.0572772,2139818,0.0010834236163645983
1606477101.6161811,2144092,0.0026385225355625153
1606477190.344653,2152876,0.0020000000949949026
1606477209.4724107,2154638,0.0014124293811619282
1606477227.0465102,2156408,0.0010000000474974513
1606477302.3294683,2163743,0.001287001301534474
1606477347.7227294,2168242,0.0025873221457004547
1606477388.1002898,2172263,0.0
1606477394.3759964,2172931,0.0
1606477413.1223402,2174880,0.0010000000474974513
1606477419.3994575,2175460,0.0
1606477426.386401,2176192,0.0027322403620928526
1606477513.846428,2184891,0.0010000000474974513
1606477548.9307938,2188224,0.001461988314986229
1606477553.969649,2188647,0.0
1606477731.5460305,2196567,0.0
1606477783.97448,2201796,0.0
1606477830.6602788,2206325,0.0
1606477847.8203824,2207977,0.007518797181546688
1606477850.271148,2208181,0.009803921915590763
1606477872.515953,2210362,0.005524862091988325
1606477897.3542643,2212799,0.0
1606477983.5036006,2221304,0.0020000000949949026
1606477996.776928,2222652,0.0
1606477997.719806,2222721,0.014492753893136978
1606478001.6538932,2223107,0.005181347019970417
1606478047.376233,2227285,0.001055966247804463
1606478088.7130554,2231390,0.0
1606478166.695757,2239269,0.0
1606478269.7836432,2249955,0.00413223123177886
1606478300.0702918,2252810,0.0
1606478333.2887063,2256251,0.004000000189989805
1606478334.9266593,2256402,0.013245033100247383
1606478360.1397462,2258949,0.0031645570416003466
1606478396.6884413,2262709,0.0
1606478417.84507,2264760,0.007766990456730127
1606478427.733057,2265760,0.0
1606478439.7460988,2267063,0.0
1606478483.7675054,2271473,0.0
1606478485.255338,2271622,0.0
1606478500.9608533,2273165,0.0
1606478530.6258445,2276064,0.007246376946568489
1606478546.947982,2277634,0.0032786885276436806
1606478654.7290337,2288210,0.0030395137146115303
1606478677.0404515,2290363,0.0
1606478713.2133098,2294230,0.0
1606478750.4137363,2297994,0.0
1606478784.489499,2301361,0.0012345679569989443
1606478808.7267072,2303911,0.001818181830458343
1606478878.9557295,2311168,0.0017605633474886417
1606478930.3108838,2316700,0.0031250000465661287
1606479057.938695,2320173,0.0014124293811619282
1606479066.6672757,2321173,0.0020000000949949026
1606479183.9497356,2334057,0.0
1606479196.0519595,2335405,0.001396648003719747
