Wall time,Step,Value
1606417865.023124,3879,0.12167300283908844
1606417950.0796058,12400,0.14100000262260437
1606417985.672855,16098,0.0962962955236435
1606418066.0723894,24249,0.16322702169418335
1606418083.6589847,26143,0.15100671350955963
1606418109.6966984,28896,0.13699999451637268
1606418113.3806078,29293,0.1433333307504654
1606418158.253626,33944,0.15238095819950104
1606418164.8897648,34663,0.12162162363529205
1606418230.0353982,40801,0.14765100181102753
1606418254.9872043,43240,0.14123006165027618
1606418349.4333193,53097,0.014925372786819935
1606418385.6099043,56528,0.026000000536441803
1606418392.469854,57185,0.04901960864663124
1606418395.6884618,57493,0.051948051899671555
1606418439.8005352,61688,0.03846153989434242
1606418489.1607864,65928,0.007220216561108828
1606418567.0800433,72609,0.02298850566148758
1606418656.332424,80487,0.041999999433755875
1606418676.0133042,82272,0.0289608184248209
1606418698.5283728,84267,0.056179776787757874
1606418757.138397,89527,0.0367346927523613
1606418763.5215802,90074,0.04387568682432175
1606418825.3077445,95432,0.02850877121090889
1606418836.9102333,96430,0.03999999910593033
1606418850.5953574,97620,0.05263157933950424
1606418856.522815,98130,0.045098040252923965
1606418880.170694,100198,0.039840638637542725
1606418912.193835,102984,0.06611569970846176
1606419075.2659354,107111,0.04461538419127464
1606419085.797152,108032,0.0662323534488678
1606419119.429233,110943,0.030643513426184654
1606419219.2788749,119561,0.10400000214576721
1606419275.8148198,124546,0.06400000303983688
1606419304.527102,127067,0.026570048183202744
1606419321.191343,128512,0.03921568766236305
1606419412.4424305,136148,0.04266666620969772
1606419459.5917833,140037,0.03929273039102554
1606419506.5941684,144099,0.06599999964237213
1606419570.8337197,149649,0.02500000037252903
1606419596.43149,151826,0.033530570566654205
1606419611.6864936,153081,0.03200000151991844
1606419725.7633648,162860,0.049140047281980515
1606419758.506291,165745,0.029999999329447746
1606419759.6910012,165849,0.048076923936605453
1606419800.2776177,169440,0.03539822995662689
1606419828.1543193,171871,0.030379746109247208
1606419841.8874304,173078,0.019323671236634254
1606419902.3207414,178116,0.039182282984256744
1606419914.1371894,179116,0.04399999976158142
1606419961.1405182,183527,0.037383176386356354
1606419974.239552,184752,0.039603959769010544
1606420019.3995047,188859,0.06321839243173599
1606420074.1706314,194122,0.04899999871850014
1606420186.7537534,204712,0.04100000113248825
1606420218.8654234,207692,0.032999999821186066
1606420277.006896,213301,0.02500000037252903
1606420288.8993356,214404,0.009708737954497337
1606420628.8727431,241379,0.010869565419852734
1606420634.2991211,241905,0.0874524712562561
1606420647.2653453,243200,0.07900000363588333
1606420690.463125,247372,0.04600000008940697
1606420763.4751909,254219,0.08029197156429291
1606420779.4883387,255759,0.057999998331069946
1606420789.938229,256759,0.06599999964237213
1606420821.394626,259759,0.032999999821186066
1606420852.1222556,262685,0.06800000369548798
1606420881.5767272,265403,0.08888889104127884
1606420897.8645158,266978,0.02118644118309021
1606420908.3269908,267978,0.041999999433755875
1606420958.2749672,272695,0.0820000022649765
1606421045.5932937,281050,0.02222222276031971
1606421061.8922455,282652,0.050999999046325684
1606421150.728446,291209,0.11558854579925537
1606421179.8293595,294035,0.050999999046325684
1606421191.6204169,295195,0.07500000298023224
1606421222.000801,297967,0.055699482560157776
1606421276.6026568,303150,0.06209150329232216
1606421331.4179308,308382,0.054999999701976776
1606421352.565533,310382,0.10899999737739563
1606421383.783917,313382,0.0949999988079071
1606421419.9653342,316945,0.11711711436510086
1606421443.2820582,319125,0.11688311398029327
1606421522.5692494,326671,0.04301075264811516
1606421570.5881681,331233,0.08286252617835999
1606421621.7289438,336139,0.06400000303983688
1606421637.8897183,337651,0.11320754885673523
1606421689.97736,342544,0.13199999928474426
1606421702.6723726,343692,0.052000001072883606
1606421713.5626132,344692,0.03799999877810478
1606421725.8636198,345867,0.06400000303983688
1606421746.0749593,347867,0.04100000113248825
1606421756.26488,348867,0.07000000029802322
1606421799.2842274,353026,0.06300000101327896
1606421804.6510174,353509,0.028985507786273956
1606421885.1628158,359154,0.11100000143051147
1606421921.1308596,362655,0.09876543283462524
1606421936.2738528,364129,0.11400000005960464
1606421973.936945,367642,0.09494949132204056
1606422018.7038527,371826,0.041999999433755875
1606422038.8143513,373826,0.07000000029802322
1606422138.0469954,383285,0.0625
1606422170.7828674,386463,0.17283950746059418
1606422174.1094427,386781,0.08176100999116898
1606422188.8268132,388176,0.07848101109266281
1606422193.1485498,388584,0.15060241520404816
1606422203.6986287,389584,0.0949999988079071
1606422221.581287,391286,0.07814569771289825
1606422308.9599516,399509,0.16509434580802917
1606422331.9781325,401626,0.0689999982714653
1606422372.8325894,405424,0.10499999672174454
1606422402.361376,408291,0.08399999886751175
1606422428.0940042,410725,0.10199999809265137
1606422462.1676886,413951,0.0820000022649765
1606422472.5137918,414949,0.08316633105278015
1606422495.5013223,417145,0.019417475908994675
1606422541.505326,421582,0.03200000151991844
1606422635.550858,430707,0.06800000369548798
1606422677.746061,434300,0.0689999982714653
1606422692.2875037,435573,0.028999999165534973
1606422769.3706725,442848,0.0628930851817131
1606422806.1343663,446370,0.07088122516870499
1606422825.673146,448244,0.07100000232458115
1606422829.2534392,448599,0.06197183206677437
1606422837.1383727,449292,0.07215007394552231
1606422856.9746637,451185,0.05958549305796623
1606422896.9353302,455093,0.11788617819547653
1606422916.5635264,457093,0.061000000685453415
1606422926.7993314,458093,0.05900000035762787
1606422954.3686695,460725,0.04899999871850014
1606422987.463336,463995,0.032999999821186066
1606423004.0287375,465614,0.09170305728912354
1606423006.076812,465813,0.05025125667452812
1606423036.5009377,468797,0.041999999433755875
1606423108.8100116,475820,0.061000000685453415
1606423135.2652612,478431,0.0732758641242981
1606423136.0459883,478501,0.12857143580913544
1606423146.161269,479501,0.05900000035762787
1606423166.3687615,481501,0.057999998331069946
1606423168.606303,481719,0.11467889696359634
1606423224.604597,487069,0.03799999877810478
1606423252.1856236,489733,0.109375
1606423256.3410547,490125,0.06887754797935486
1606423277.8262875,492125,0.07400000095367432
1606423299.081385,494125,0.061000000685453415
1606423315.0013225,495616,0.04358353465795517
1606423316.7649882,495796,0.10000000149011612
1606423319.016416,495922,0.15079365670681
1606423342.5415976,498172,0.07900000363588333
1606423379.5920138,500286,0.09238249808549881
1606423417.0583668,503553,0.12700000405311584
1606423418.857914,503715,0.16049382090568542
1606423419.459774,503785,0.15714286267757416
1606423461.0378096,507778,0.0729999989271164
1606423584.9574215,519885,0.20408163964748383
1606423615.0756252,522919,0.06534954160451889
1606423620.2596457,523395,0.027397260069847107
1606423657.3046365,527111,0.07400000095367432
1606423799.8442447,541096,0.06499999761581421
1606423808.9192429,541954,0.05082591995596886
1606423836.387737,544676,0.2666666805744171
1606423857.2610803,546676,0.057999998331069946
1606423884.5114572,549437,0.14678898453712463
1606423895.151269,550492,0.14418604969978333
1606423921.7151268,553093,0.14107884466648102
1606423941.7782407,555098,0.10526315867900848
1606423960.6775858,556931,0.06199999898672104
1606423987.878909,559668,0.05900000035762787
1606424002.546267,561100,0.06700000166893005
1606424029.3275466,563766,0.06896551698446274
1606424044.6056356,565304,0.07500000298023224
1606424057.9969788,566677,0.10300000011920929
1606424071.2476668,567991,0.11693548411130905
1606424107.030347,571528,0.07000000029802322
1606424108.388,571664,0.09558823704719543
1606424121.1233938,572923,0.10596026480197906
1606424157.2793996,576636,0.054999999701976776
1606424162.211204,577106,0.12037037312984467
1606424195.7804377,580453,0.17924527823925018
1606424200.839447,580956,0.08695652335882187
1606424212.5385857,582153,0.05282331630587578
1606424217.801711,582688,0.059813085943460464
1606424266.3100765,587831,0.07874015718698502
1606424268.4711602,588047,0.0972222238779068
1606424298.4995885,591119,0.10899999737739563
1606424307.91595,592049,0.24812030792236328
1606424317.712083,593049,0.14100000262260437
1606424324.1665223,593693,0.18681319057941437
1606424333.6445453,594693,0.2029999941587448
1606424339.5559492,595258,0.20560747385025024
1606424341.2057962,595412,0.20779220759868622
1606424385.6691468,599544,0.10400000214576721
1606424412.5146234,601051,0.230158731341362
1606424419.7375994,601610,0.06818182021379471
1606424425.110742,602150,0.09447004646062851
1606424430.6749082,602709,0.059033989906311035
1606424454.3383095,605032,0.09401709586381912
1606424466.9146702,606222,0.12376237660646439
1606424509.8031,610353,0.19696970283985138
1606424511.5454917,610509,0.22727273404598236
1606424544.8301268,613881,0.07000000029802322
1606424574.858089,617083,0.08399999886751175
1606424610.6280057,620532,0.13636364042758942
1606424670.6038508,626626,0.24637681245803833
1606424697.6583116,629407,0.06300000101327896
1606424700.3874965,629685,0.19696970283985138
1606424710.6251984,630768,0.07199999690055847
1606424722.9711406,632073,0.09473684430122375
1606424730.5985637,632831,0.16455696523189545
1606424741.943327,634019,0.05319149047136307
1606424764.1071966,636097,0.13636364042758942
1606424764.8844736,636163,0.07575757801532745
1606424795.1795835,639248,0.04507042095065117
1606424815.571501,641306,0.04800000041723251
1606424829.2765653,642717,0.1515151560306549
1606424830.0152369,642799,0.19512194395065308
1606424865.6352994,646411,0.19117647409439087
1606424880.9478743,647944,0.041860464960336685
1606424913.010582,651190,0.04500000178813934
1606424915.6777318,651441,0.1492537260055542
1606424958.4809418,655760,0.1184210553765297
1606424965.2310877,656441,0.08076358586549759
1606424980.0050642,657922,0.10294117778539658
1606424981.4442635,658061,0.12230215966701508
1606424982.271096,658128,0.20895522832870483
1606425040.8184633,664105,0.15028901398181915
1606425070.4616795,667203,0.07699999958276749
1606425115.5796454,672002,0.07000000029802322
1606425116.172465,672068,0.13636364042758942
1606425135.8074796,674047,0.1111111119389534
1606425149.5855212,674413,0.1444866955280304
1606425167.343145,676151,0.08799999952316284
1606425171.3113377,676525,0.15584415197372437
1606425276.2816484,686859,0.07299269735813141
1606425296.7121055,688859,0.057999998331069946
1606425298.7079284,689054,0.10569106042385101
1606425317.2050104,690866,0.15199999511241913
1606425336.7368152,692954,0.08105369657278061
1606425366.3927279,695936,0.09071037918329239
1606425373.346353,696643,0.12800000607967377
1606425389.9467232,698323,0.06871165335178375
1606425428.477479,702201,0.1666666716337204
1606425445.535171,704003,0.09756097197532654
1606425466.110428,706050,0.21212121844291687
1606425493.0096545,708863,0.095238097012043
1606425493.7867799,708931,0.05882352963089943
1606425524.638397,712097,0.1267605572938919
1606425547.1711504,714333,0.0882352963089943
1606425569.6806324,716544,0.1625615805387497
1606425575.7930145,717178,0.13564668595790863
1606425583.8000576,717984,0.3636363744735718
1606425624.50954,721986,0.17391304671764374
1606425627.1937492,722211,0.1428571492433548
1606425630.7454345,722561,0.1306532621383667
1606425652.3262072,724566,0.17499999701976776
1606425668.9711556,726262,0.13036565482616425
1606425670.9691517,726453,0.14659686386585236
1606425722.1727448,731619,0.14399999380111694
1606425756.5372634,735026,0.3484848439693451
1606425795.0012057,738818,0.18021202087402344
1606425811.499548,740550,0.21188119053840637
1606425814.1084018,740806,0.203125
1606425815.7635264,740974,0.2142857164144516
1606425819.5030327,741353,0.17678099870681763
1606425917.636481,747074,0.3863928020000458
1606425918.4954972,747154,0.23749999701976776
1606425932.7481124,748602,0.27374300360679626
1606425942.1913753,749600,0.2287047803401947
1606425950.866652,750489,0.3103448152542114
1606425958.6963108,751300,0.2644295394420624
1606425974.5108411,752956,0.28421053290367126
1606425977.6707265,753259,0.2763157784938812
1606425981.739536,753630,0.13178294897079468
1606426048.9686165,760442,0.2105943113565445
1606426049.7747514,760512,0.15714286267757416
1606426066.652214,762129,0.12272727489471436
1606426079.5777597,763296,0.21904762089252472
1606426083.0206897,763608,0.11858974397182465
1606426092.1657,764539,0.2291666716337204
1606426098.8465848,765217,0.29901960492134094
1606426100.4984682,765386,0.21301774680614471
1606426146.5101104,770405,0.2278480976819992
1606426159.9510245,771784,0.18617020547389984
1606426201.060145,775762,0.13953489065170288
1606426201.847816,775828,0.21212121844291687
1606426212.8325427,776958,0.20792078971862793
1606426270.0763264,782600,0.18579235672950745
1606426280.7792013,783683,0.1644444465637207
1606426285.2387042,784137,0.18942731618881226
1606426287.243986,784333,0.1683168262243271
1606426321.4624422,787986,0.18700000643730164
1606426339.587138,789775,0.232876718044281
1606426340.548081,789864,0.2808988690376282
1606426370.505502,792908,0.1701570749282837
1606426381.4754224,794037,0.09090909361839294
1606426384.313986,794310,0.1785714328289032
1606426398.7681444,795727,0.16923077404499054
1606426411.8154228,796907,0.19402985274791718
1606426433.0139525,798334,0.22522522509098053
1606426436.4025967,798688,0.1497175097465515
1606426453.2161942,800451,0.20353981852531433
1606426475.8571305,802664,0.054913293570280075
1606426493.9210634,804292,0.19696970283985138
1606426496.6561952,804563,0.18450184166431427
1606426502.6902218,805097,0.3142857253551483
1606426517.3439918,806599,0.1204819306731224
1606426522.9230223,807120,0.2109375
1606426525.5589926,807339,0.2789115607738495
1606426530.0377028,807717,0.1855670064687729
1606426536.5957334,808360,0.21250000596046448
1606426539.5334349,808631,0.1818181872367859
1606426565.4741087,811205,0.16042780876159668
1606426599.081284,814629,0.1666666716337204
1606426613.0954528,816034,0.09090909361839294
1606426616.6514041,816383,0.16587677597999573
1606426619.31144,816634,0.17131474614143372
1606426631.260081,817833,0.2524752616882324
1606426632.0299354,817900,0.1492537260055542
1606426668.1655908,821602,0.1782178282737732
1606426676.431938,822418,0.1516483575105667
1606426682.8275466,823098,0.1764705926179886
1606426689.86371,823717,0.1583198755979538
1606426698.5438952,824580,0.19455252587795258
1606426709.977603,825714,0.14159291982650757
1606426725.7165108,827305,0.13636364042758942
1606426726.3103747,827371,0.19696970283985138
1606426752.5797184,830101,0.13503649830818176
1606426753.8510265,830224,0.1463414579629898
1606426783.3614764,833336,0.25806450843811035
1606426790.562362,834072,0.1542857140302658
1606426792.647462,834272,0.11940298229455948
1606426797.9023697,834769,0.16993464529514313
1606426805.8591187,835524,0.21118012070655823
1606426806.8859146,835622,0.1428571492433548
1606426808.5335362,835784,0.23333333432674408
1606426810.4679596,835971,0.25668448209762573
1606426815.8475327,836527,0.24460431933403015
1606426822.302165,837146,0.14102564752101898
1606426853.9225202,840313,0.23188406229019165
1606426870.258719,841983,0.13953489065170288
1606426886.8339684,843698,0.1603773534297943
1606426905.5512877,845534,0.1720000058412552
1606426906.4098942,845606,0.1527777761220932
1606426930.4137032,847956,0.18888889253139496
1606426973.224513,849429,0.1764705926179886
1606427005.7831237,852896,0.16935484111309052
1606427015.2395778,853820,0.10144927352666855
1606427022.077121,854564,0.18316100537776947
1606427034.5106432,855938,0.16417910158634186
1606427054.408413,857999,0.1756373941898346
1606427055.3536391,858087,0.13636364042758942
1606427063.6328745,858925,0.16613417863845825
1606427075.9440305,860092,0.21212121844291687
1606427084.2028608,860770,0.1344086080789566
1606427136.071029,865928,0.10606060922145844
1606427141.561124,866469,0.22477063536643982
1606427153.8180337,867666,0.20270270109176636
1606427154.715615,867748,0.12195122241973877
1606427155.7891922,867851,0.1456310749053955
1606427215.2458596,874040,0.07199999690055847
1606427269.7854223,879799,0.1818181872367859
1606427295.7924588,882585,0.15299999713897705
1606427307.9994693,883795,0.14492753148078918
1606427329.6908796,885953,0.1428571492433548
1606427336.53794,886609,0.1666666716337204
1606427338.5898066,886809,0.22680412232875824
1606427344.6379468,887454,0.151982381939888
1606427353.5840888,888348,0.1489361673593521
1606427358.570575,888827,0.14018692076206207
1606427361.6427515,889123,0.1314285695552826
1606427379.4288337,891035,0.11583011597394943
1606427382.8076952,891358,0.17692308127880096
1606427398.6775022,893054,0.12546125054359436
1606427421.1823628,895329,0.21212121844291687
1606427427.0308924,895828,0.1690140813589096
1606427456.9628232,898867,0.1818181872367859
1606427457.7649765,898934,0.17910447716712952
1606427458.5253282,899000,0.13636364042758942
1606427515.4658334,904847,0.1304347813129425
1606427554.167198,906778,0.16466739773750305
1606427570.282121,908437,0.16200000047683716
1606427587.7340856,910248,0.1420000046491623
1606427591.8462183,910574,0.16564416885375977
1606427598.8434947,911254,0.15068493783473969
1606427602.8619611,911628,0.18125000596046448
1606427604.2274537,911766,0.08695652335882187
1606427626.6347013,914142,0.19864559173583984
1606427629.1425295,914334,0.1666666716337204
1606427638.5255637,915307,0.20096851885318756
1606427642.9407377,915737,0.15976330637931824
1606427654.6143608,916958,0.17473118007183075
1606427660.112025,917529,0.12121212482452393
1606427667.2017653,918238,0.08219178020954132
1606427684.0058315,919985,0.16181817650794983
1606427721.452429,923813,0.25974026322364807
1606427752.2059236,927024,0.16599999368190765
1606427761.4202387,928024,0.13500000536441803
1606427762.4116585,928120,0.125
1606427764.8053567,928360,0.19354838132858276
1606427773.8384395,929360,0.16300000250339508
1606427782.3859046,930278,0.13262911140918732
1606427796.944478,931713,0.10804598033428192
1606427808.1969497,932898,0.09316769987344742
1606427819.8271263,934191,0.2238806039094925
1606427826.47321,934827,0.18450184166431427
1606427836.6775546,935902,0.1599999964237213
1606427865.601899,938869,0.21212121844291687
1606427870.519098,939342,0.22727273404598236
1606427879.915313,940277,0.15032680332660675
1606427895.0879407,941809,0.1418439745903015
1606427904.5104141,942763,0.10837438702583313
1606427914.078713,943829,0.1818181872367859
1606427916.576285,944098,0.16356877982616425
1606427942.973635,946758,0.1428571492433548
1606427956.475615,948070,0.2160000056028366
1606427959.2294405,948308,0.20952381193637848
1606427962.251822,948594,0.21212121844291687
1606427972.432367,949594,0.07699999958276749
1606427985.8726344,951008,0.17073170840740204
1606427987.158868,951139,0.19083969295024872
1606427989.4756958,951372,0.17142857611179352
1606428011.2123454,953621,0.13699999451637268
1606428012.3141632,953726,0.10476190596818924
1606428030.1849034,955485,0.232876718044281
1606428032.0336814,955614,0.20155039429664612
1606428039.2463517,956305,0.1818181872367859
1606428045.800305,956889,0.15962441265583038
1606428057.6460502,958042,0.21568627655506134
1606428070.5427456,959357,0.24799999594688416
1606428091.391419,961318,0.19696970283985138
1606428098.60378,962047,0.16465863585472107
1606428107.4604843,962955,0.1425287425518036
1606428110.68518,963287,0.16867469251155853
1606428121.8276846,964424,0.1733333319425583
1606428137.493641,966091,0.2006920427083969
1606428260.9352434,968388,0.17763157188892365
1606428265.3160694,968802,0.09565217047929764
1606428296.9295433,972054,0.13680781424045563
1606428311.7793772,973599,0.13793103396892548
1606428323.5439076,974704,0.0476190485060215
1606428340.6172018,976266,0.1304347813129425
1606428341.424704,976337,0.1690140813589096
1606428343.8019857,976563,0.15789473056793213
1606428351.658905,977348,0.23745819926261902
1606428352.4140646,977414,0.22727273404598236
1606428368.770973,979182,0.20477814972400665
1606428371.2109115,979315,0.10606060922145844
1606428372.4685802,979437,0.16393442451953888
1606428389.5524375,981140,0.1538461595773697
1606428399.3205323,982156,0.08510638028383255
1606428412.9522042,983502,0.07096774131059647
1606428441.6152327,986440,0.13600000739097595
1606428457.4035065,988066,0.1818181872367859
1606428470.9853961,989514,0.19216646254062653
1606428500.060499,992406,0.16161616146564484
1606428507.8188922,993123,0.1325301229953766
1606428513.9118416,993708,0.16887417435646057
1606428519.159772,994211,0.12280701845884323
1606428522.8781502,994579,0.23157894611358643
1606428527.6350193,995052,0.12473572790622711
1606428529.526231,995224,0.25
1606428545.0847416,996735,0.12903225421905518
1606428548.8367426,997124,0.19794344902038574
1606428550.6987484,997314,0.17368420958518982
1606428557.759764,998084,0.15680000185966492
1606428579.7691774,1000209,0.11764705926179886
1606428580.5508866,1000297,0.1931818127632141
1606428587.1985586,1000983,0.1702127605676651
1606428600.9829242,1002315,0.16342411935329437
1606428620.6453698,1004278,0.18877550959587097
1606428676.9262042,1010053,0.34328359365463257
1606428722.299888,1014726,0.15051020681858063
1606428739.1069002,1016466,0.14077669382095337
1606428741.26272,1016692,0.190265491604805
1606428743.682001,1016922,0.18987341225147247
1606428785.6169543,1020598,0.2028985470533371
1606428788.5107055,1020786,0.24637681245803833
1606428794.5662274,1021384,0.18103447556495667
1606428838.711482,1026041,0.17100000381469727
1606428861.9644728,1028333,0.1138996109366417
1606428863.859926,1028515,0.2142857164144516
1606428899.2498858,1032058,0.16203702986240387
1606428929.9860137,1035301,0.17847411334514618
1606428950.557876,1037537,0.2637362778186798
1606428951.7335696,1037656,0.16806723177433014
1606428956.5340462,1038147,0.20540539920330048
1606428966.7485023,1039213,0.3636363744735718
1606428982.7897751,1040824,0.12318840622901917
1606429029.7996457,1045706,0.16417910158634186
1606429058.0531046,1048569,0.1080000028014183
1606429059.169155,1048636,0.13432836532592773
1606429085.1661856,1051018,0.20000000298023224
1606429086.7534642,1051183,0.1764705926179886
1606429090.1183884,1051503,0.26923078298568726
1606429091.4873173,1051646,0.21678321063518524
1606429093.5190048,1051856,0.1428571492433548
1606429119.034823,1054383,0.20325203239917755
1606429123.0458977,1054772,0.15677966177463531
1606429139.8232067,1056466,0.1834319531917572
1606429150.0001464,1057476,0.14685314893722534
1606429156.9286952,1058151,0.18487395346164703
1606429159.1661055,1058364,0.14678898453712463
1606429164.51751,1058877,0.14903846383094788
1606429175.0497384,1059888,0.20895522832870483
1606429186.7667787,1061034,0.19211822748184204
1606429192.9366071,1061638,0.1666666716337204
1606429197.055681,1062057,0.22972972691059113
1606429201.877098,1062521,0.1621621549129486
1606429232.854579,1065608,0.25971370935440063
1606429233.6082606,1065692,0.2023809552192688
1606429268.06478,1069122,0.12318840622901917
1606429271.231796,1069428,0.1666666716337204
1606429312.6285195,1073622,0.20000000298023224
1606429314.6586394,1073823,0.1442786008119583
1606429315.8357656,1073941,0.16949152946472168
1606429316.5917315,1074010,0.17391304671764374
1606429320.7797475,1074367,0.15189872682094574
1606429382.1784947,1075490,0.13214285671710968
1606429406.150723,1077353,0.1325301229953766
1606429410.2496219,1077765,0.14077669382095337
1606429419.5303895,1078749,0.2666666805744171
1606429445.561743,1081389,0.19333332777023315
1606429454.0510564,1082223,0.1661631464958191
1606429461.999141,1083014,0.4029850661754608
1606429465.813257,1083383,0.12612612545490265
1606429466.5839088,1083449,0.27272728085517883
1606429492.7353702,1086118,0.18861210346221924
1606429499.7912304,1086846,0.16931216418743134
1606429516.3695343,1088564,0.19811320304870605
1606429530.92192,1090009,0.20427553355693817
1606429544.3145268,1091407,0.1627907007932663
1606429607.6136413,1097873,0.18309858441352844
1606429615.5374522,1098653,0.19797979295253754
1606429619.698055,1099062,0.2526881694793701
1606429626.8036897,1099749,0.1899999976158142
1606429633.8389225,1100424,0.14912280440330505
1606429656.3212147,1102705,0.18867924809455872
1606429666.3596733,1103718,0.32048192620277405
1606429678.7538352,1105082,0.1940000057220459
1606429728.8408175,1110284,0.1894736886024475
1606429755.188833,1112857,0.17424242198467255
1606429756.2751088,1112964,0.21495327353477478
1606429775.1272154,1115072,0.22100000083446503
1606429806.0584922,1118344,0.1809999942779541
1606429825.695389,1120356,0.1711864471435547
1606429829.7250838,1120766,0.21463415026664734
1606429831.7339416,1120968,0.18316832184791565
1606429832.485106,1121034,0.1818181872367859
1606429835.3254108,1121316,0.1702127605676651
1606429836.806327,1121471,0.26451611518859863
1606429866.8252368,1124739,0.1944444477558136
1606429929.6971705,1131221,0.328000009059906
1606429939.0736177,1132221,0.20399999618530273
1606429940.9759164,1132402,0.2209944725036621
1606429952.0473716,1133497,0.34140968322753906
1606430010.7886968,1138726,0.4480000138282776
1606430020.50792,1139799,0.5180000066757202
1606430055.0703938,1143439,0.3679039180278778
1606430055.89739,1143514,0.14666666090488434
1606430059.1012251,1143817,0.24468085169792175
1606430060.6260471,1143967,0.16455696523189545
1606430065.1546576,1144425,0.25109168887138367
1606430075.6169221,1145558,0.1654135286808014
1606430125.9059184,1150852,0.3181818127632141
1606430141.8154676,1152513,0.3199999928474426
1606430146.1273232,1152928,0.26050421595573425
1606430161.271737,1154501,0.1318681389093399
1606430177.8257267,1156163,0.14795918762683868
1606430181.0151732,1156492,0.24316109716892242
1606430204.3246403,1158925,0.1785714328289032
1606430212.7870946,1159764,0.2922673523426056
1606430216.320086,1160119,0.202816903591156
1606430236.858309,1162221,0.15168538689613342
1606430255.8046064,1164311,0.18888889253139496
1606430280.3853602,1166782,0.24260355532169342
1606430286.0273995,1167365,0.20000000298023224
1606430288.170235,1167568,0.14049586653709412
1606430293.0633798,1168038,0.20529800653457642
1606430340.477736,1172754,0.21621622145175934
1606430346.4268336,1173269,0.20270270109176636
1606430347.4192417,1173337,0.27941176295280457
1606430348.7901156,1173439,0.1764705926179886
1606430394.5976892,1177450,0.21799999475479126
1606430423.9062655,1180111,0.18852458894252777
1606430456.681565,1183396,0.25441697239875793
1606430522.4892986,1189728,0.18233618140220642
1606430537.9550755,1191326,0.15068493783473969
1606430545.7147634,1192190,0.14814814925193787
1606430559.5818965,1193636,0.2160000056028366
1606430594.1632025,1197306,0.22727273404598236
1606430613.9236972,1199246,0.22047244012355804
1606430623.4187493,1200236,0.18400000035762787
1606430742.6771193,1202547,0.20000000298023224
1606430747.7278912,1203077,0.19471947848796844
1606430751.9007611,1203503,0.15584415197372437
1606430754.975281,1203814,0.2624434530735016
1606430761.2291987,1204496,0.12980769574642181
1606430767.5888116,1205121,0.20370370149612427
1606430770.1682882,1205379,0.1821705400943756
1606430780.7138267,1206391,0.1741573065519333
1606430796.3960087,1208054,0.16300000250339508
1606430799.2970014,1208348,0.14084507524967194
1606430805.1223273,1208934,0.15573769807815552
1606430822.4923072,1210676,0.16417910158634186
1606430834.6283603,1211878,0.21799999475479126
1606430837.6507254,1212189,0.1929260492324829
1606430838.790202,1212298,0.3302752375602722
1606430860.6377654,1214530,0.14018692076206207
1606430891.5437677,1217777,0.11340206116437912
1606430900.9061606,1218859,0.1899999976158142
1606430907.008546,1219495,0.3333333432674408
1606430924.9081495,1221495,0.19499999284744263
1606430926.8217826,1221675,0.1458333283662796
1606430970.1424878,1226314,0.20744681358337402
1606430990.1452746,1228523,0.20200000703334808
1606431051.965421,1235267,0.1818181872367859
1606431056.9542713,1235757,0.20437955856323242
1606431107.3411303,1241080,0.22448979318141937
1606431163.9681795,1247309,0.1617647111415863
1606431165.1492772,1247429,0.13333334028720856
1606431188.2805383,1250009,0.1515151560306549
1606431190.0216916,1250199,0.15263158082962036
1606431192.4624512,1250429,0.19354838132858276
1606431197.4448187,1250943,0.24444444477558136
1606431205.0901039,1251699,0.22123894095420837
1606431219.178321,1253162,0.2118380069732666
1606431225.2722316,1253795,0.1840607225894928
1606431281.9386663,1259155,0.19197708368301392
1606431327.7367568,1264037,0.24799999594688416
1606431333.4648168,1264596,0.15584415197372437
1606431347.4097562,1265917,0.2649572789669037
1606431351.165897,1266323,0.2068965584039688
1606431383.9375918,1268711,0.2164948433637619
1606431391.0871818,1269465,0.20364238321781158
1606431470.4772995,1277958,0.11999999731779099
1606431489.8016114,1280037,0.24899999797344208
1606431497.3120031,1280765,0.2626262605190277
1606431507.8392973,1281898,0.13291139900684357
1606431511.352004,1282248,0.18571428954601288
1606431513.3598015,1282447,0.25925925374031067
1606431515.5246031,1282673,0.22566372156143188
1606431529.4788837,1284057,0.23357664048671722
1606431583.1063673,1289768,0.15000000596046448
1606431597.256133,1291234,0.19945354759693146
1606431626.211921,1294263,0.1651376187801361
1606431633.6502428,1295037,0.2203703671693802
1606431635.0530539,1295179,0.09210526198148727
1606431647.7345164,1296455,0.17094017565250397
1606431655.807259,1297329,0.20000000298023224
1606431703.786616,1302456,0.20158103108406067
1606431710.1144397,1303140,0.18656715750694275
1606431722.0707812,1304391,0.1826484054327011
1606431751.5948966,1307429,0.11599999666213989
1606431770.0328827,1309455,0.14705882966518402
1606431780.2407696,1310455,0.17399999499320984
1606431782.7360947,1310700,0.15510204434394836
1606431790.4285798,1311429,0.24242424964904785
1606431807.2636557,1313209,0.0972222238779068
1606431824.7118073,1315060,0.1651785671710968
1606431843.7060513,1316968,0.21359223127365112
1606431855.558201,1318201,0.1428571492433548
1606431869.6711717,1319722,0.19181033968925476
1606431880.6325517,1320913,0.1679999977350235
1606431908.3259063,1323988,0.21601209044456482
1606431924.0862992,1325677,0.2222222238779068
1606431928.5719295,1326118,0.19649122655391693
1606431932.9482846,1326559,0.2294117659330368
1606431939.791936,1327245,0.18130311369895935
1606431959.4677367,1329363,0.2063157856464386
1606432001.3745792,1333861,0.10569106042385101
1606432113.7750516,1335413,0.20370370149612427
1606432132.6465847,1337428,0.20226843655109406
1606432199.5241995,1344673,0.1666666716337204
1606432208.7517245,1345657,0.22019867599010468
1606432216.7515733,1346481,0.26720649003982544
1606432230.8826206,1347922,0.28523489832878113
1606432260.1252928,1351036,0.1830357164144516
1606432275.367317,1352639,0.19796954095363617
1606432280.4681094,1353177,0.1875
1606432298.678962,1354990,0.15328466892242432
1606432302.9870896,1355416,0.27464789152145386
1606432328.5758588,1357993,0.21017402410507202
1606432356.4822683,1360835,0.279720276594162
1606432379.2537014,1363163,0.2688172161579132
1606432391.0495338,1364398,0.21739129722118378
1606432407.0544722,1366065,0.2195121943950653
1606432454.595926,1371347,0.22972972691059113
1606432462.94024,1372237,0.22813035547733307
1606432492.0166667,1375419,0.2032085508108139
1606432499.0786893,1376123,0.1734693944454193
1606432502.4008696,1376449,0.15068493783473969
1606432513.7059639,1377591,0.25999999046325684
1606432543.0898657,1380829,0.22826087474822998
1606432584.665927,1385211,0.1865285038948059
1606432591.3570542,1385869,0.2222222238779068
1606432616.023795,1388581,0.20379146933555603
1606432619.2083752,1388911,0.22727273404598236
1606432640.4249327,1391274,0.2330097109079361
1606432646.06713,1391840,0.20661157369613647
1606432683.7470367,1396018,0.13840830326080322
1606432687.4599996,1396435,0.19184651970863342
1606432708.4431262,1398614,0.26249998807907104
1606432747.7664568,1402618,0.21201413869857788
1606432776.8359504,1405906,0.23139534890651703
1606432812.263726,1409583,0.25333333015441895
1606432815.5116193,1409920,0.21364985406398773
1606432837.237401,1412201,0.26271185278892517
1606432926.0956988,1413127,0.17926566302776337
1606432983.2775867,1418407,0.19745223224163055
1606432999.0981967,1420110,0.30300000309944153
1606433009.9960778,1421357,0.22267206013202667
1606433023.2179585,1422868,0.21690428256988525
1606433033.3188217,1423928,0.23786407709121704
1606433051.6829417,1425958,0.2682291567325592
1606433075.5996149,1428447,0.25280898809432983
1606433100.8778384,1431061,0.22314049303531647
1606433106.6531498,1431636,0.2049180269241333
1606433158.241758,1436986,0.29411765933036804
1606433160.135262,1437172,0.1344086080789566
1606433179.927422,1439229,0.26229506731033325
1606433198.249019,1441028,0.16554054617881775
1606433286.1504755,1450084,0.29499998688697815
1606433310.3718796,1452584,0.2586206793785095
1606433321.2195036,1453769,0.20000000298023224
1606433400.463459,1462189,0.24088747799396515
1606433409.0645707,1463060,0.1751662939786911
1606433424.8144042,1464724,0.23188406229019165
1606433433.7939343,1465724,0.375
1606433434.5802243,1465800,0.14473684132099152
1606433457.120199,1468234,0.2460317462682724
1606433474.918208,1470106,0.23480084538459778
1606433484.4728546,1471157,0.1576763540506363
1606433522.1054862,1475182,0.22174839675426483
1606433559.3161874,1479315,0.3479999899864197
1606433568.224193,1480227,0.28378379344940186
1606433611.4106264,1484914,0.24727272987365723
1606433624.8092337,1486354,0.23540855944156647
1606433634.5864015,1487339,0.2134387344121933
1606433683.3667288,1492414,0.23560209572315216
1606433686.4429276,1492731,0.19417475163936615
1606433697.8740077,1494019,0.2112676054239273
1606433766.861713,1500250,0.25
1606433775.8780606,1501154,0.3333333432674408
1606433790.4196398,1502682,0.22164948284626007
1606433801.2803388,1503820,0.22265625
1606433856.2967641,1509976,0.30927833914756775
1606433861.8690028,1510520,0.17692308127880096
1606433871.893109,1511625,0.24899999797344208
1606433912.8584886,1515961,0.16129031777381897
1606433936.771004,1518552,0.25077882409095764
1606433971.1885371,1522214,0.2511627972126007
1606433992.7614546,1524567,0.2142857164144516
1606434033.8544412,1529102,0.2800000011920929
1606434050.2527556,1530968,0.30514097213745117
1606434054.1358695,1531364,0.2142857164144516
1606434151.5051627,1541494,0.24125874042510986
1606434157.7519655,1542188,0.27521613240242004
1606434160.6939328,1542488,0.22333332896232605
1606434192.312784,1545726,0.28700000047683716
1606434194.653838,1545964,0.25
1606434235.8077893,1550348,0.25099998712539673
1606434274.918047,1554149,0.24752475321292877
1606434304.8662636,1556950,0.2595573365688324
1606434306.8301382,1557134,0.239130437374115
1606434332.7612338,1559865,0.2984165549278259
1606434383.8468618,1565421,0.2284069061279297
1606434410.6742547,1568312,0.2736660838127136
1606434451.5037208,1572689,0.3282608687877655
1606434469.1215847,1574501,0.3779999911785126
1606434562.5066833,1584229,0.25106382369995117
1606434576.050268,1585704,0.25954198837280273
1606434614.872775,1589887,0.2759381830692291
1606434631.9673882,1591698,0.259640097618103
1606434750.8106353,1594235,0.296999990940094
1606434791.6777022,1597341,0.3230000138282776
1606434807.640563,1599056,0.2360406070947647
1606434816.3924766,1600056,0.4169999957084656
1606471761.8178353,1604934,0.1355932205915451
1606471770.148253,1605934,0.14100000262260437
1606471819.4842646,1611967,0.1434977650642395
1606471828.7078166,1613119,0.14000000059604645
1606471836.6889467,1614119,0.1420000046491623
1606471875.423202,1618970,0.1679999977350235
1606471890.6002686,1620840,0.1509999930858612
1606471898.5739818,1621840,0.1469999998807907
1606471899.2908664,1621928,0.09090909361839294
1606471900.2856407,1622052,0.19354838132858276
1606471914.2449424,1623790,0.1666666716337204
1606471927.5145826,1625442,0.14300000667572021
1606472056.595151,1641137,0.14906832575798035
1606472066.4917705,1642323,0.18421052396297455
1606472124.4930685,1649402,0.13375796377658844
1606472154.0186095,1652675,0.1265822798013687
1606472157.328351,1653040,0.2575342357158661
1606472166.2375982,1654042,0.2954545319080353
1606472202.2904382,1658212,0.2698412835597992
1606472222.04038,1660484,0.21611721813678741
1606472246.7518568,1663209,0.1666666716337204
1606472369.8722517,1677221,0.23255814611911774
1606472397.1601512,1680252,0.23111110925674438
1606472447.6860197,1686034,0.2823529541492462
1606472477.8978152,1689522,0.2133333384990692
1606472533.6094553,1695858,0.2540000081062317
1606472536.0454457,1696119,0.2222222238779068
1606472598.1706707,1703155,0.24400000274181366
1606472601.4098313,1703478,0.1764705926179886
1606472610.6987052,1704494,0.2716895043849945
1606472627.403355,1706449,0.3225131034851074
1606472642.2315016,1708132,0.2602739632129669
1606472646.4102309,1708590,0.24890829622745514
1606472649.6942673,1708941,0.16149067878723145
1606472832.6515338,1721873,0.2986425459384918
1606472853.3077986,1724150,0.23148147761821747
1606472864.9581282,1725391,0.1782178282737732
1606472876.646024,1726654,0.2519201338291168
1606472896.9256089,1728927,0.23376622796058655
1606472953.918281,1735275,0.26119402050971985
1606473012.6492813,1741784,0.2540000081062317
1606473029.147268,1743569,0.29883381724357605
1606473039.5210252,1744569,0.289000004529953
1606473104.9565816,1751613,0.17100000381469727
1606473152.04043,1756456,0.21139705181121826
1606473255.1257277,1766788,0.18446601927280426
1606473290.7753687,1770132,0.23794212937355042
1606473319.5775473,1773111,0.29443690180778503
1606473334.7091525,1774646,0.21590909361839294
1606473383.6398242,1779210,0.17472119629383087
1606473402.7859812,1781210,0.23999999463558197
1606473474.1065278,1788366,0.22499999403953552
1606473508.7236953,1791782,0.15700000524520874
1606473545.2996314,1795567,0.30300000309944153
1606473566.2034345,1797623,0.25711381435394287
1606473584.4364784,1799414,0.15000000596046448
1606473603.3923416,1801314,0.22599999606609344
1606473634.5741212,1804388,0.3037974536418915
1606473679.6243541,1808629,0.2218114584684372
1606473706.5614498,1811292,0.22499999403953552
1606473780.6436963,1818157,0.3009999990463257
1606473803.0021977,1820264,0.22084805369377136
1606473889.1178048,1829002,0.35499998927116394
1606473940.481982,1834287,0.29955947399139404
1606473961.9863803,1836497,0.27300000190734863
1606473975.6604629,1837933,0.27981650829315186
1606473984.8083572,1838893,0.28958332538604736
1606474062.0324566,1841540,0.21223022043704987
1606474072.5940468,1841927,0.2945736348628998
1606474086.133359,1842768,0.23662306368350983
1606474178.4403021,1851916,0.17000000178813934
1606474216.5196693,1855878,0.2530120611190796
1606474222.594749,1856459,0.3459552526473999
1606474231.148348,1857236,0.29445233941078186
1606474270.8474498,1861199,0.2939999997615814
1606474291.222729,1863265,0.2482946813106537
1606474326.318389,1866834,0.25600001215934753
1606474348.8465414,1869084,0.36141908168792725
1606474372.2550466,1871364,0.27843138575553894
1606474440.126397,1878423,0.296561598777771
1606474480.6546228,1882965,0.24347825348377228
1606474503.0382566,1885395,0.23024055361747742
1606474515.519851,1886672,0.24242424964904785
1606474558.6872098,1891520,0.21647818386554718
1606474573.8404996,1893204,0.29032257199287415
1606474621.018006,1898293,0.21111111342906952
1606474649.7238324,1901557,0.2433566451072693
1606474652.2020023,1901828,0.20295202732086182
1606474746.8998103,1912375,0.15923567116260529
1606474748.000437,1912487,0.2053571492433548
1606474762.710041,1914095,0.2845257818698883
1606474792.0125556,1917318,0.27057182788848877
1606474805.9058836,1918853,0.3190000057220459
1606474845.1259353,1923030,0.27586206793785095
1606474856.0595465,1924247,0.1981566846370697
1606474862.0857441,1924897,0.30000001192092896
1606474930.6966565,1932443,0.263610303401947
1606474941.548817,1933334,0.20900321006774902
1606474946.816674,1933860,0.2775665521621704
1606475003.6141222,1940063,0.2809999883174896
1606475011.7876232,1940942,0.18840579688549042
1606475077.4368405,1947960,0.25535714626312256
1606475088.4572525,1949124,0.21715818345546722
1606475100.4144697,1950389,0.27210885286331177
1606475112.8180823,1951737,0.20230263471603394
1606475183.8638961,1958033,0.1369047611951828
1606475286.5145903,1969020,0.2495867758989334
1606475312.6189356,1971727,0.3231707215309143
1606475364.222371,1976985,0.2164009064435959
1606475395.3748286,1980120,0.25956737995147705
1606475436.8701894,1984413,0.1785714328289032
1606475469.6527781,1987712,0.24924011528491974
1606475480.4289913,1988871,0.23622047901153564
1606475501.6146362,1991021,0.23103448748588562
1606475525.8605096,1993445,0.25471699237823486
1606475530.2728217,1993861,0.19711539149284363
1606475539.3468795,1994861,0.2290000021457672
1606475610.5821095,2002434,0.2809999883174896
1606475735.479003,2014176,0.2536945939064026
1606475770.4365854,2017909,0.29499998688697815
1606475818.6240418,2022738,0.2540000081062317
1606475839.9414284,2024774,0.20883534848690033
1606475857.849089,2026551,0.3009999990463257
1606475913.9671197,2032618,0.2671532928943634
1606475949.9741414,2036100,0.2534562349319458
1606475994.2741096,2040200,0.2421652376651764
1606476012.088762,2041953,0.31284916400909424
1606476023.713062,2042953,0.3019999861717224
1606476069.4208233,2047402,0.2369747906923294
1606476087.1108067,2049210,0.2828870713710785
1606476094.800581,2049888,0.24336282908916473
1606476108.9650714,2051349,0.30108991265296936
1606476128.5758333,2052878,0.1785714328289032
1606476137.093602,2053459,0.2702237665653229
1606476152.2946553,2054459,0.36500000953674316
1606476189.5397453,2057485,0.3824451267719269
1606476194.6912467,2057968,0.26623377203941345
1606476214.4758036,2060084,0.3179999887943268
1606476217.4885287,2060389,0.20000000298023224
1606476223.0626934,2060986,0.25628140568733215
1606476224.2070248,2061096,0.09090909361839294
1606476234.8950546,2062240,0.2083333283662796
1606476242.001278,2062954,0.3317756950855255
1606476251.3842692,2063954,0.3149999976158142
1606476289.3378744,2068141,0.2680000066757202
1606476323.2200434,2071832,0.21400000154972076
1606476332.3601966,2072846,0.2177419364452362
1606476342.4844017,2073943,0.17083333432674408
1606476438.7786078,2080167,0.2545155882835388
1606476490.0918434,2085011,0.39162304997444153
1606476497.6164644,2085778,0.35202085971832275
1606476505.0142107,2086472,0.34293949604034424
1606476541.0808768,2090050,0.4449999928474426
1606476574.2153387,2092961,0.3025641143321991
1606476598.6037514,2094980,0.20502091944217682
1606476637.1928875,2098964,0.26448363065719604
1606476718.349852,2107034,0.28080809116363525
1606476750.2792408,2110295,0.23076923191547394
1606476758.8375483,2111178,0.27402862906455994
1606476780.2726421,2113532,0.2598870098590851
1606476815.810482,2116994,0.26249998807907104
1606476861.7932494,2121585,0.30112046003341675
1606476869.3568122,2122238,0.1328125
1606476883.0328717,2123501,0.29600000381469727
1606476895.3955798,2124501,0.3310000002384186
1606476961.5956771,2130752,0.22300000488758087
1606477041.6864805,2138895,0.2590000033378601
1606477050.9734411,2139895,0.2549999952316284
1606477097.7520773,2144713,0.2521994113922119
1606477180.2105708,2152876,0.3019999861717224
1606477201.7289395,2154930,0.2426966279745102
1606477217.2014234,2156408,0.23720930516719818
1606477294.3189285,2163966,0.2121661752462387
1606477339.2561798,2168469,0.18250000476837158
1606477384.5172286,2172916,0.3129138946533203
1606477388.1000745,2173263,0.31123918294906616
1606477403.8433878,2174880,0.24236252903938293
1606477416.7369149,2176216,0.261904776096344
1606477419.399249,2176460,0.2909836173057556
1606477504.198419,2184891,0.4259999990463257
1606477541.0109117,2188540,0.2613333463668823
1606477550.0959868,2189320,0.09375
1606477725.3687491,2196986,0.2542372941970825
1606477773.222031,2201796,0.18199999630451202
1606477826.8415983,2206974,0.22499999403953552
1606477844.8776474,2208711,0.19306184351444244
1606477847.8201647,2208977,0.2255639135837555
1606477870.3700502,2211181,0.20200000703334808
1606477892.7813253,2213362,0.2750000059604645
1606477974.2170084,2221304,0.2593167722225189
1606477992.4275978,2223304,0.21199999749660492
1606477996.7766342,2223652,0.20402298867702484
1606477997.7196593,2223721,0.1304347813129425
1606478037.9607258,2227338,0.3333333432674408
1606478081.927044,2231744,0.32899999618530273
1606478165.5929067,2240162,0.16304348409175873
1606478264.5197742,2250471,0.22111554443836212
1606478297.802346,2253592,0.14406779408454895
1606478324.1280537,2256251,0.2625698447227478
1606478333.2882779,2257251,0.2290000021457672
1606478356.7764788,2259633,0.2680000066757202
1606478391.8556507,2263220,0.17241379618644714
1606478412.6981697,2265245,0.2458471804857254
1606478417.8447783,2265760,0.21747572720050812
1606478430.7171423,2267063,0.18151815235614777
1606478475.8885791,2271668,0.23259761929512024
1606478483.7670736,2272473,0.21366459131240845
1606478490.8837848,2273165,0.23941068351268768
1606478528.881404,2276926,0.2210526317358017
1606478543.6332588,2278329,0.27547770738601685
1606478648.1735091,2288552,0.1681222766637802
1606478666.671623,2290369,0.2241847813129425
1606478706.757994,2294544,0.3310000002384186
1606478744.6852365,2298441,0.17920656502246857
1606478776.5554342,2301551,0.20200000703334808
1606478803.217564,2304361,0.1860000044107437
1606478873.335108,2311600,0.2415730357170105
1606478927.2844563,2317380,0.2540000081062317
1606479051.4513195,2320465,0.22499999403953552
1606479057.9383888,2321173,0.1666666716337204
1606479180.5802865,2334742,0.28700000047683716
1606479196.0516033,2336405,0.23184357583522797
1606479204.8891227,2337405,0.2759999930858612
