Wall time,Step,Value
1606417865.0230687,3879,0.18250951170921326
1606417950.0794709,12400,0.14399999380111694
1606417985.6727939,16098,0.17037037014961243
1606418066.0723176,24249,0.13508442044258118
1606418083.6588752,26143,0.14653243124485016
1606418109.6966014,28896,0.14100000262260437
1606418113.3805501,29293,0.15666666626930237
1606418158.2535632,33944,0.11428571492433548
1606418164.889711,34663,0.11486486345529556
1606418230.03531,40801,0.15033556520938873
1606418254.9871318,43240,0.16628701984882355
1606418349.4332743,53097,0.02985074557363987
1606418385.6097877,56528,0.024000000208616257
1606418392.4698088,57185,0.0
1606418395.688395,57493,0.0357142873108387
1606418439.8004827,61688,0.03846153989434242
1606418489.1607058,65928,0.010830325074493885
1606418567.0799851,72609,0.03448275849223137
1606418656.3322818,80487,0.0560000017285347
1606418676.0132227,82272,0.023850085213780403
1606418698.5283241,84267,0.0
1606418757.1383188,89527,0.06530611962080002
1606418763.5214887,90074,0.036563072353601456
1606418825.3076556,95432,0.02631578966975212
1606418836.9101646,96430,0.046666666865348816
1606418850.5952957,97620,0.03684210404753685
1606418856.5227134,98130,0.009803921915590763
1606418880.1706092,100198,0.04780876636505127
1606418912.1937823,102984,0.01652892492711544
1606419075.265842,107111,0.032307691872119904
1606419085.7970273,108032,0.032573290169239044
1606419119.429123,110943,0.03472931683063507
1606419219.2786288,119561,0.024000000208616257
1606419275.8146808,124546,0.029999999329447746
1606419304.5270162,127067,0.03381642326712608
1606419321.1912065,128512,0.055727552622556686
1606419412.4423454,136148,0.04266666620969772
1606419459.591685,140037,0.04125736653804779
1606419506.5940394,144099,0.03500000014901161
1606419570.833669,149649,0.11666666716337204
1606419596.4314017,151826,0.019723866134881973
1606419611.686278,153081,0.027000000700354576
1606419725.763281,162860,0.09828009456396103
1606419758.5061786,165745,0.029999999329447746
1606419759.6909513,165849,0.17307692766189575
1606419800.2775445,169440,0.015486725606024265
1606419828.1542501,171871,0.06835442781448364
1606419841.8873742,173078,0.10628019273281097
1606419902.3206449,178116,0.1311754733324051
1606419914.1370492,179116,0.05000000074505806
1606419961.140468,183527,0.1214953288435936
1606419974.239481,184752,0.046204619109630585
1606420019.3994436,188859,0.04597701132297516
1606420074.1703818,194122,0.052000001072883606
1606420186.7536333,204712,0.04399999976158142
1606420218.8653114,207692,0.050999999046325684
1606420277.006714,213301,0.06300000101327896
1606420288.899283,214404,0.029126213863492012
1606420628.8726954,241379,0.06521739065647125
1606420634.2990384,241905,0.04182509332895279
1606420647.2651906,243200,0.054999999701976776
1606420690.4629998,247372,0.09799999743700027
1606420763.4751394,254219,0.08759123831987381
1606420779.4882236,255759,0.10000000149011612
1606420789.9380982,256759,0.03799999877810478
1606420821.3945088,259759,0.06400000303983688
1606420852.1221445,262685,0.07500000298023224
1606420881.5766363,265403,0.046296294778585434
1606420897.8644512,266978,0.05932203307747841
1606420908.3268821,267978,0.03500000014901161
1606420958.2748573,272695,0.039000000804662704
1606421045.593243,281050,0.0962962955236435
1606421061.8921347,282652,0.06800000369548798
1606421150.7283285,291209,0.059384942054748535
1606421179.8292496,294035,0.057999998331069946
1606421191.6203609,295195,0.08124999701976776
1606421222.0007014,297967,0.07642486691474915
1606421276.602593,303150,0.0784313753247261
1606421331.4178224,308382,0.11800000071525574
1606421352.5654051,310382,0.04500000178813934
1606421383.7838085,313382,0.03700000047683716
1606421419.965272,316945,0.09459459781646729
1606421443.282014,319125,0.09090909361839294
1606421522.5691826,326671,0.04032257944345474
1606421570.588083,331233,0.03201506659388542
1606421621.7288256,336139,0.05700000002980232
1606421637.889553,337651,0.06037735939025879
1606421689.9772518,342544,0.03999999910593033
1606421702.6722512,343692,0.1080000028014183
1606421713.5625026,344692,0.03999999910593033
1606421725.8635118,345867,0.06499999761581421
1606421746.0748463,347867,0.054999999701976776
1606421756.2647698,348867,0.032999999821186066
1606421799.2841113,353026,0.01899999938905239
1606421804.650947,353509,0.043478261679410934
1606421885.1626918,359154,0.061000000685453415
1606421921.1307738,362655,0.09053497761487961
1606421936.273729,364129,0.06800000369548798
1606421973.936833,367642,0.06969697028398514
1606422018.70373,371826,0.04600000008940697
1606422038.8142462,373826,0.04600000008940697
1606422138.0469372,383285,0.0446428582072258
1606422170.7828157,386463,0.12345679104328156
1606422174.109349,386781,0.06603773683309555
1606422188.826734,388176,0.09620252996683121
1606422193.1484828,388584,0.10542168468236923
1606422203.698496,389584,0.07999999821186066
1606422221.5811248,391286,0.09933774918317795
1606422308.9598944,399509,0.06603773683309555
1606422331.978013,401626,0.10100000351667404
1606422372.8324795,405424,0.0949999988079071
1606422402.361259,408291,0.10100000351667404
1606422428.0938995,410725,0.12200000137090683
1606422462.1675782,413951,0.11400000005960464
1606422472.5136833,414949,0.09218437224626541
1606422495.5012767,417145,0.20388349890708923
1606422541.5052037,421582,0.041999999433755875
1606422635.5507302,430707,0.06599999964237213
1606422677.745901,434300,0.06599999964237213
1606422692.287395,435573,0.061000000685453415
1606422769.3705542,442848,0.0765199139714241
1606422806.1342835,446370,0.038314174860715866
1606422825.6730397,448244,0.05000000074505806
1606422829.253366,448599,0.050704225897789
1606422837.1382816,449292,0.059163060039281845
1606422856.9745977,451185,0.08290155231952667
1606422896.9352663,455093,0.17073170840740204
1606422916.563406,457093,0.09200000017881393
1606422926.7992136,458093,0.08299999684095383
1606422954.3685517,460725,0.04699999839067459
1606422987.4632108,463995,0.0430000014603138
1606423004.02868,465614,0.15283842384815216
1606423006.076755,465813,0.01005025114864111
1606423036.5008197,468797,0.035999998450279236
1606423108.8098943,475820,0.019999999552965164
1606423135.2652013,478431,0.043103449046611786
1606423136.0459313,478501,0.04285714402794838
1606423146.1611025,479501,0.04699999839067459
1606423166.3686404,481501,0.03200000151991844
1606423168.6062498,481719,0.0458715595304966
1606423224.6044228,487069,0.07199999690055847
1606423252.1855721,489733,0.03125
1606423256.3409817,490125,0.058673471212387085
1606423277.8261728,492125,0.03999999910593033
1606423299.0812716,494125,0.041999999433755875
1606423315.0012548,495616,0.06295399367809296
1606423316.7649295,495796,0.10000000149011612
1606423319.0163686,495922,0.0714285746216774
1606423342.541482,498172,0.07000000029802322
1606423379.5919201,500286,0.02593192830681801
1606423417.0582447,503553,0.05299999937415123
1606423418.857861,503715,0.10493826866149902
1606423419.45973,503785,0.05714285746216774
1606423461.037699,507778,0.05900000035762787
1606423584.957365,519885,0.07482992857694626
1606423615.0755422,522919,0.13069908320903778
1606423620.25959,523395,0.14155250787734985
1606423657.3045306,527111,0.03999999910593033
1606423799.8441267,541096,0.08900000154972076
1606423808.919146,541954,0.1143583208322525
1606423836.3876889,544676,0.02857142873108387
1606423857.2609642,546676,0.02500000037252903
1606423884.5114117,549437,0.0917431190609932
1606423895.1512022,550492,0.1302325576543808
1606423921.7150714,553093,0.07468879967927933
1606423941.7781982,555098,0.1184210553765297
1606423960.6774843,556931,0.05000000074505806
1606423987.8787584,559668,0.0989999994635582
1606424002.5460932,561100,0.05999999865889549
1606424029.3274965,563766,0.09655172377824783
1606424044.6054995,565304,0.07999999821186066
1606424057.9968758,566677,0.05700000002980232
1606424071.2476044,567991,0.04838709533214569
1606424107.0302339,571528,0.05700000002980232
1606424108.3879516,571664,0.49264705181121826
1606424121.1233437,572923,0.17218543589115143
1606424157.2792826,576636,0.2879999876022339
1606424162.2111394,577106,0.3055555522441864
1606424195.7803905,580453,0.028301887214183807
1606424200.8394022,580956,0.11594203114509583
1606424212.5384865,582153,0.1766848862171173
1606424217.8016226,582688,0.16074766218662262
1606424266.3100173,587831,0.10629921406507492
1606424268.4711049,588047,0.06481481343507767
1606424298.4994755,591119,0.057999998331069946
1606424307.9158697,592049,0.030075188726186752
1606424317.711867,593049,0.03400000184774399
1606424324.166472,593693,0.12087912112474442
1606424333.64443,594693,0.05400000140070915
1606424339.5559025,595258,0.028037382289767265
1606424341.2057414,595412,0.04545454680919647
1606424385.669039,599544,0.1599999964237213
1606424412.5145605,601051,0.0555555559694767
1606424419.7375326,601610,0.09848485141992569
1606424425.1106715,602150,0.11981566995382309
1606424430.6748192,602709,0.11806797981262207
1606424454.3382614,605032,0.1794871836900711
1606424466.9146001,606222,0.09158416092395782
1606424509.8030517,610353,0.03030303120613098
1606424511.545447,610509,0.0
1606424544.8300214,613881,0.23600000143051147
1606424574.8580241,617083,0.10000000149011612
1606424610.627959,620532,0.06060606241226196
1606424670.603804,626626,0.043478261679410934
1606424697.6581964,629407,0.08799999952316284
1606424700.3874514,629685,0.03030303120613098
1606424710.6250896,630768,0.09000000357627869
1606424722.9710188,632073,0.06842105090618134
1606424730.598514,632831,0.037974681705236435
1606424741.9432657,634019,0.03191489353775978
1606424764.1071458,636097,0.04545454680919647
1606424764.8844259,636163,0.19696970283985138
1606424795.1795092,639248,0.01690140925347805
1606424815.5713742,641306,0.06400000303983688
1606424829.276518,642717,0.07575757801532745
1606424830.0151918,642799,0.060975611209869385
1606424865.6352508,646411,0.27941176295280457
1606424880.947801,647944,0.030232558026909828
1606424913.0104675,651190,0.1589999943971634
1606424915.677686,651441,0.2238806039094925
1606424958.4808886,655760,0.14473684132099152
1606424965.2309942,656441,0.19676946103572845
1606424980.0050104,657922,0.029411764815449715
1606424981.4442132,658061,0.12949639558792114
1606424982.2710426,658128,0.13432836532592773
1606425040.818399,664105,0.05202312022447586
1606425070.4615452,667203,0.08799999952316284
1606425115.5795138,672002,0.07199999690055847
1606425116.172423,672068,0.06060606241226196
1606425135.80742,674047,0.02923976629972458
1606425149.5854642,674413,0.07984790951013565
1606425167.3430183,676151,0.041999999433755875
1606425171.3112776,676525,0.08766233921051025
1606425276.2814205,686859,0.0656934306025505
1606425296.7119958,688859,0.06499999761581421
1606425298.7078822,689054,0.09756097197532654
1606425317.204959,690866,0.06400000303983688
1606425336.7365592,692954,0.08105369657278061
1606425366.3926306,695936,0.07431694120168686
1606425373.3463,696643,0.08799999952316284
1606425389.9466186,698323,0.10306748747825623
1606425428.4774275,702201,0.07894736528396606
1606425445.5351205,704003,0.17073170840740204
1606425466.1103845,706050,0.1666666716337204
1606425493.0095444,708863,0.16514691710472107
1606425493.7867367,708931,0.04411764815449715
1606425524.6383533,712097,0.11267605423927307
1606425547.1710987,714333,0.06862745434045792
1606425569.680567,716544,0.1822660118341446
1606425575.792931,717178,0.19085173308849335
1606425583.8000152,717984,0.03030303120613098
1606425624.509498,721986,0.028985507786273956
1606425627.1937025,722211,0.07692307978868484
1606425630.7453797,722561,0.055276382714509964
1606425652.3261042,724566,0.05700000002980232
1606425668.971064,726262,0.2416534125804901
1606425670.9690905,726453,0.07329843193292618
1606425722.1726313,731619,0.20600000023841858
1606425756.5372224,735026,0.04545454680919647
1606425795.0011382,738818,0.09187278896570206
1606425811.499464,740550,0.19009901583194733
1606425814.1083455,740806,0.15234375
1606425815.763482,740974,0.030612245202064514
1606425819.5029693,741353,0.16622690856456757
1606425917.636377,747074,0.2195121943950653
1606425918.4954536,747154,0.03750000149011612
1606425932.7480397,748602,0.0670391097664833
1606425942.1912372,749600,0.07584597170352936
1606425950.8665597,750489,0.1142241358757019
1606425958.6961946,751300,0.19328859448432922
1606425974.5107694,752956,0.10526315867900848
1606425977.6706798,753259,0.06578947603702545
1606425981.739486,753630,0.341085284948349
1606426048.9685073,760442,0.23126615583896637
1606426049.7747076,760512,0.02857142873108387
1606426066.6521556,762129,0.022727273404598236
1606426079.5777106,763296,0.10476190596818924
1606426083.0206237,763608,0.048076923936605453
1606426092.165638,764539,0.109375
1606426098.8464944,765217,0.11274509876966476
1606426100.498416,765386,0.011834319680929184
1606426146.510026,770405,0.1573236882686615
1606426159.950925,771784,0.1356382966041565
1606426201.060096,775762,0.07751937955617905
1606426201.8477695,775828,0.10606060922145844
1606426212.8324873,776958,0.07920791953802109
1606426270.0762284,782600,0.04371584579348564
1606426280.779146,783683,0.04444444552063942
1606426285.2386286,784137,0.20264317095279694
1606426287.2439425,784333,0.06930693238973618
1606426321.462313,787986,0.3059999942779541
1606426339.5870829,789775,0.10273972898721695
1606426340.5480335,789864,0.11235955357551575
1606426370.5054343,792908,0.1073298454284668
1606426381.475367,794037,0.42424243688583374
1606426384.3139355,794310,0.3214285671710968
1606426398.7680736,795727,0.03846153989434242
1606426411.8153698,796907,0.13432836532592773
1606426433.0138812,798334,0.1621621549129486
1606426436.4025257,798688,0.11864406615495682
1606426453.216132,800451,0.08849557489156723
1606426475.8570628,802664,0.014450866729021072
1606426493.921022,804292,0.28787878155708313
1606426496.6561358,804563,0.09225092083215714
1606426502.6901631,805097,0.10204081982374191
1606426517.343942,806599,0.07228915393352509
1606426522.9229732,807120,0.0078125
1606426525.5589328,807339,0.0476190485060215
1606426530.037657,807717,0.06185567006468773
1606426536.5956888,808360,0.02500000037252903
1606426539.5333874,808631,0.22727273404598236
1606426565.4740493,811205,0.05347593501210213
1606426599.081237,814629,0.04545454680919647
1606426613.0953841,816034,0.036363635212183
1606426616.6513464,816383,0.06635071337223053
1606426619.3113801,816634,0.05179283022880554
1606426631.259995,817833,0.1221122145652771
1606426632.029866,817900,0.19402985274791718
1606426668.165527,821602,0.06435643881559372
1606426676.4318624,822418,0.03076923079788685
1606426682.8274624,823098,0.05588235333561897
1606426689.8636255,823717,0.048465266823768616
1606426698.5438182,824580,0.08949416130781174
1606426709.977553,825714,0.09734513610601425
1606426725.716461,827305,0.40909090638160706
1606426726.310332,827371,0.1515151560306549
1606426752.579652,830101,0.12773722410202026
1606426753.8509674,830224,0.03252032399177551
1606426783.3614266,833336,0.07526881992816925
1606426790.5622818,834072,0.11999999731779099
1606426792.6474142,834272,0.05970149114727974
1606426797.902318,834769,0.03921568766236305
1606426805.8590531,835524,0.05279503017663956
1606426806.8858707,835622,0.09183673560619354
1606426808.5334888,835784,0.13333334028720856
1606426810.4679027,835971,0.05882352963089943
1606426815.8474486,836527,0.1366906464099884
1606426822.3021193,837146,0.1538461595773697
1606426853.9224486,840313,0.13768115639686584
1606426870.2586293,841983,0.1416490525007248
1606426886.8339157,843698,0.06603773683309555
1606426905.5511775,845534,0.25200000405311584
1606426906.4098427,845606,0.0833333358168602
1606426930.41365,847956,0.1944444477558136
1606426973.2244546,849429,0.13725490868091583
1606427005.7830276,852896,0.09677419066429138
1606427015.2395165,853820,0.2028985470533371
1606427022.077014,854564,0.13441655039787292
1606427034.5105994,855938,0.23880596458911896
1606427054.4083526,857999,0.06798867136240005
1606427055.3535938,858087,0.1818181872367859
1606427063.632766,858925,0.11821085959672928
1606427075.943983,860092,0.10606060922145844
1606427084.2027898,860770,0.10215053707361221
1606427136.0709836,865928,0.3181818127632141
1606427141.5610657,866469,0.059633027762174606
1606427153.8179758,867666,0.10360360145568848
1606427154.7155707,867748,0.024390242993831635
1606427155.7891436,867851,0.019417475908994675
1606427215.2457426,874040,0.30300000309944153
1606427269.7853796,879799,0.3030303120613098
1606427295.7923522,882585,0.23999999463558197
1606427307.9994223,883795,0.24637681245803833
1606427329.690824,885953,0.05263157933950424
1606427336.5378907,886609,0.03921568766236305
1606427338.5897605,886809,0.06185567006468773
1606427344.6378806,887454,0.12334802001714706
1606427353.5840373,888348,0.06382978707551956
1606427358.570527,888827,0.07476635277271271
1606427361.6426954,889123,0.034285712987184525
1606427379.4287739,891035,0.0810810774564743
1606427382.807644,891358,0.07692307978868484
1606427398.6774392,893054,0.084870845079422
1606427421.1823142,895329,0.24242424964904785
1606427427.0308423,895828,0.22535210847854614
1606427456.962763,898867,0.28787878155708313
1606427457.7649322,898934,0.05970149114727974
1606427458.52526,899000,0.09090909361839294
1606427515.4657848,904847,0.03478260710835457
1606427554.1670663,906778,0.21810251474380493
1606427570.2819722,908437,0.1809999942779541
1606427587.7339394,910248,0.20499999821186066
1606427591.8461587,910574,0.061349693685770035
1606427598.8434517,911254,0.054794520139694214
1606427602.86191,911628,0.05000000074505806
1606427604.2274108,911766,0.043478261679410934
1606427626.6346314,914142,0.1241535022854805
1606427629.1424708,914334,0.09090909361839294
1606427638.5254507,915307,0.1646489053964615
1606427642.940679,915737,0.06508875638246536
1606427654.614293,916958,0.09677419066429138
1606427660.1119828,917529,0.27272728085517883
1606427667.2017183,918238,0.16438356041908264
1606427684.00575,919985,0.15090909600257874
1606427721.4523807,923813,0.06493506580591202
1606427752.2058141,927024,0.11100000143051147
1606427761.4201372,928024,0.10000000149011612
1606427762.4116082,928120,0.0625
1606427764.8053024,928360,0.07096774131059647
1606427773.8383315,929360,0.17499999701976776
1606427782.385809,930278,0.2476525753736496
1606427796.9444141,931713,0.04137931019067764
1606427808.1968822,932898,0.21118012070655823
1606427819.8270683,934191,0.08955223858356476
1606427826.473153,934827,0.08856088668107986
1606427836.6774898,935902,0.0
1606427865.6018522,938869,0.04545454680919647
1606427870.5190527,939342,0.1818181872367859
1606427879.9152532,940277,0.07189542800188065
1606427895.0878828,941809,0.021276595070958138
1606427904.5103476,942763,0.03448275849223137
1606427914.0786712,943829,0.12121212482452393
1606427916.5762281,944098,0.03717472031712532
1606427942.9735608,946758,0.13445378839969635
1606427956.4755042,948070,0.20600000023841858
1606427959.2293851,948308,0.05714285746216774
1606427962.2517734,948594,0.22727273404598236
1606427972.432251,949594,0.03999999910593033
1606427985.8725896,951008,0.0731707289814949
1606427987.158807,951139,0.11450381577014923
1606427989.4756508,951372,0.03809523954987526
1606428011.2122364,953621,0.08699999749660492
1606428012.314105,953726,0.095238097012043
1606428030.184828,955485,0.07305935770273209
1606428032.0336318,955614,0.04651162773370743
1606428039.2462828,956305,0.05000000074505806
1606428045.8002481,956889,0.07042253762483597
1606428057.645996,958042,0.04575163498520851
1606428070.5426412,959357,0.09799999743700027
1606428091.3913755,961318,0.1666666716337204
1606428098.6037261,962047,0.10441767424345016
1606428107.460414,962955,0.2022988498210907
1606428110.6851165,963287,0.1234939768910408
1606428121.8276374,964424,0.2133333384990692
1606428137.493563,966091,0.07439446449279785
1606428260.9351923,968388,0.05263157933950424
1606428265.3160186,968802,0.0260869562625885
1606428296.9294784,972054,0.11400651186704636
1606428311.7793186,973599,0.05603448301553726
1606428323.5438542,974704,0.12380952388048172
1606428340.6171553,976266,0.06086956337094307
1606428341.4246573,976337,0.11267605423927307
1606428343.8019412,976563,0.09649122506380081
1606428351.6588395,977348,0.12374582141637802
1606428352.4140215,977414,0.06060606241226196
1606428368.7708583,979182,0.24573378264904022
1606428371.210867,979315,0.12121212482452393
1606428372.4685314,979437,0.032786883413791656
1606428389.5523899,981140,0.0979020968079567
1606428399.3204858,982156,0.09574468433856964
1606428412.9521394,983502,0.09677419066429138
1606428441.6151326,986440,0.164000004529953
1606428457.403457,988066,0.1515151560306549
1606428470.9853055,989514,0.1456548273563385
1606428500.0604455,992406,0.04040404036641121
1606428507.818816,993123,0.024096384644508362
1606428513.9117785,993708,0.16225165128707886
1606428519.1597083,994211,0.10175438225269318
1606428522.8780997,994579,0.10526315867900848
1606428527.6349473,995052,0.19238901138305664
1606428529.5261805,995224,0.058139536529779434
1606428545.0846937,996735,0.02150537632405758
1606428548.8366807,997124,0.14652957022190094
1606428550.6986961,997314,0.08947368711233139
1606428557.7596781,998084,0.25440001487731934
1606428579.769126,1000209,0.2132352888584137
1606428580.5507843,1000297,0.05681818351149559
1606428587.198515,1000983,0.05319149047136307
1606428600.9828565,1002315,0.14785991609096527
1606428620.6453154,1004278,0.09693877398967743
1606428676.9261572,1010053,0.2537313401699066
1606428722.2998214,1014726,0.09438775479793549
1606428739.1068165,1016466,0.06796116381883621
1606428741.262667,1016692,0.05752212554216385
1606428743.6819534,1016922,0.13924050331115723
1606428785.6168988,1020598,0.05797101557254791
1606428788.510657,1020786,0.028985507786273956
1606428794.5661778,1021384,0.13793103396892548
1606428838.7113678,1026041,0.06700000166893005
1606428861.964385,1028333,0.05984555929899216
1606428863.859871,1028515,0.18131868541240692
1606428899.2498326,1032058,0.013888888992369175
1606428929.9859152,1035301,0.09673024713993073
1606428950.5578322,1037537,0.010989011265337467
1606428951.7335198,1037656,0.02521008439362049
1606428956.533988,1038147,0.07567567378282547
1606428966.748457,1039213,0.13636364042758942
1606428982.7897248,1040824,0.036231882870197296
1606429029.7995968,1045706,0.014925372786819935
1606429058.0529659,1048569,0.07999999821186066
1606429059.1691067,1048636,0.05970149114727974
1606429085.1661265,1051018,0.1489361673593521
1606429086.753418,1051183,0.0882352963089943
1606429090.1183324,1051503,0.007692307699471712
1606429091.4872637,1051646,0.03496503457427025
1606429093.5189502,1051856,0.02380952425301075
1606429119.0347471,1054383,0.05149051547050476
1606429123.045839,1054772,0.0381355918943882
1606429139.823148,1056466,0.005917159840464592
1606429150.0000932,1057476,0.1118881106376648
1606429156.9286432,1058151,0.02521008439362049
1606429159.1660554,1058364,0.027522936463356018
1606429164.5174558,1058877,0.024038461968302727
1606429175.0496948,1059888,0.05970149114727974
1606429186.76672,1061034,0.03448275849223137
1606429192.9365528,1061638,0.0625
1606429197.0556352,1062057,0.04054053872823715
1606429201.877047,1062521,0.054054055362939835
1606429232.8544877,1065608,0.08997955173254013
1606429233.6082096,1065692,0.0476190485060215
1606429268.064725,1069122,0.014492753893136978
1606429271.2317364,1069428,0.04054053872823715
1606429312.6284487,1073622,0.06896551698446274
1606429314.6585798,1073823,0.06965173780918121
1606429315.8357153,1073941,0.0762711837887764
1606429316.5916839,1074010,0.043478261679410934
1606429320.7796986,1074367,0.050632912665605545
1606429382.1783783,1075490,0.14107142388820648
1606429406.1506739,1077353,0.03614457696676254
1606429410.2495506,1077765,0.1383495181798935
1606429419.530341,1078749,0.0533333346247673
1606429445.5616896,1081389,0.03333333507180214
1606429454.0509946,1082223,0.1419939547777176
1606429461.9990933,1083014,0.19402985274791718
1606429465.8132095,1083383,0.009009009227156639
1606429466.5838618,1083449,0.13636364042758942
1606429492.7352676,1086118,0.10201660543680191
1606429499.7911744,1086846,0.05291005223989487
1606429516.3694866,1088564,0.06603773683309555
1606429530.921854,1090009,0.06413301825523376
1606429544.3144796,1091407,0.06976744532585144
1606429607.6135893,1097873,0.06338027864694595
1606429615.5373769,1098653,0.1131313145160675
1606429619.6980062,1099062,0.037634409964084625
1606429626.803642,1099749,0.03999999910593033
1606429633.8388736,1100424,0.09649122506380081
1606429656.3211646,1102705,0.15094339847564697
1606429666.3596056,1103718,0.09879518300294876
1606429678.7537355,1105082,0.0949999988079071
1606429728.8407724,1110284,0.021052632480859756
1606429755.1887758,1112857,0.05303030461072922
1606429756.2750607,1112964,0.009345794096589088
1606429775.127103,1115072,0.08900000154972076
1606429806.0583801,1118344,0.12399999797344208
1606429825.6953092,1120356,0.1711864471435547
1606429829.7250168,1120766,0.09268292784690857
1606429831.7338824,1120968,0.07425742596387863
1606429832.4850645,1121034,0.1666666716337204
1606429835.3253496,1121316,0.13475176692008972
1606429836.8062737,1121471,0.03870967775583267
1606429866.8251898,1124739,0.0416666679084301
1606429929.6970594,1131221,0.10000000149011612
1606429939.0735078,1132221,0.09099999815225601
1606429940.975846,1132402,0.06629834324121475
1606429952.0472963,1133497,0.08590308576822281
1606430010.7885878,1138726,0.06800000369548798
1606430020.507746,1139799,0.0989999994635582
1606430055.0702484,1143439,0.1266375482082367
1606430055.8973444,1143514,0.03999999910593033
1606430059.1011763,1143817,0.08510638028383255
1606430060.6259956,1143967,0.050632912665605545
1606430065.1545885,1144425,0.06331877410411835
1606430075.6168344,1145558,0.060150377452373505
1606430125.9058697,1150852,0.1818181872367859
1606430141.815354,1152513,0.11800000071525574
1606430146.1272745,1152928,0.13445378839969635
1606430161.2716749,1154501,0.010989011265337467
1606430177.8256602,1156163,0.1301020383834839
1606430181.0151103,1156492,0.10942249000072479
1606430204.3245802,1158925,0.03125
1606430212.787005,1159764,0.1310615986585617
1606430216.3200145,1160119,0.0591549277305603
1606430236.8582516,1162221,0.028089888393878937
1606430255.8045604,1164311,0.04444444552063942
1606430280.3853085,1166782,0.041420117020606995
1606430286.0273285,1167365,0.11717171967029572
1606430288.1701899,1167568,0.041322313249111176
1606430293.063322,1168038,0.046357616782188416
1606430340.4776852,1172754,0.0
1606430346.4267566,1173269,0.04054053872823715
1606430347.4191933,1173337,0.0882352963089943
1606430348.790057,1173439,0.0784313753247261
1606430394.597557,1177450,0.22200000286102295
1606430423.9061913,1180111,0.09562841802835464
1606430456.6814253,1183396,0.1236749142408371
1606430522.4892318,1189728,0.09971509873867035
1606430537.9550245,1191326,0.06849315017461777
1606430545.7146578,1192190,0.2013888955116272
1606430559.5818322,1193636,0.06400000303983688
1606430594.1631489,1197306,0.01515151560306549
1606430613.9236467,1199246,0.14960630238056183
1606430623.4186997,1200236,0.01600000075995922
1606430742.677075,1202547,0.0181818176060915
1606430747.72783,1203077,0.09240923821926117
1606430751.9007123,1203503,0.07792207598686218
1606430754.9752212,1203814,0.04072398319840431
1606430761.2291458,1204496,0.009615384973585606
1606430767.588756,1205121,0.02777777798473835
1606430770.1682215,1205379,0.07364340871572495
1606430780.7137613,1206391,0.05056179687380791
1606430796.3959033,1208054,0.11900000274181366
1606430799.2969582,1208348,0.0
1606430805.1222668,1208934,0.028688523918390274
1606430822.4922624,1210676,0.02985074557363987
1606430834.6282303,1211878,0.1589999943971634
1606430837.6506653,1212189,0.0739549845457077
1606430838.7901518,1212298,0.03669724613428116
1606430860.6377158,1214530,0.028037382289767265
1606430891.543718,1217777,0.07216494530439377
1606430900.9060562,1218859,0.10000000149011612
1606430907.0085003,1219495,0.07999999821186066
1606430924.9080415,1221495,0.057999998331069946
1606430926.8217318,1221675,0.0729166641831398
1606430970.1424346,1226314,0.026595745235681534
1606430990.1451714,1228523,0.12600000202655792
1606431051.96537,1235267,0.01515151560306549
1606431056.9542208,1235757,0.014598540030419827
1606431107.341083,1241080,0.03401360660791397
1606431163.9681356,1247309,0.0
1606431165.1492262,1247429,0.05833333358168602
1606431188.2804902,1250009,0.0
1606431190.0216398,1250199,0.02631578966975212
1606431192.462404,1250429,0.04301075264811516
1606431197.444771,1250943,0.0
1606431205.09006,1251699,0.05309734493494034
1606431219.1782558,1253162,0.05919003114104271
1606431225.271983,1253795,0.11005692929029465
1606431281.9386003,1259155,0.06876790523529053
1606431327.7366157,1264037,0.1860000044107437
1606431333.4647634,1264596,0.019480518996715546
1606431347.4097104,1265917,0.03418803587555885
1606431351.1658342,1266323,0.07635468244552612
1606431383.937546,1268711,0.0
1606431391.0870957,1269465,0.12748344242572784
1606431470.4772577,1277958,0.013333333656191826
1606431489.8014994,1280037,0.20999999344348907
1606431497.311954,1280765,0.05050504952669144
1606431507.839247,1281898,0.04430379718542099
1606431511.3519404,1282248,0.04285714402794838
1606431513.359755,1282447,0.02469135820865631
1606431515.5245461,1282673,0.013274336233735085
1606431529.4788275,1284057,0.14598539471626282
1606431583.1063223,1289768,0.05000000074505806
1606431597.2560663,1291234,0.04918032884597778
1606431626.2118711,1294263,0.027522936463356018
1606431633.6501617,1295037,0.06666667014360428
1606431635.0530112,1295179,0.05263157933950424
1606431647.7344573,1296455,0.03418803587555885
1606431655.807211,1297329,0.03076923079788685
1606431703.7865582,1302456,0.05138339847326279
1606431710.1143916,1303140,0.007462686393409967
1606431722.0707097,1304391,0.027397260069847107
1606431751.5947487,1307429,0.2199999988079071
1606431770.032833,1309455,0.09558823704719543
1606431780.2406662,1310455,0.1379999965429306
1606431782.736002,1310700,0.0367346927523613
1606431790.42853,1311429,0.04040404036641121
1606431807.2636104,1313209,0.0416666679084301
1606431824.7117488,1315060,0.0446428582072258
1606431843.7060044,1316968,0.009708737954497337
1606431855.558118,1318201,0.03896103799343109
1606431869.6710656,1319722,0.12068965286016464
1606431880.6324449,1320913,0.18000000715255737
1606431908.3258257,1323988,0.08610271662473679
1606431924.0862536,1325677,0.05050504952669144
1606431928.5718691,1326118,0.038596492260694504
1606431932.948229,1326559,0.01764705963432789
1606431939.7918708,1327245,0.03399433568120003
1606431959.4676654,1329363,0.04842105135321617
1606432001.3745325,1333861,0.03252032399177551
1606432113.7749968,1335413,0.03703703731298447
1606432132.6464992,1337428,0.030245747417211533
1606432199.5241468,1344673,0.03448275849223137
1606432208.7516181,1345657,0.06456953287124634
1606432216.7515156,1346481,0.024291498586535454
1606432230.8825629,1347922,0.030201341956853867
1606432260.1252184,1351036,0.02901785634458065
1606432275.3672612,1352639,0.08121827244758606
1606432280.4680386,1353177,0.0736607164144516
1606432298.6789086,1354990,0.043795619159936905
1606432302.9870129,1355416,0.03286384791135788
1606432328.5757663,1357993,0.05890227481722832
1606432356.4822118,1360835,0.0139860138297081
1606432379.2536309,1363163,0.029569892212748528
1606432391.0494864,1364398,0.0
1606432407.0544178,1366065,0.04471544548869133
1606432454.5958717,1371347,0.04054053872823715
1606432462.9401517,1372237,0.061749570071697235
1606432492.0166101,1375419,0.01604278013110161
1606432499.0786345,1376123,0.030612245202064514
1606432502.400822,1376449,0.06849315017461777
1606432513.7058496,1377591,0.09600000083446503
1606432543.0898201,1380829,0.032608695328235626
1606432584.6658728,1385211,0.02590673603117466
1606432591.3570068,1385869,0.03418803587555885
1606432616.0237086,1388581,0.04423380643129349
1606432619.2083106,1388911,0.03030303120613098
1606432640.4248848,1391274,0.04854368790984154
1606432646.0670807,1391840,0.00826446246355772
1606432683.746925,1396018,0.0069204154424369335
1606432687.4599354,1396435,0.04316546767950058
1606432708.443078,1398614,0.012500000186264515
1606432747.7663999,1402618,0.01413427572697401
1606432776.8358543,1405906,0.12674418091773987
1606432812.2636817,1409583,0.03999999910593033
1606432815.5115592,1409920,0.026706231757998466
1606432837.2373116,1412201,0.016949152573943138
1606432926.0955677,1413127,0.07667386531829834
1606432983.2775197,1418407,0.025477707386016846
1606432999.0980594,1420110,0.0689999982714653
1606433009.9960222,1421357,0.0
1606433023.2178528,1422868,0.0682281032204628
1606433033.3187206,1423928,0.04530744254589081
1606433051.6828437,1425958,0.0651041641831398
1606433075.5995462,1428447,0.042134832590818405
1606433100.8777864,1431061,0.01652892492711544
1606433106.653069,1431636,0.06352458894252777
1606433158.2416768,1436986,0.09861591458320618
1606433160.135208,1437172,0.037634409964084625
1606433179.9273615,1439229,0.012295082211494446
1606433198.2489533,1441028,0.020270269364118576
1606433286.150355,1450084,0.12999999523162842
1606433310.371825,1452584,0.028735632076859474
1606433321.2194505,1453769,0.0486486479640007
1606433400.4633458,1462189,0.03803486377000809
1606433409.0644991,1463060,0.033259425312280655
1606433424.8143504,1464724,0.036231882870197296
1606433433.7938333,1465724,0.041999999433755875
1606433434.5801675,1465800,0.0
1606433457.1201508,1468234,0.007936508394777775
1606433474.9181402,1470106,0.008385743945837021
1606433484.4728024,1471157,0.008298755623400211
1606433522.1054184,1475182,0.02985074557363987
1606433559.3160865,1479315,0.0729999989271164
1606433568.2241435,1480227,0.0810810774564743
1606433611.410568,1484914,0.014545454643666744
1606433624.8091545,1486354,0.03501945361495018
1606433634.5863507,1487339,0.01976284570991993
1606433683.3666632,1492414,0.026178009808063507
1606433686.4428675,1492731,0.03883495181798935
1606433697.8739488,1494019,0.06572769582271576
1606433766.8616235,1500250,0.010362694039940834
1606433775.8780055,1501154,0.021276595070958138
1606433790.4195614,1502682,0.010309278033673763
1606433801.2802281,1503820,0.0364583320915699
1606433856.2967188,1509976,0.010309278033673763
1606433861.8689427,1510520,0.011538461782038212
1606433871.893009,1511625,0.13600000739097595
1606433912.8584316,1515961,0.012903225608170033
1606433936.77092,1518552,0.06230529770255089
1606433971.1884801,1522214,0.0
1606433992.761391,1524567,0.025510204955935478
1606434033.85433,1529102,0.1589999943971634
1606434050.252671,1530968,0.036484245210886
1606434054.1358185,1531364,0.049450550228357315
1606434151.505103,1541494,0.024475524201989174
1606434157.7518802,1542188,0.08069164305925369
1606434160.693866,1542488,0.0033333334140479565
1606434192.312654,1545726,0.05000000074505806
1606434194.6537867,1545964,0.0
1606434235.8074522,1550348,0.07900000363588333
1606434274.9179704,1554149,0.0
1606434304.8661833,1556950,0.01006036251783371
1606434306.8300698,1557134,0.005434782709926367
1606434332.7611284,1559865,0.01339829433709383
1606434383.8467681,1565421,0.015355085954070091
1606434410.6741576,1568312,0.020654045045375824
1606434451.5036461,1572689,0.028260869905352592
1606434469.1214597,1574501,0.09399999678134918
1606434562.5065997,1584229,0.006382978521287441
1606434576.0502086,1585704,0.0
1606434614.8726978,1589887,0.002207505516707897
1606434631.9673214,1591698,0.005141388159245253
1606434750.8104987,1594235,0.07500000298023224
1606434791.6775784,1597341,0.04699999839067459
1606434807.6404994,1599056,0.0025380710139870644
1606434816.392365,1600056,0.028999999165534973
1606471761.8177664,1604934,0.13898305594921112
1606471770.148147,1605934,0.15399999916553497
1606471819.484204,1611967,0.14798206090927124
1606471828.7075832,1613119,0.1420000046491623
1606471836.6888268,1614119,0.14499999582767487
1606471875.422968,1618970,0.13500000536441803
1606471890.6001415,1620840,0.14000000059604645
1606471898.5737228,1621840,0.13199999928474426
1606471899.290821,1621928,0.13636364042758942
1606471900.2855966,1622052,0.12903225421905518
1606471914.2449005,1623790,0.10606060922145844
1606471927.5144842,1625442,0.1379999965429306
1606472056.59509,1641137,0.11180124431848526
1606472066.4917274,1642323,0.1184210553765297
1606472124.492998,1649402,0.1624203771352768
1606472154.0185251,1652675,0.0
1606472157.3282886,1653040,0.002739726100116968
1606472166.2375238,1654042,0.02622377686202526
1606472202.2903676,1658212,0.003968254197388887
1606472222.040327,1660484,0.021978022530674934
1606472246.7517958,1663209,0.006289307959377766
1606472369.872208,1677221,0.023255813866853714
1606472397.1600711,1680252,0.07555555552244186
1606472447.6859753,1686034,0.0117647061124444
1606472477.8977523,1689522,0.023333333432674408
1606472533.6092916,1695858,0.16899999976158142
1606472536.0453894,1696119,0.04597701132297516
1606472598.1705697,1703155,0.1459999978542328
1606472601.4097707,1703478,0.027863776311278343
1606472610.6985898,1704494,0.06392694264650345
1606472627.4032464,1706449,0.05968586355447769
1606472642.231407,1708132,0.028538811951875687
1606472646.4101627,1708590,0.02838427945971489
1606472649.6942186,1708941,0.03726708143949509
1606472832.6514673,1721873,0.006787330377846956
1606472853.307747,1724150,0.013888888992369175
1606472864.9580607,1725391,0.049504950642585754
1606472876.6459062,1726654,0.015360983088612556
1606472896.9255474,1728927,0.005194805096834898
1606472953.9182343,1735275,0.0
1606473012.6491818,1741784,0.06499999761581421
1606473029.1471689,1743569,0.03206996992230415
1606473039.5209086,1744569,0.017999999225139618
1606473104.956483,1751613,0.039000000804662704
1606473152.0403318,1756456,0.03492647036910057
1606473255.1256697,1766788,0.0
1606473290.775304,1770132,0.006430868059396744
1606473319.5774586,1773111,0.025780189782381058
1606473334.7091002,1774646,0.0037878789007663727
1606473383.6397624,1779210,0.0
1606473402.785871,1781210,0.04600000008940697
1606473474.106415,1788366,0.061000000685453415
1606473508.7235906,1791782,0.1469999998807907
1606473545.2995343,1795567,0.07599999755620956
1606473566.203333,1797623,0.04573170840740204
1606473584.4364285,1799414,0.008333333767950535
1606473603.3922358,1801314,0.09200000017881393
1606473634.5740206,1804388,0.10267229378223419
1606473679.6242602,1808629,0.0
1606473706.5613372,1811292,0.021666666492819786
1606473780.6435554,1818157,0.0560000017285347
1606473803.002042,1820264,0.0017667844658717513
1606473889.1176798,1829002,0.06499999761581421
1606473940.4818761,1834287,0.0033039648551493883
1606473961.9862664,1836497,0.164000004529953
1606473975.6603913,1837933,0.0068807341158390045
1606473984.8082256,1838893,0.01666666753590107
1606474062.032319,1841540,0.007194244768470526
1606474072.5939536,1841927,0.002583979396149516
1606474086.1332142,1842768,0.041617121547460556
1606474178.4402034,1851916,0.09600000083446503
1606474216.5196085,1855878,0.0
1606474222.594656,1856459,0.008605851791799068
1606474231.1482503,1857236,0.02844950184226036
1606474270.847332,1861199,0.12300000339746475
1606474291.222628,1863265,0.015006821602582932
1606474326.3182728,1866834,0.07900000363588333
1606474348.8464293,1869084,0.014412417076528072
1606474372.2549653,1871364,0.037254903465509415
1606474440.1263094,1878423,0.0014326648088172078
1606474480.6545208,1882965,0.08913043141365051
1606474503.038177,1885395,0.029209621250629425
1606474515.5197856,1886672,0.06313131004571915
1606474558.6871226,1891520,0.03877221420407295
1606474573.8403995,1893204,0.09784946590662003
1606474621.0179448,1898293,0.011111111380159855
1606474649.7237406,1901557,0.015384615398943424
1606474652.201945,1901828,0.0
1606474746.8997562,1912375,0.0
1606474748.0003886,1912487,0.0
1606474762.7099593,1914095,0.013311147689819336
1606474792.0124621,1917318,0.06555090844631195
1606474805.9057755,1918853,0.1720000058412552
1606474845.1258593,1923030,0.0028735632076859474
1606474856.059489,1924247,0.0
1606474862.0856164,1924897,0.01076923031359911
1606474930.6965566,1932443,0.004297994077205658
1606474941.548749,1933334,0.0
1606474946.8165936,1933860,0.0076045626774430275
1606475003.6140141,1940063,0.125
1606475011.7875633,1940942,0.007246376946568489
1606475077.4367352,1947960,0.0017857142956927419
1606475088.4571843,1949124,0.002680965233594179
1606475100.4143853,1950389,0.0595238097012043
1606475112.8179991,1951737,0.0
1606475183.863838,1958033,0.0059523810632526875
1606475286.5144873,1969020,0.026446281000971794
1606475312.618876,1971727,0.0030487803742289543
1606475364.2222953,1976985,0.02277904376387596
1606475395.3747413,1980120,0.01663893461227417
1606475436.8701215,1984413,0.002747252816334367
1606475469.6527138,1987712,0.0
1606475480.428917,1988871,0.03412073478102684
1606475501.6145453,1991021,0.032758619636297226
1606475525.8604608,1993445,0.0
1606475530.2727575,1993861,0.012019230984151363
1606475539.3467815,1994861,0.2240000069141388
1606475610.5819921,2002434,0.03200000151991844
1606475735.478927,2014176,0.0
1606475770.4363961,2017909,0.17900000512599945
1606475818.6239154,2022738,0.07500000298023224
1606475839.9413493,2024774,0.00200803205370903
1606475857.8489914,2026551,0.0729999989271164
1606475913.9670286,2032618,0.0
1606475949.9740674,2036100,0.018433179706335068
1606475994.274,2040200,0.0014245014172047377
1606476012.088675,2041953,0.01955307275056839
1606476023.7129579,2042953,0.10700000077486038
1606476069.4207356,2047402,0.02689075656235218
1606476087.1105723,2049210,0.04540162906050682
1606476094.8004763,2049888,0.02654867246747017
1606476108.964975,2051349,0.02179836481809616
1606476128.575768,2052878,0.0
1606476137.0934885,2053459,0.0
1606476152.2944982,2054459,0.1679999977350235
1606476189.5396347,2057485,0.05120167136192322
1606476194.691184,2057968,0.006493506487458944
1606476214.4756906,2060084,0.11500000208616257
1606476217.4884639,2060389,0.0032786885276436806
1606476223.0626118,2060986,0.05695142224431038
1606476224.2069757,2061096,0.00909090880304575
1606476234.8949993,2062240,0.0
1606476242.0012183,2062954,0.004672897048294544
1606476251.3841536,2063954,0.07699999958276749
1606476289.3377337,2068141,0.0949999988079071
1606476323.2199306,2071832,0.0989999994635582
1606476332.3601444,2072846,0.0
1606476342.4843435,2073943,0.0
1606476438.7785144,2080167,0.004926108289510012
1606476490.0917401,2085011,0.07539267092943192
1606476497.6163435,2085778,0.04823989421129227
1606476505.014111,2086472,0.048991356045007706
1606476541.0806303,2090050,0.08399999886751175
1606476574.2152557,2092961,0.012820512987673283
1606476598.6036932,2094980,0.0
1606476637.1927953,2098964,0.07304786145687103
1606476718.3497586,2107034,0.002020202111452818
1606476750.279154,2110295,0.02945990115404129
1606476758.837475,2111178,0.0
1606476780.272571,2113532,0.005649717524647713
1606476815.8103971,2116994,0.0
1606476861.79314,2121585,0.014005602337419987
1606476869.3567572,2122238,0.0
1606476883.0327425,2123501,0.09399999678134918
1606476895.3954496,2124501,0.02500000037252903
1606476961.5955749,2130752,0.13699999451637268
1606477041.6863656,2138895,0.12099999934434891
1606477050.9733067,2139895,0.08500000089406967
1606477097.7519612,2144713,0.0
1606477180.2104475,2152876,0.03500000014901161
1606477201.7288623,2154930,0.006741573102772236
1606477217.2013648,2156408,0.0
1606477294.3188093,2163966,0.013353115878999233
1606477339.2561045,2168469,0.0024999999441206455
1606477384.5171332,2172916,0.01655629090964794
1606477388.1000018,2173263,0.0
1606477403.8433187,2174880,0.004073319956660271
1606477416.7368317,2176216,0.0
1606477419.3991857,2176460,0.004098360426723957
1606477504.1981637,2184891,0.09399999678134918
1606477541.0108316,2188540,0.0026666666381061077
1606477550.0959334,2189320,0.0
1606477725.368702,2196986,0.0
1606477773.2219176,2201796,0.054999999701976776
1606477826.8414836,2206974,0.07500000298023224
1606477844.8775516,2208711,0.021116139367222786
1606477847.8201008,2208977,0.015037594363093376
1606477870.3699033,2211181,0.07999999821186066
1606477892.7811947,2213362,0.04800000041723251
1606477974.2169166,2221304,0.009316770359873772
1606477992.427486,2223304,0.03799999877810478
1606477996.776547,2223652,0.0028735632076859474
1606477997.7196023,2223721,0.0
1606478037.9606698,2227338,0.007662835065275431
1606478081.9269397,2231744,0.03200000151991844
1606478165.5928526,2240162,0.005434782709926367
1606478264.5196733,2250471,0.0019920319318771362
1606478297.8022811,2253592,0.0042372881434857845
1606478324.12794,2256251,0.03631284832954407
1606478333.2881613,2257251,0.11100000143051147
1606478356.776368,2259633,0.04699999839067459
1606478391.8555987,2263220,0.0
1606478412.6980093,2265245,0.012181616388261318
1606478417.8446963,2265760,0.0019417476141825318
1606478430.7170746,2267063,0.0033003301359713078
1606478475.8884761,2271668,0.0
1606478483.7669559,2272473,0.05465838685631752
1606478490.8836968,2273165,0.003683241317048669
1606478528.881311,2276926,0.001754386001266539
1606478543.6331646,2278329,0.007961783558130264
1606478648.1734324,2288552,0.0
1606478666.6715243,2290369,0.027173912152647972
1606478706.7578945,2294544,0.006000000052154064
1606478744.685137,2298441,0.012311901897192001
1606478776.5553193,2301551,0.07500000298023224
1606478803.2174487,2304361,0.03700000047683716
1606478873.3350475,2311600,0.0
1606478927.2843502,2317380,0.03500000014901161
1606479051.4511743,2320465,0.054999999701976776
1606479057.9383018,2321173,0.04096045345067978
1606479180.5801628,2334742,0.00800000037997961
1606479196.051504,2336405,0.01536312885582447
1606479204.8890173,2337405,0.007000000216066837
