Wall time,Step,Value
1606417865.023174,3879,0.11026615649461746
1606417950.0798948,12400,0.14300000667572021
1606417985.67291,16098,0.20000000298023224
1606418066.0724564,24249,0.1463414579629898
1606418083.6590872,26143,0.1230425089597702
1606418109.6967895,28896,0.1379999965429306
1606418113.3806608,29293,0.1599999964237213
1606418158.2536654,33944,0.15238095819950104
1606418164.8898137,34663,0.1689189225435257
1606418230.035482,40801,0.1409395933151245
1606418254.9872713,43240,0.12072893232107162
1606418349.4333582,53097,0.014925372786819935
1606418385.6100147,56528,0.03500000014901161
1606418392.469893,57185,0.03921568766236305
1606418395.6885233,57493,0.04220779240131378
1606418439.8005824,61688,0.05288461595773697
1606418489.1608403,65928,0.02527075819671154
1606418567.080095,72609,0.03448275849223137
1606418656.3325336,80487,0.03799999877810478
1606418676.013382,82272,0.045996591448783875
1606418698.5284142,84267,0.056179776787757874
1606418757.1384637,89527,0.01224489789456129
1606418763.5216658,90074,0.031078610569238663
1606418825.3078253,95432,0.02850877121090889
1606418836.9102921,96430,0.006666666828095913
1606418850.595412,97620,0.06315789371728897
1606418856.522901,98130,0.0470588244497776
1606418880.1707764,100198,0.04183267056941986
1606418912.1938822,102984,0.06611569970846176
1606419075.266026,107111,0.0615384615957737
1606419085.797271,108032,0.05754614621400833
1606419119.4293387,110943,0.02553626149892807
1606419219.2790425,119561,0.05400000140070915
1606419275.8149443,124546,0.035999998450279236
1606419304.527181,127067,0.014492753893136978
1606419321.1914735,128512,0.05469556152820587
1606419412.4425073,136148,0.03200000151991844
1606419459.5918732,140037,0.03536345809698105
1606419506.5942907,144099,0.0689999982714653
1606419570.8337634,149649,0.008333333767950535
1606419596.4315717,151826,0.055226825177669525
1606419611.686699,153081,0.04600000008940697
1606419725.7634351,162860,0.09828009456396103
1606419758.5063975,165745,0.02199999988079071
1606419759.6910412,165849,0.048076923936605453
1606419800.2776864,169440,0.05088495463132858
1606419828.1543822,171871,0.05316455662250519
1606419841.887481,173078,0.014492753893136978
1606419902.3208318,178116,0.04258943721652031
1606419914.1373234,179116,0.028999999165534973
1606419961.1405602,183527,0.05607476457953453
1606419974.2396164,184752,0.066006600856781
1606420019.3995488,188859,0.06896551698446274
1606420074.170769,194122,0.03099999949336052
1606420186.753867,204712,0.05000000074505806
1606420218.8655295,207692,0.05299999937415123
1606420277.0070555,213301,0.06300000101327896
1606420288.8993814,214404,0.009708737954497337
1606420628.8727834,241379,0.054347824305295944
1606420634.299198,241905,0.028517110273241997
1606420647.2654705,243200,0.035999998450279236
1606420690.4632459,247372,0.04699999839067459
1606420763.4752343,254219,0.051094889640808105
1606420779.4884486,255759,0.07999999821186066
1606420789.938355,256759,0.054999999701976776
1606420821.3947353,259759,0.08699999749660492
1606420852.122362,262685,0.03799999877810478
1606420881.576823,265403,0.04814814776182175
1606420897.864578,266978,0.033898305147886276
1606420908.3270912,267978,0.029999999329447746
1606420958.2751083,272695,0.03799999877810478
1606421045.5933363,281050,0.3037036955356598
1606421061.8923512,282652,0.13699999451637268
1606421150.7285497,291209,0.0986214205622673
1606421179.829464,294035,0.050999999046325684
1606421191.620463,295195,0.03750000149011612
1606421222.0008943,297967,0.10103627294301987
1606421276.6027331,303150,0.06862745434045792
1606421331.4180303,308382,0.03500000014901161
1606421352.5656378,310382,0.07199999690055847
1606421383.7840195,313382,0.04899999871850014
1606421419.965386,316945,0.0855855867266655
1606421443.2820942,319125,0.03896103799343109
1606421522.56931,326671,0.05645161122083664
1606421570.5882454,331233,0.04896421730518341
1606421621.7290545,336139,0.0729999989271164
1606421637.8898706,337651,0.056603774428367615
1606421689.9774628,342544,0.02800000086426735
1606421702.6724713,343692,0.027000000700354576
1606421713.562718,344692,0.05000000074505806
1606421725.863722,345867,0.04800000041723251
1606421746.075065,347867,0.041999999433755875
1606421756.2649841,348867,0.0560000017285347
1606421799.2843332,353026,0.05400000140070915
1606421804.6510818,353509,0.06418219208717346
1606421885.1629264,359154,0.11299999803304672
1606421921.130916,362655,0.09053497761487961
1606421936.2739656,364129,0.04800000041723251
1606421973.9370492,367642,0.06363636255264282
1606422018.703971,371826,0.03500000014901161
1606422038.8144517,373826,0.08100000023841858
1606422138.0470455,383285,0.0580357126891613
1606422170.7829094,386463,0.1358024626970291
1606422174.1094959,386781,0.0628930851817131
1606422188.82689,388176,0.07341772317886353
1606422193.148634,388584,0.0662650614976883
1606422203.6987329,389584,0.054999999701976776
1606422221.581387,391286,0.06622516363859177
1606422308.960001,399509,0.06132075563073158
1606422331.9782429,401626,0.04800000041723251
1606422372.8326933,405424,0.04800000041723251
1606422402.3614864,408291,0.03400000184774399
1606422428.0941052,410725,0.029999999329447746
1606422462.167794,413951,0.07500000298023224
1606422472.5138938,414949,0.04909819737076759
1606422495.5013616,417145,0.019417475908994675
1606422541.5054412,421582,0.05299999937415123
1606422635.5509672,430707,0.04100000113248825
1606422677.7461975,434300,0.04699999839067459
1606422692.2876062,435573,0.052000001072883606
1606422769.3707857,442848,0.0628930851817131
1606422806.1344423,446370,0.026819923892617226
1606422825.673245,448244,0.039000000804662704
1606422829.2535005,448599,0.0422535203397274
1606422837.1384587,449292,0.0634920671582222
1606422856.9747238,451185,0.12694300711154938
1606422896.9353871,455093,0.13414634764194489
1606422916.5636394,457093,0.07400000095367432
1606422926.7994428,458093,0.04399999976158142
1606422954.3687825,460725,0.10300000011920929
1606422987.4634526,463995,0.041999999433755875
1606423004.0287883,465614,0.17467248439788818
1606423006.0768616,465813,0.04522613063454628
1606423036.5010498,468797,0.0689999982714653
1606423108.8101218,475820,0.04899999871850014
1606423135.2653139,478431,0.07758620381355286
1606423136.0460384,478501,0.04285714402794838
1606423146.161388,479501,0.032999999821186066
1606423166.3688767,481501,0.04399999976158142
1606423168.606349,481719,0.05045871436595917
1606423224.60473,487069,0.029999999329447746
1606423252.1856666,489733,0.25
1606423256.3411207,490125,0.0714285746216774
1606423277.826394,492125,0.12600000202655792
1606423299.0814924,494125,0.061000000685453415
1606423315.0013838,495616,0.033898305147886276
1606423316.765039,495796,0.08888889104127884
1606423319.0164566,495922,0.0317460335791111
1606423342.5417058,498172,0.07699999958276749
1606423379.5921001,500286,0.03727714717388153
1606423417.0584812,503553,0.11500000208616257
1606423418.857957,503715,0.1358024626970291
1606423419.4598107,503785,0.18571428954601288
1606423461.0379126,507778,0.09200000017881393
1606423584.9574702,519885,0.16326530277729034
1606423615.075702,522919,0.13829787075519562
1606423620.259695,523395,0.12328767031431198
1606423657.304737,527111,0.11500000208616257
1606423799.8443568,541096,0.1420000046491623
1606423808.9193335,541954,0.16518424451351166
1606423836.3877778,544676,0.27619048953056335
1606423857.2611918,546676,0.10100000351667404
1606423884.5114977,549437,0.11926605552434921
1606423895.1513274,550492,0.15581394731998444
1606423921.7151754,553093,0.10373444110155106
1606423941.778277,555098,0.1315789520740509
1606423960.6777172,556931,0.10999999940395355
1606423987.8790102,559668,0.10199999809265137
1606424002.5464272,561100,0.07400000095367432
1606424029.32759,563766,0.12413793057203293
1606424044.60576,565304,0.14000000059604645
1606424057.9970767,566677,0.1589999943971634
1606424071.247719,567991,0.31854838132858276
1606424107.0304537,571528,0.22100000083446503
1606424108.3880403,571664,0.13970588147640228
1606424121.1234357,572923,0.18543046712875366
1606424157.279508,576636,0.16599999368190765
1606424162.2112873,577106,0.20370370149612427
1606424195.7804806,580453,0.18867924809455872
1606424200.839486,580956,0.14492753148078918
1606424212.5386941,582153,0.36976319551467896
1606424217.8017938,582688,0.25794392824172974
1606424266.3101287,587831,0.36614173650741577
1606424268.471208,588047,0.17592592537403107
1606424298.4996948,591119,0.17299999296665192
1606424307.9160068,592049,0.2130325883626938
1606424317.7121835,593049,0.12800000607967377
1606424324.166567,593693,0.2527472674846649
1606424333.6446536,594693,0.4090000092983246
1606424339.5559897,595258,0.21495327353477478
1606424341.2058449,595412,0.1753246784210205
1606424385.6692483,599544,0.2879999876022339
1606424412.5146787,601051,0.261904776096344
1606424419.7376566,601610,0.25
1606424425.1108181,602150,0.2764976918697357
1606424430.6749926,602709,0.24150268733501434
1606424454.3383498,605032,0.23931623995304108
1606424466.9147341,606222,0.2227722704410553
1606424509.8031414,610353,0.25757575035095215
1606424511.5455284,610509,0.24242424964904785
1606424544.8302577,613881,0.36800000071525574
1606424574.8581436,617083,0.4480000138282776
1606424610.628045,620532,0.28787878155708313
1606424670.6038897,626626,0.260869562625885
1606424697.6584156,629407,0.13899999856948853
1606424700.3875349,629685,0.22727273404598236
1606424710.6253006,630768,0.2160000056028366
1606424722.9712539,632073,0.23999999463558197
1606424730.5986073,632831,0.27848100662231445
1606424741.9433782,634019,0.11170212924480438
1606424764.1072397,636097,0.12121212482452393
1606424764.8845127,636163,0.21212121844291687
1606424795.179642,639248,0.3323943614959717
1606424815.5716383,641306,0.12600000202655792
1606424829.2766047,642717,0.3484848439693451
1606424830.0152745,642799,0.10975609719753265
1606424865.6353407,646411,0.1617647111415863
1606424880.9479408,647944,0.6093023419380188
1606424913.01069,651190,0.19699999690055847
1606424915.6777716,651441,0.1492537260055542
1606424958.480986,655760,0.19078947603702545
1606424965.231173,656441,0.30690160393714905
1606424980.0051093,657922,0.4117647111415863
1606424981.4443052,658061,0.2949640154838562
1606424982.271143,658128,0.26865673065185547
1606425040.8185186,664105,0.28901734948158264
1606425070.4618194,667203,0.12999999523162842
1606425115.57977,672002,0.16099999845027924
1606425116.1725008,672068,0.21212121844291687
1606425135.8075302,674047,0.4736842215061188
1606425149.5855718,674413,0.3498098850250244
1606425167.3432615,676151,0.1120000034570694
1606425171.3113906,676525,0.24350649118423462
1606425276.2817502,686859,0.2087591290473938
1606425296.7122068,688859,0.19699999690055847
1606425298.707969,689054,0.1869918704032898
1606425317.2050543,690866,0.19200000166893005
1606425336.7370005,692954,0.17831814289093018
1606425366.3928194,695936,0.12349727004766464
1606425373.3463988,696643,0.3199999928474426
1606425389.946831,698323,0.1766871213912964
1606425428.4775236,702201,0.21929824352264404
1606425445.5352142,704003,0.32926830649375916
1606425466.1104655,706050,0.21212121844291687
1606425493.00976,708863,0.16818642616271973
1606425493.7868683,708931,0.07352941483259201
1606425524.6384335,712097,0.2535211145877838
1606425547.1711943,714333,0.3235294222831726
1606425569.680677,716544,0.15763546526432037
1606425575.793092,717178,0.14668770134449005
1606425583.800094,717984,0.3030303120613098
1606425624.5095751,721986,0.17391304671764374
1606425627.1937892,722211,0.3186813294887543
1606425630.7454815,722561,0.21608039736747742
1606425652.326309,724566,0.15700000524520874
1606425668.97124,726262,0.20349761843681335
1606425670.9692023,726453,0.2670156955718994
1606425722.1728518,731619,0.17399999499320984
1606425756.5372987,735026,0.3181818127632141
1606425795.0012658,738818,0.3816254436969757
1606425811.499625,740550,0.16237623989582062
1606425814.108451,740806,0.1875
1606425815.763565,740974,0.19387754797935486
1606425819.5030894,741353,0.20316623151302338
1606425917.636578,747074,0.08472400158643723
1606425918.4955359,747154,0.08749999850988388
1606425932.7481766,748602,0.2178770899772644
1606425942.1914892,749600,0.2508751451969147
1606425950.8667417,750489,0.1681034415960312
1606425958.6964188,751300,0.16375838220119476
1606425974.5108912,752956,0.16842105984687805
1606425977.6707816,753259,0.22368420660495758
1606425981.7395785,753630,0.1550387591123581
1606426048.9687192,760442,0.12790697813034058
1606426049.7747893,760512,0.11428571492433548
1606426066.6522634,762129,0.10000000149011612
1606426079.5778012,763296,0.15238095819950104
1606426083.0207472,763608,0.09294871985912323
1606426092.1657617,764539,0.1536458283662796
1606426098.8466675,765217,0.1895424872636795
1606426100.498512,765386,0.18934911489486694
1606426146.510187,770405,0.15009041130542755
1606426159.951133,771784,0.17154255509376526
1606426201.0601864,775762,0.22480620443820953
1606426201.847855,775828,0.24242424964904785
1606426212.8325899,776958,0.20297029614448547
1606426270.0764065,782600,0.1912568360567093
1606426280.7792478,783683,0.20888888835906982
1606426285.2387712,784137,0.18061673641204834
1606426287.2440228,784333,0.1683168262243271
1606426321.4625635,787986,0.16500000655651093
1606426339.5871859,789775,0.15068493783473969
1606426340.5481207,789864,0.11235955357551575
1606426370.5055606,792908,0.2225130945444107
1606426381.475464,794037,0.04545454680919647
1606426384.3140275,794310,0.1547619104385376
1606426398.7682002,795727,0.16923077404499054
1606426411.8154652,796907,0.28358209133148193
1606426433.014014,798334,0.22522522509098053
1606426436.4026582,798688,0.23446327447891235
1606426453.2162464,800451,0.2300885021686554
1606426475.8571913,802664,0.11560693383216858
1606426493.921099,804292,0.1515151560306549
1606426496.656248,804563,0.180811807513237
1606426502.6902747,805097,0.30204081535339355
1606426517.3440337,806599,0.1807228922843933
1606426522.9230664,807120,0.203125
1606426525.5590448,807339,0.17006802558898926
1606426530.0377438,807717,0.14432989060878754
1606426536.5957716,808360,0.08749999850988388
1606426539.533475,808631,0.1515151560306549
1606426565.4741595,811205,0.16042780876159668
1606426599.0813239,814629,0.22727273404598236
1606426613.0955281,816034,0.19090908765792847
1606426616.6514523,816383,0.24170616269111633
1606426619.3114903,816634,0.17928287386894226
1606426631.2601593,817833,0.18151815235614777
1606426632.0299907,817900,0.19402985274791718
1606426668.165728,821602,0.1782178282737732
1606426676.4320047,822418,0.17142857611179352
1606426682.8276248,823098,0.20735293626785278
1606426689.8637874,823717,0.19224555790424347
1606426698.5439672,824580,0.27042800188064575
1606426709.9776459,825714,0.22123894095420837
1606426725.7165515,827305,0.1515151560306549
1606426726.3104103,827371,0.24242424964904785
1606426752.5797772,830101,0.24817518889904022
1606426753.8510768,830224,0.15447154641151428
1606426783.3615186,833336,0.1827957034111023
1606426790.5624056,834072,0.2514285743236542
1606426792.647512,834272,0.17910447716712952
1606426797.902416,834769,0.24183006584644318
1606426805.8591776,835524,0.2142857164144516
1606426806.885953,835622,0.23469388484954834
1606426808.533576,835784,0.13333334028720856
1606426810.4680076,835971,0.22994652390480042
1606426815.8476107,836527,0.2823741137981415
1606426822.3022044,837146,0.1538461595773697
1606426853.922584,840313,0.25724637508392334
1606426870.2587893,841983,0.2241014838218689
1606426886.834014,843698,0.17924527823925018
1606426905.551393,845534,0.17599999904632568
1606426906.4099374,845606,0.25
1606426930.4137504,847956,0.3055555522441864
1606426973.224565,849429,0.22058823704719543
1606427005.7832127,852896,0.18870967626571655
1606427015.2396178,853820,0.028985507786273956
1606427022.0773695,854564,0.24519941210746765
1606427034.5106807,855938,0.08955223858356476
1606427054.408466,857999,0.2889518439769745
1606427055.353677,858087,0.21590909361839294
1606427063.632975,858925,0.3194888234138489
1606427075.9440725,860092,0.09090909361839294
1606427084.20291,860770,0.22043010592460632
1606427136.071068,865928,0.03030303120613098
1606427141.5611746,866469,0.3211009204387665
1606427153.818083,867666,0.22522522509098053
1606427154.715653,867748,0.2073170691728592
1606427155.7892344,867851,0.21359223127365112
1606427215.2459714,874040,0.33000001311302185
1606427269.7854583,879799,0.13636364042758942
1606427295.79256,882585,0.3149999976158142
1606427307.9995077,883795,0.028985507786273956
1606427329.6909235,885953,0.21804511547088623
1606427336.5379822,886609,0.21568627655506134
1606427338.5898452,886809,0.2886597812175751
1606427344.6380079,887454,0.2841409742832184
1606427353.5841334,888348,0.1702127605676651
1606427358.5706153,888827,0.22429905831813812
1606427361.642811,889123,0.3028571307659149
1606427379.4288862,891035,0.21621622145175934
1606427382.807737,891358,0.23846153914928436
1606427398.6775558,893054,0.3136531412601471
1606427421.1823983,895329,0.09090909361839294
1606427427.0309336,895828,0.09859155118465424
1606427456.962866,898867,0.07575757801532745
1606427457.7650142,898934,0.2238806039094925
1606427458.5253837,899000,0.19696970283985138
1606427515.4658754,904847,0.24347825348377228
1606427554.1674814,906778,0.35114502906799316
1606427570.28222,908437,0.36500000953674316
1606427587.7341855,910248,0.35199999809265137
1606427591.846271,910574,0.2791410982608795
1606427598.8435297,911254,0.232876718044281
1606427602.862004,911628,0.19374999403953552
1606427604.22749,911766,0.15942029654979706
1606427626.6347656,914142,0.30925509333610535
1606427629.142577,914334,0.13636364042758942
1606427638.5256703,915307,0.34140434861183167
1606427642.9407876,915737,0.27218934893608093
1606427654.61442,916958,0.2822580635547638
1606427660.1120658,917529,0.10606060922145844
1606427667.2018049,918238,0.3561643958091736
1606427684.0059056,919985,0.2563636302947998
1606427721.4524698,923813,0.23376622796058655
1606427752.2060266,927024,0.4180000126361847
1606427761.4203331,928024,0.4390000104904175
1606427762.4117002,928120,0.1875
1606427764.8054008,928360,0.2709677517414093
1606427773.838537,929360,0.3709999918937683
1606427782.3859944,930278,0.35093897581100464
1606427796.9445348,931713,0.3540229797363281
1606427808.1970127,932898,0.3788819909095764
1606427819.827163,934191,0.13432836532592773
1606427826.4732583,934827,0.19557195901870728
1606427836.6776092,935902,0.2666666805744171
1606427865.6019433,938869,0.1515151560306549
1606427870.5191362,939342,0.10606060922145844
1606427879.9153829,940277,0.27450981736183167
1606427895.0880742,941809,0.19858156144618988
1606427904.510473,942763,0.403940886259079
1606427914.0787466,943829,0.1515151560306549
1606427916.5763342,944098,0.3271375596523285
1606427942.9737027,946758,0.25770309567451477
1606427956.4757195,948070,0.2809999883174896
1606427959.2294877,948308,0.22857142984867096
1606427962.251863,948594,0.09090909361839294
1606427972.4324982,949594,0.05400000140070915
1606427985.8726711,951008,0.19512194395065308
1606427987.1589134,951139,0.18320611119270325
1606427989.475733,951372,0.16190476715564728
1606428011.212446,953621,0.1289999932050705
1606428012.3142002,953726,0.2857142984867096
1606428030.1849656,955485,0.3561643958091736
1606428032.0337267,955614,0.19379845261573792
1606428039.2464113,956305,0.2863636314868927
1606428045.8003535,956889,0.26760563254356384
1606428057.6460953,958042,0.2549019753932953
1606428070.5428905,959357,0.15299999713897705
1606428091.3914552,961318,0.13636364042758942
1606428098.603828,962047,0.25702810287475586
1606428107.4605546,962955,0.22068965435028076
1606428110.6852362,963287,0.2530120611190796
1606428121.8277235,964424,0.1599999964237213
1606428137.4937115,966091,0.26643598079681396
1606428260.935285,968388,0.22368420660495758
1606428265.3161128,968802,0.21739129722118378
1606428296.9295986,972054,0.1596091240644455
1606428311.7794278,973599,0.2931034564971924
1606428323.5439527,974704,0.20952381193637848
1606428340.6172504,976266,0.16521738469600677
1606428341.4247434,976337,0.2535211145877838
1606428343.802024,976563,0.18421052396297455
1606428351.658962,977348,0.23745819926261902
1606428352.4141014,977414,0.1515151560306549
1606428368.7710762,979182,0.21501706540584564
1606428371.210949,979315,0.24242424964904785
1606428372.4686215,979437,0.2704918086528778
1606428389.5524786,981140,0.1538461595773697
1606428399.320572,982156,0.1702127605676651
1606428412.9522622,983502,0.09677419066429138
1606428441.6153262,986440,0.11999999731779099
1606428457.4035485,988066,0.21212121844291687
1606428470.9854805,989514,0.3231334090232849
1606428500.0605454,992406,0.2222222238779068
1606428507.8189344,993123,0.3253012001514435
1606428513.911897,993708,0.215231791138649
1606428519.159828,994211,0.22807016968727112
1606428522.8781915,994579,0.20000000298023224
1606428527.6350834,995052,0.2241014838218689
1606428529.5262723,995224,0.20930232107639313
1606428545.0847812,996735,0.29032257199287415
1606428548.8367977,997124,0.24164524674415588
1606428550.698793,997314,0.21052631735801697
1606428557.7598424,998084,0.1695999950170517
1606428579.7692199,1000209,0.2132352888584137
1606428580.550925,1000297,0.23863635957241058
1606428587.1985948,1000983,0.13829787075519562
1606428600.9829981,1002315,0.1906614750623703
1606428620.645417,1004278,0.2448979616165161
1606428676.9262428,1010053,0.04477611929178238
1606428722.2999444,1014726,0.2729591727256775
1606428739.1069465,1016466,0.2572815418243408
1606428741.2627645,1016692,0.22566372156143188
1606428743.6820412,1016922,0.3164556920528412
1606428785.6170025,1020598,0.30434781312942505
1606428788.5107472,1020786,0.2028985470533371
1606428794.5662694,1021384,0.16379310190677643
1606428838.7115877,1026041,0.09200000017881393
1606428861.9645529,1028333,0.25868725776672363
1606428863.8599732,1028515,0.1428571492433548
1606428899.2499309,1032058,0.2638888955116272
1606428929.986106,1035301,0.14577656984329224
1606428950.557913,1037537,0.18681319057941437
1606428951.7336125,1037656,0.1596638709306717
1606428956.534095,1038147,0.20540539920330048
1606428966.7485402,1039213,0.10606060922145844
1606428982.7898169,1040824,0.260869562625885
1606429029.7996862,1045706,0.2238806039094925
1606429058.0532322,1048569,0.26100000739097595
1606429059.1691952,1048636,0.26865673065185547
1606429085.1662385,1051018,0.28936171531677246
1606429086.7535033,1051183,0.11764705926179886
1606429090.118433,1051503,0.2230769246816635
1606429091.4873607,1051646,0.27272728085517883
1606429093.5190506,1051856,0.22857142984867096
1606429119.0348842,1054383,0.23577235639095306
1606429123.045949,1054772,0.24576270580291748
1606429139.8232555,1056466,0.24260355532169342
1606429150.000192,1057476,0.24475523829460144
1606429156.9287398,1058151,0.2521008551120758
1606429159.166148,1058364,0.1834862381219864
1606429164.5175579,1058877,0.24519230425357819
1606429175.049775,1059888,0.20895522832870483
1606429186.7668386,1061034,0.3103448152542114
1606429192.936655,1061638,0.2958333194255829
1606429197.0557191,1062057,0.22972972691059113
1606429201.8771396,1062521,0.22972972691059113
1606429232.8546596,1065608,0.21472392976284027
1606429233.6083038,1065692,0.2142857164144516
1606429268.0648243,1069122,0.24637681245803833
1606429271.2318459,1069428,0.29279279708862305
1606429312.628608,1073622,0.16551724076271057
1606429314.658691,1073823,0.24875621497631073
1606429315.835808,1073941,0.2711864411830902
1606429316.5917711,1074010,0.2028985470533371
1606429320.7797897,1074367,0.20253165066242218
1606429382.1786127,1075490,0.2696428596973419
1606429406.1507638,1077353,0.15662650763988495
1606429410.249686,1077765,0.29854369163513184
1606429419.530428,1078749,0.3199999928474426
1606429445.561786,1081389,0.2866666615009308
1606429454.0511107,1082223,0.2719033360481262
1606429461.9991813,1083014,0.0746268630027771
1606429465.8132977,1083383,0.18018017709255219
1606429466.5839481,1083449,0.24242424964904785
1606429492.735466,1086118,0.28351128101348877
1606429499.7912755,1086846,0.35449734330177307
1606429516.3695753,1088564,0.4150943458080292
1606429530.9219804,1090009,0.3349168598651886
1606429544.314568,1091407,0.20155039429664612
1606429607.6136856,1097873,0.27464789152145386
1606429615.5375206,1098653,0.23636363446712494
1606429619.6980968,1099062,0.1989247351884842
1606429626.8037307,1099749,0.28999999165534973
1606429633.8389635,1100424,0.1666666716337204
1606429656.3212578,1102705,0.21698112785816193
1606429666.3597343,1103718,0.2554216980934143
1606429678.7539303,1105082,0.14499999582767487
1606429728.8408558,1110284,0.2631579041481018
1606429755.1888802,1112857,0.3030303120613098
1606429756.2751548,1112964,0.1962616890668869
1606429775.1273205,1115072,0.20800000429153442
1606429806.058597,1118344,0.15000000596046448
1606429825.69546,1120356,0.21864406764507294
1606429829.725145,1120766,0.24634146690368652
1606429831.7339911,1120968,0.22772277891635895
1606429832.4851403,1121034,0.19696970283985138
1606429835.325464,1121316,0.27304965257644653
1606429836.806372,1121471,0.2967741787433624
1606429866.8252766,1124739,0.2777777910232544
1606429929.6972747,1131221,0.20200000703334808
1606429939.073718,1132221,0.15299999713897705
1606429940.9759765,1132402,0.28176796436309814
1606429952.0474384,1133497,0.27533039450645447
1606430010.788797,1138726,0.17000000178813934
1606430020.5080771,1139799,0.16099999845027924
1606430055.070508,1143439,0.25982531905174255
1606430055.8974278,1143514,0.23999999463558197
1606430059.101266,1143817,0.20212766528129578
1606430060.626087,1143967,0.2151898741722107
1606430065.1547184,1144425,0.2838428020477295
1606430075.616971,1145558,0.21804511547088623
1606430125.90596,1150852,0.1515151560306549
1606430141.8155746,1152513,0.16300000250339508
1606430146.1273658,1152928,0.21848739683628082
1606430161.2717915,1154501,0.2637362778186798
1606430177.825784,1156163,0.22704081237316132
1606430181.0152287,1156492,0.1975683867931366
1606430204.3246915,1158925,0.2366071492433548
1606430212.7872212,1159764,0.2398427277803421
1606430216.32015,1160119,0.26478874683380127
1606430236.8583584,1162221,0.20224718749523163
1606430255.804644,1164311,0.3222222328186035
1606430280.385404,1166782,0.21893490850925446
1606430286.0274622,1167365,0.27070707082748413
1606430288.1702738,1167568,0.26446279883384705
1606430293.0634284,1168038,0.251655638217926
1606430340.4777787,1172754,0.09909909963607788
1606430346.4268923,1173269,0.25
1606430347.4192827,1173337,0.2647058963775635
1606430348.7901657,1173439,0.2549019753932953
1606430394.597817,1177450,0.27399998903274536
1606430423.9063306,1180111,0.2185792326927185
1606430456.6816618,1183396,0.25971731543540955
1606430522.489359,1189728,0.23076923191547394
1606430537.9551184,1191326,0.21917808055877686
1606430545.714875,1192190,0.25
1606430559.5819561,1193636,0.2293333262205124
1606430594.1632462,1197306,0.3181818127632141
1606430613.9237397,1199246,0.24409449100494385
1606430623.4187927,1200236,0.2240000069141388
1606430742.6771579,1202547,0.20000000298023224
1606430747.7279453,1203077,0.23762376606464386
1606430751.900802,1203503,0.20779220759868622
1606430754.9753308,1203814,0.22171945869922638
1606430761.2292438,1204496,0.20673076808452606
1606430767.5888572,1205121,0.2638888955116272
1606430770.1683455,1205379,0.25193798542022705
1606430780.7138736,1206391,0.25280898809432983
1606430796.3961072,1208054,0.24300000071525574
1606430799.2970378,1208348,0.18309858441352844
1606430805.1223772,1208934,0.21311475336551666
1606430822.4923437,1210676,0.2537313401699066
1606430834.6284826,1211878,0.32600000500679016
1606430837.6507788,1212189,0.28938907384872437
1606430838.790245,1212298,0.1834862381219864
1606430860.6378067,1214530,0.30841121077537537
1606430891.543827,1217777,0.3505154550075531
1606430900.9062564,1218859,0.3869999945163727
1606430907.008584,1219495,0.25333333015441895
1606430924.9082499,1221495,0.5339999794960022
1606430926.821826,1221675,0.2604166567325592
1606430970.1425347,1226314,0.21276596188545227
1606430990.1453695,1228523,0.4970000088214874
1606431051.9654622,1235267,0.12878787517547607
1606431056.9543114,1235757,0.18978102505207062
1606431107.341171,1241080,0.2789115607738495
1606431163.9682152,1247309,0.25
1606431165.1493208,1247429,0.2750000059604645
1606431188.2805798,1250009,0.13636364042758942
1606431190.0217361,1250199,0.24736842513084412
1606431192.4624913,1250429,0.2795698940753937
1606431197.4448588,1250943,0.3333333432674408
1606431205.0901415,1251699,0.22123894095420837
1606431219.1783786,1253162,0.2866043746471405
1606431225.2723324,1253795,0.2751423120498657
1606431281.9387243,1259155,0.28939828276634216
1606431327.7368639,1264037,0.3179999887943268
1606431333.4648614,1264596,0.22727273404598236
1606431347.4097953,1265917,0.2735042870044708
1606431351.1659534,1266323,0.3325123190879822
1606431383.9376316,1268711,0.2164948433637619
1606431391.0872731,1269465,0.32119205594062805
1606431470.4773355,1277958,0.2800000011920929
1606431489.801717,1280037,0.3330000042915344
1606431497.3120453,1280765,0.28282827138900757
1606431507.83934,1281898,0.2594936788082123
1606431511.3520603,1282248,0.30000001192092896
1606431513.3598416,1282447,0.1975308656692505
1606431515.5246518,1282673,0.3097345232963562
1606431529.478928,1284057,0.18978102505207062
1606431583.106406,1289768,0.26249998807907104
1606431597.2561915,1291234,0.2814207673072815
1606431626.211964,1294263,0.2752293646335602
1606431633.6503167,1295037,0.37962964177131653
1606431635.0530906,1295179,0.31578946113586426
1606431647.7345703,1296455,0.23076923191547394
1606431655.8072996,1297329,0.2538461685180664
1606431703.786664,1302456,0.3241106867790222
1606431710.1144793,1303140,0.21641790866851807
1606431722.0708876,1304391,0.2876712381839752
1606431751.5950212,1307429,0.4339999854564667
1606431770.0329268,1309455,0.31617647409439087
1606431780.2408671,1310455,0.44600000977516174
1606431782.7361748,1310700,0.30204081535339355
1606431790.4286222,1311429,0.28282827138900757
1606431807.2636948,1313209,0.3055555522441864
1606431824.711858,1315060,0.3303571343421936
1606431843.7060924,1316968,0.291262149810791
1606431855.5582745,1318201,0.3246753215789795
1606431869.671272,1319722,0.4278017282485962
1606431880.632652,1320913,0.44999998807907104
1606431908.3259811,1323988,0.365558922290802
1606431924.086339,1325677,0.34343433380126953
1606431928.5719824,1326118,0.3052631616592407
1606431932.948331,1326559,0.28823530673980713
1606431939.791994,1327245,0.21529744565486908
1606431959.4678013,1329363,0.296842098236084
1606432001.3746192,1333861,0.21138212084770203
1606432113.775091,1335413,0.23148147761821747
1606432132.6466634,1337428,0.3402646481990814
1606432199.524246,1344673,0.270114928483963
1606432208.7518044,1345657,0.34437087178230286
1606432216.751621,1346481,0.2267206460237503
1606432230.8826714,1347922,0.25503355264663696
1606432260.125359,1351036,0.2700892984867096
1606432275.3673623,1352639,0.29949238896369934
1606432280.4681728,1353177,0.296875
1606432298.6790059,1354990,0.2700729966163635
1606432302.9871595,1355416,0.36150234937667847
1606432328.5759447,1357993,0.38018742203712463
1606432356.4823143,1360835,0.3076923191547394
1606432379.2537646,1363163,0.301075279712677
1606432391.0495713,1364398,0.28260868787765503
1606432407.0545197,1366065,0.24390244483947754
1606432454.5959716,1371347,0.2432432472705841
1606432462.940321,1372237,0.3396226465702057
1606432492.0167146,1375419,0.24598930776119232
1606432499.0787358,1376123,0.2602040767669678
1606432502.4009097,1376449,0.24657534062862396
1606432513.7060728,1377591,0.35499998927116394
1606432543.0899045,1380829,0.19565217196941376
1606432584.6659732,1385211,0.3056994676589966
1606432591.357094,1385869,0.29914531111717224
1606432616.0238745,1388581,0.3301737904548645
1606432619.208433,1388911,0.31515151262283325
1606432640.4249732,1391274,0.24271844327449799
1606432646.0671723,1391840,0.1818181872367859
1606432683.7470846,1396018,0.26989617943763733
1606432687.4600587,1396435,0.3309352397918701
1606432708.4431665,1398614,0.3499999940395355
1606432747.7665055,1402618,0.26501765847206116
1606432776.8360395,1405906,0.34069767594337463
1606432812.263765,1409583,0.2800000011920929
1606432815.511672,1409920,0.2640949487686157
1606432837.237479,1412201,0.25
1606432926.0958202,1413127,0.44168466329574585
1606432983.2776446,1418407,0.26433122158050537
1606432999.0982974,1420110,0.37700000405311584
1606433009.9961247,1421357,0.24696356058120728
1606433023.2180567,1422868,0.4501018226146698
1606433033.3189049,1423928,0.3430420756340027
1606433051.682998,1425958,0.2734375
1606433075.5996747,1428447,0.27808988094329834
1606433100.8778827,1431061,0.19834710657596588
1606433106.6532204,1431636,0.29303279519081116
1606433158.2418327,1436986,0.23356401920318604
1606433160.1353078,1437172,0.20967741310596466
1606433179.927473,1439229,0.30327868461608887
1606433198.2490768,1441028,0.32770270109176636
1606433286.1505864,1450084,0.3779999911785126
1606433310.3719256,1452584,0.28735631704330444
1606433321.2195487,1453769,0.24864864349365234
1606433400.463554,1462189,0.3613312244415283
1606433409.0646362,1463060,0.3303769528865814
1606433424.8144486,1464724,0.18840579688549042
1606433433.794029,1465724,0.31200000643730164
1606433434.5802696,1465800,0.15789473056793213
1606433457.120239,1468234,0.1825396865606308
1606433474.9182694,1470106,0.30817610025405884
1606433484.4728997,1471157,0.24481327831745148
1606433522.105547,1475182,0.28997868299484253
1606433559.3162825,1479315,0.33899998664855957
1606433568.224235,1480227,0.3378378450870514
1606433611.4106774,1484914,0.2181818187236786
1606433624.8093064,1486354,0.3404669165611267
1606433634.586446,1487339,0.3320158123970032
1606433683.3667874,1492414,0.2565445005893707
1606433686.442965,1492731,0.26213592290878296
1606433697.8740578,1494019,0.30985915660858154
1606433766.8617966,1500250,0.39637306332588196
1606433775.878105,1501154,0.26241135597229004
1606433790.4196913,1502682,0.2525773048400879
1606433801.280442,1503820,0.39453125
1606433856.296803,1509976,0.1649484485387802
1606433861.8690557,1510520,0.23461538553237915
1606433871.893203,1511625,0.335999995470047
1606433912.8585372,1515961,0.3032258152961731
1606433936.7710805,1518552,0.322429895401001
1606433971.1885853,1522214,0.23255814611911774
1606433992.7615123,1524567,0.2857142984867096
1606434033.8545432,1529102,0.32100000977516174
1606434050.2528336,1530968,0.25041458010673523
1606434054.1359124,1531364,0.26923078298568726
1606434151.5052145,1541494,0.2377622425556183
1606434157.7520685,1542188,0.3342939615249634
1606434160.693992,1542488,0.27666667103767395
1606434192.3129046,1545726,0.4000000059604645
1606434194.6538815,1545964,0.2867647111415863
1606434235.8081186,1550348,0.4169999957084656
1606434274.9181037,1554149,0.27062705159187317
1606434304.8663363,1556950,0.28370222449302673
1606434306.8301966,1557134,0.21195651590824127
1606434332.7613325,1559865,0.35322776436805725
1606434383.8469377,1565421,0.3243761956691742
1606434410.6743453,1568312,0.3080894947052002
1606434451.5037866,1572689,0.33043476939201355
1606434469.1217008,1574501,0.34599998593330383
1606434562.5067499,1584229,0.34893617033958435
1606434576.0503175,1585704,0.25190839171409607
1606434614.8728442,1589887,0.29801324009895325
1606434631.9674451,1591698,0.29048842191696167
1606434750.8107717,1594235,0.39899998903274536
1606434791.6778178,1597341,0.4269999861717224
1606434807.6406202,1599056,0.25380709767341614
1606434816.3925831,1600056,0.2759999930858612
1606471761.817885,1604934,0.10847457498311996
1606471770.1483526,1605934,0.13699999451637268
1606471819.484321,1611967,0.15246637165546417
1606471828.7079463,1613119,0.1420000046491623
1606471836.6890614,1614119,0.15000000596046448
1606471875.4233618,1618970,0.14499999582767487
1606471890.6003985,1620840,0.14399999380111694
1606471898.5741386,1621840,0.14800000190734863
1606471899.2909057,1621928,0.1818181872367859
1606471900.2857096,1622052,0.12903225421905518
1606471914.2449794,1623790,0.12121212482452393
1606471927.5146763,1625442,0.12999999523162842
1606472056.5951896,1641137,0.08695652335882187
1606472066.4918215,1642323,0.15789473056793213
1606472124.4931173,1649402,0.14012739062309265
1606472154.0186646,1652675,0.2405063360929489
1606472157.3284056,1653040,0.3095890283584595
1606472166.2376673,1654042,0.3181818127632141
1606472202.290487,1658212,0.2976190447807312
1606472222.0404272,1660484,0.22344322502613068
1606472246.7519112,1663209,0.27358490228652954
1606472369.8722892,1677221,0.09302325546741486
1606472397.1602087,1680252,0.2244444489479065
1606472447.6860576,1686034,0.23529411852359772
1606472477.8978658,1689522,0.27000001072883606
1606472533.6096103,1695858,0.2709999978542328
1606472536.0454955,1696119,0.2145593911409378
1606472598.1707656,1703155,0.33899998664855957
1606472601.4098845,1703478,0.27244582772254944
1606472610.6988142,1704494,0.3287671208381653
1606472627.4034576,1706449,0.2879581153392792
1606472642.231591,1708132,0.3778538703918457
1606472646.4102921,1708590,0.3013100326061249
1606472649.69431,1708941,0.24223601818084717
1606472832.6515963,1721873,0.37556561827659607
1606472853.307843,1724150,0.32870370149612427
1606472864.9581754,1725391,0.21782177686691284
1606472876.6462493,1726654,0.3102918565273285
1606472896.9256635,1728927,0.23896104097366333
1606472953.9183207,1735275,0.3208955228328705
1606473012.6493778,1741784,0.3370000123977661
1606473029.1473608,1743569,0.3979591727256775
1606473039.5211358,1744569,0.4519999921321869
1606473104.9566739,1751613,0.503000020980835
1606473152.0405207,1756456,0.3694852888584137
1606473255.1257784,1766788,0.27184465527534485
1606473290.775428,1770132,0.29903537034988403
1606473319.5776293,1773111,0.45183175802230835
1606473334.7092597,1774646,0.2234848439693451
1606473383.639879,1779210,0.3085501790046692
1606473402.7860837,1781210,0.4440000057220459
1606473474.1066353,1788366,0.4729999899864197
1606473508.7237942,1791782,0.45100000500679016
1606473545.2997236,1795567,0.38499999046325684
1606473566.20353,1797623,0.4044715464115143
1606473584.4365222,1799414,0.2083333283662796
1606473603.3924437,1801314,0.4620000123977661
1606473634.5742161,1804388,0.30098453164100647
1606473679.624444,1808629,0.31792977452278137
1606473706.5615554,1811292,0.34833332896232605
1606473780.6438286,1818157,0.3720000088214874
1606473803.0023413,1820264,0.3674911558628082
1606473889.1179237,1829002,0.32499998807907104
1606473940.4820836,1834287,0.4680616855621338
1606473961.9864902,1836497,0.3149999976158142
1606473975.6605282,1837933,0.24082568287849426
1606473984.8084726,1838893,0.40833333134651184
1606474062.0325916,1841540,0.23021583259105682
1606474072.5941317,1841927,0.2868216931819916
1606474086.1334927,1842768,0.4256837069988251
1606474178.440395,1851916,0.5139999985694885
1606474216.5197144,1855878,0.21686747670173645
1606474222.594834,1856459,0.4027538597583771
1606474231.1484375,1857236,0.394025593996048
1606474270.8475587,1861199,0.28600001335144043
1606474291.2228217,1863265,0.37244200706481934
1606474326.318497,1866834,0.36899998784065247
1606474348.8466446,1869084,0.35587581992149353
1606474372.2551227,1871364,0.33529412746429443
1606474440.1264794,1878423,0.3581661880016327
1606474480.6547177,1882965,0.37173911929130554
1606474503.0383322,1885395,0.27491408586502075
1606474515.5199108,1886672,0.3232323229312897
1606474558.6872897,1891520,0.30856218934059143
1606474573.8405929,1893204,0.3150537610054016
1606474621.0180464,1898293,0.21111111342906952
1606474649.7239168,1901557,0.3636363744735718
1606474652.2020528,1901828,0.2804428040981293
1606474746.8998554,1912375,0.21019108593463898
1606474748.0004766,1912487,0.1964285671710968
1606474762.7101147,1914095,0.2945091426372528
1606474792.0126388,1917318,0.28591352701187134
1606474805.9059854,1918853,0.26600000262260437
1606474845.1259897,1923030,0.25287356972694397
1606474856.059593,1924247,0.22580644488334656
1606474862.0859704,1924897,0.29846152663230896
1606474930.6967487,1932443,0.343839555978775
1606474941.5488744,1933334,0.3987138271331787
1606474946.8167496,1933860,0.41064637899398804
1606475003.6142232,1940063,0.3070000112056732
1606475011.7876744,1940942,0.23188406229019165
1606475077.4369342,1947960,0.35178571939468384
1606475088.4573107,1949124,0.3592493236064911
1606475100.414544,1950389,0.2874149680137634
1606475112.818168,1951737,0.27796053886413574
1606475183.8639476,1958033,0.2678571343421936
1606475286.5146837,1969020,0.3140496015548706
1606475312.618987,1971727,0.21036584675312042
1606475364.222437,1976985,0.28018224239349365
1606475395.3749115,1980120,0.3128119707107544
1606475436.8702505,1984413,0.27747252583503723
1606475469.652836,1987712,0.2310030460357666
1606475480.4290574,1988871,0.2572178542613983
1606475501.6147192,1991021,0.3655172288417816
1606475525.8605514,1993445,0.16981132328510284
1606475530.2728794,1993861,0.32932692766189575
1606475539.3469727,1994861,0.2849999964237213
1606475610.5822203,2002434,0.32499998807907104
1606475735.4790711,2014176,0.3177340030670166
1606475770.4367197,2017909,0.26100000739097595
1606475818.6241505,2022738,0.3540000021457672
1606475839.941501,2024774,0.28313252329826355
1606475857.8491826,2026551,0.3100000023841858
1606475913.9672043,2032618,0.24671532213687897
1606475949.9742095,2036100,0.34331798553466797
1606475994.274199,2040200,0.3105413019657135
1606476012.0888715,2041953,0.37849161028862
1606476023.7131608,2042953,0.33000001311302185
1606476069.4209032,2047402,0.33949580788612366
1606476087.111043,2049210,0.38300350308418274
1606476094.8006766,2049888,0.34808260202407837
1606476108.9651601,2051349,0.29972752928733826
1606476128.57589,2052878,0.2142857164144516
1606476137.0937083,2053459,0.33907055854797363
1606476152.2948244,2054459,0.23999999463558197
1606476189.5398505,2057485,0.3145245611667633
1606476194.6913033,2057968,0.26623377203941345
1606476214.4759085,2060084,0.27799999713897705
1606476217.4885855,2060389,0.31803280115127563
1606476223.0627694,2060986,0.259631484746933
1606476224.2070665,2061096,0.17272727191448212
1606476234.8951008,2062240,0.2708333432674408
1606476242.0013292,2062954,0.21495327353477478
1606476251.3843806,2063954,0.32499998807907104
1606476289.33813,2068141,0.38100001215934753
1606476323.2201424,2071832,0.3930000066757202
1606476332.3602405,2072846,0.19354838132858276
1606476342.4844537,2073943,0.22499999403953552
1606476438.7786913,2080167,0.2610837519168854
1606476490.0919414,2085011,0.2607329785823822
1606476497.616576,2085778,0.2594524025917053
1606476505.0143006,2086472,0.30403459072113037
1606476541.0811133,2090050,0.21299999952316284
1606476574.2154121,2092961,0.28717949986457825
1606476598.6038034,2094980,0.20502091944217682
1606476637.192975,2098964,0.33249369263648987
1606476718.3499365,2107034,0.2646464705467224
1606476750.2793212,2110295,0.41243863105773926
1606476758.837617,2111178,0.32924336194992065
1606476780.272704,2113532,0.26271185278892517
1606476815.8105588,2116994,0.3125
1606476861.793349,2121585,0.3613445460796356
1606476869.3568602,2122238,0.5625
1606476883.0329926,2123501,0.35600000619888306
1606476895.3957036,2124501,0.382999986410141
1606476961.5957742,2130752,0.3700000047683716
1606477041.6865888,2138895,0.3230000138282776
1606477050.973566,2139895,0.40400001406669617
1606477097.7522118,2144713,0.3299120366573334
1606477180.2106822,2152876,0.40799999237060547
1606477201.7290096,2154930,0.341573029756546
1606477217.2014742,2156408,0.2279069721698761
1606477294.3190389,2163966,0.4287833869457245
1606477339.2562456,2168469,0.39750000834465027
1606477384.5173178,2172916,0.3245033025741577
1606477388.100131,2173263,0.2824207544326782
1606477403.8434503,2174880,0.24643585085868835
1606477416.7369847,2176216,0.300595223903656
1606477419.3993044,2176460,0.24180327355861664
1606477504.1986456,2184891,0.2540000081062317
1606477541.0109735,2188540,0.24533332884311676
1606477550.0960467,2189320,0.1666666716337204
1606477725.3688028,2196986,0.37288135290145874
1606477773.2221382,2201796,0.503000020980835
1606477826.8417068,2206974,0.3959999978542328
1606477844.8777344,2208711,0.4087481200695038
1606477847.8202202,2208977,0.2744360864162445
1606477870.3701906,2211181,0.4830000102519989
1606477892.7814486,2213362,0.4050000011920929
1606477974.217092,2221304,0.31677019596099854
1606477992.4277039,2223304,0.49900001287460327
1606477996.7767084,2223652,0.2816092073917389
1606477997.7196972,2223721,0.15942029654979706
1606478037.9607728,2227338,0.25287356972694397
1606478081.9271421,2231744,0.38999998569488525
1606478165.5929513,2240162,0.22826087474822998
1606478264.5198665,2250471,0.24900399148464203
1606478297.802401,2253592,0.2118644118309021
1606478324.128144,2256251,0.3631284832954407
1606478333.2883873,2257251,0.36800000071525574
1606478356.7765834,2259633,0.36000001430511475
1606478391.8556952,2263220,0.25
1606478412.6983356,2265245,0.4174972176551819
1606478417.8448527,2265760,0.33980581164360046
1606478430.7171996,2267063,0.27392739057540894
1606478475.8886733,2271668,0.3769100308418274
1606478483.7671862,2272473,0.4149068295955658
1606478490.8838644,2273165,0.3591160178184509
1606478528.8814874,2276926,0.3105263113975525
1606478543.633343,2278329,0.3216560482978821
1606478648.1735785,2288552,0.3820960819721222
1606478666.671714,2290369,0.36684781312942505
1606478706.758089,2294544,0.41499999165534973
1606478744.6853285,2298441,0.4254446029663086
1606478776.5555437,2301551,0.47999998927116394
1606478803.2176735,2304361,0.5329999923706055
1606478873.3351579,2311600,0.16853933036327362
1606478927.2845569,2317380,0.375
1606479051.4514184,2320465,0.414000004529953
1606479057.938467,2321173,0.4618644118309021
1606479180.5803933,2334742,0.4429999887943268
1606479196.051695,2336405,0.455307275056839
1606479204.8892207,2337405,0.46000000834465027
