Wall time,Step,Value
1606417865.023222,3879,0.15209124982357025
1606417950.080062,12400,0.14100000262260437
1606417985.672963,16098,0.13333334028720856
1606418066.0725214,24249,0.1407129466533661
1606418083.6591883,26143,0.1375838965177536
1606418109.6968787,28896,0.14100000262260437
1606418113.3807108,29293,0.1666666716337204
1606418158.2537274,33944,0.13333334028720856
1606418164.8898597,34663,0.15540540218353271
1606418230.0355628,40801,0.1409395933151245
1606418254.9873362,43240,0.14123006165027618
1606418349.4334278,53097,0.8656716346740723
1606418385.6101232,56528,0.7210000157356262
1606418392.4699304,57185,0.5098039507865906
1606418395.688583,57493,0.5
1606418439.8006268,61688,0.7644230723381042
1606418489.160893,65928,0.826714813709259
1606418567.080144,72609,0.44252872467041016
1606418656.33264,80487,0.2759999930858612
1606418676.0134566,82272,0.5127768516540527
1606418698.5284543,84267,0.08988764137029648
1606418757.138527,89527,0.5877550840377808
1606418763.5217483,90074,0.5667275786399841
1606418825.307904,95432,0.15570175647735596
1606418836.910347,96430,0.25999999046325684
1606418850.5954633,97620,0.19473683834075928
1606418856.522983,98130,0.12745098769664764
1606418880.1708746,100198,0.2908366620540619
1606418912.1939282,102984,0.7603305578231812
1606419075.2661128,107111,0.3046153783798218
1606419085.7973876,108032,0.17698153853416443
1606419119.429442,110943,0.1542390137910843
1606419219.2791538,119561,0.13099999725818634
1606419275.8150623,124546,0.2720000147819519
1606419304.527256,127067,0.1473429948091507
1606419321.1916006,128512,0.2332301288843155
1606419412.4425805,136148,0.13066667318344116
1606419459.591961,140037,0.31434184312820435
1606419506.5944104,144099,0.17499999701976776
1606419570.8338058,149649,0.3583333194255829
1606419596.4316506,151826,0.21104536950588226
1606419611.6869123,153081,0.19900000095367432
1606419725.7635014,162860,0.13513512909412384
1606419758.5065024,165745,0.06499999761581421
1606419759.6910818,165849,0.1538461595773697
1606419800.2777512,169440,0.1548672616481781
1606419828.1544428,171871,0.15189872682094574
1606419841.8875282,173078,0.15942029654979706
1606419902.320919,178116,0.20954003930091858
1606419914.1374555,179116,0.29899999499320984
1606419961.1405995,183527,0.22429905831813812
1606419974.2396784,184752,0.17161716520786285
1606420019.3995903,188859,0.2298850566148758
1606420074.170971,194122,0.17499999701976776
1606420186.7539775,204712,0.1459999978542328
1606420218.8656332,207692,0.1860000044107437
1606420277.0072112,213301,0.2150000035762787
1606420288.8994262,214404,0.3203883469104767
1606420628.8728218,241379,0.44565218687057495
1606420634.299273,241905,0.15779468417167664
1606420647.265593,243200,0.14300000667572021
1606420690.463364,247372,0.10100000351667404
1606420763.4752762,254219,0.32116788625717163
1606420779.488596,255759,0.12099999934434891
1606420789.93848,256759,0.07999999821186066
1606420821.3948545,259759,0.1589999943971634
1606420852.1224651,262685,0.10300000011920929
1606420881.5769038,265403,0.11666666716337204
1606420897.864627,266978,0.1906779706478119
1606420908.3271892,267978,0.061000000685453415
1606420958.27521,272695,0.17800000309944153
1606421045.5933762,281050,0.25925925374031067
1606421061.892454,282652,0.0949999988079071
1606421150.7286727,291209,0.1527041345834732
1606421179.8295667,294035,0.11599999666213989
1606421191.6205072,295195,0.25
1606421222.0009851,297967,0.16580310463905334
1606421276.6028063,303150,0.1764705926179886
1606421331.4181268,308382,0.08500000089406967
1606421352.5657413,310382,0.08399999886751175
1606421383.7841206,313382,0.1860000044107437
1606421419.9654355,316945,0.11711711436510086
1606421443.2821302,319125,0.11688311398029327
1606421522.5693676,326671,0.12365591526031494
1606421570.5883205,331233,0.07909604161977768
1606421621.7291632,336139,0.210999995470047
1606421637.8900216,337651,0.1924528330564499
1606421689.9775627,342544,0.16099999845027924
1606421702.6725688,343692,0.06700000166893005
1606421713.5628657,344692,0.1550000011920929
1606421725.8638213,345867,0.13099999725818634
1606421746.0751688,347867,0.11400000005960464
1606421756.2650871,348867,0.11299999803304672
1606421799.284437,353026,0.0860000029206276
1606421804.651143,353509,0.0476190485060215
1606421885.163034,359154,0.1809999942779541
1606421921.130969,362655,0.25102880597114563
1606421936.2740762,364129,0.14000000059604645
1606421973.9371517,367642,0.10404040664434433
1606422018.7041016,371826,0.09300000220537186
1606422038.8145494,373826,0.09300000220537186
1606422138.0470934,383285,0.0892857164144516
1606422170.7829504,386463,0.1975308656692505
1606422174.109546,386781,0.15094339847564697
1606422188.8269482,388176,0.20253165066242218
1606422193.1487415,388584,0.16566264629364014
1606422203.6989162,389584,0.07699999958276749
1606422221.581484,391286,0.10463576018810272
1606422308.9600482,399509,0.16981132328510284
1606422331.97835,401626,0.05000000074505806
1606422372.8327966,405424,0.20900000631809235
1606422402.3615947,408291,0.07800000160932541
1606422428.0942016,410725,0.057999998331069946
1606422462.1678956,413951,0.10899999737739563
1606422472.5139942,414949,0.10020039975643158
1606422495.5014,417145,0.1650485396385193
1606422541.505553,421582,0.07400000095367432
1606422635.551075,430707,0.10700000077486038
1606422677.7463307,434300,0.05999999865889549
1606422692.2877061,435573,0.14100000262260437
1606422769.370906,442848,0.0974842756986618
1606422806.134515,446370,0.1704980880022049
1606422825.6733415,448244,0.05700000002980232
1606422829.2535586,448599,0.1098591536283493
1606422837.1385422,449292,0.11544011533260345
1606422856.974782,451185,0.2331606149673462
1606422896.9354413,455093,0.2804878056049347
1606422916.5637498,457093,0.1080000028014183
1606422926.7995539,458093,0.07800000160932541
1606422954.368892,460725,0.1379999965429306
1606422987.463567,463995,0.09000000357627869
1606423004.028837,465614,0.3362445533275604
1606423006.0769079,465813,0.06532663106918335
1606423036.5011585,468797,0.164000004529953
1606423108.81023,475820,0.07800000160932541
1606423135.2653642,478431,0.2715517282485962
1606423136.0460851,478501,0.3571428656578064
1606423146.1615012,479501,0.05900000035762787
1606423166.3689914,481501,0.08299999684095383
1606423168.6063933,481719,0.0917431190609932
1606423224.6048908,487069,0.05700000002980232
1606423252.185709,489733,0.4140625
1606423256.3411846,490125,0.125
1606423277.826499,492125,0.12800000607967377
1606423299.081598,494125,0.08699999749660492
1606423315.0014415,495616,0.1501210629940033
1606423316.765087,495796,0.2666666805744171
1606423319.0164974,495922,0.2142857164144516
1606423342.541811,498172,0.12399999797344208
1606423379.592184,500286,0.1734197735786438
1606423417.058593,503553,0.09200000017881393
1606423418.8579977,503715,0.20370370149612427
1606423419.4598475,503785,0.20000000298023224
1606423461.038013,507778,0.12700000405311584
1606423584.9575164,519885,0.41496598720550537
1606423615.0757768,522919,0.24924011528491974
1606423620.2597427,523395,0.1780821979045868
1606423657.3048348,527111,0.125
1606423799.844466,541096,0.16200000047683716
1606423808.919421,541954,0.07750952988862991
1606423836.387816,544676,0.3333333432674408
1606423857.2613003,546676,0.12399999797344208
1606423884.5115352,549437,0.40366971492767334
1606423895.1513839,550492,0.3232558071613312
1606423921.7152214,553093,0.2946058213710785
1606423941.7783122,555098,0.09210526198148727
1606423960.6778126,556931,0.18000000715255737
1606423987.8791153,559668,0.14800000190734863
1606424002.5465846,561100,0.12300000339746475
1606424029.327631,563766,0.3379310369491577
1606424044.6058795,565304,0.15399999916553497
1606424057.9971726,566677,0.1509999930858612
1606424071.2477694,567991,0.24193547666072845
1606424107.030558,571528,0.10899999737739563
1606424108.388078,571664,0.1985294073820114
1606424121.123476,572923,0.4701986610889435
1606424157.2796142,576636,0.2070000022649765
1606424162.2113738,577106,0.29629629850387573
1606424195.7805212,580453,0.3679245412349701
1606424200.839523,580956,0.3478260934352875
1606424212.5387704,582153,0.2732240557670593
1606424217.8018727,582688,0.30467289686203003
1606424266.3101783,587831,0.27952754497528076
1606424268.4712548,588047,0.25
1606424298.4997993,591119,0.12600000202655792
1606424307.916061,592049,0.18796992301940918
1606424317.712279,593049,0.12600000202655792
1606424324.1666095,593693,0.3186813294887543
1606424333.6447597,594693,0.18199999630451202
1606424339.556028,595258,0.4953271150588989
1606424341.205891,595412,0.4935064911842346
1606424385.6693492,599544,0.21699999272823334
1606424412.5147326,601051,0.30158731341362
1606424419.7377114,601610,0.32575756311416626
1606424425.110883,602150,0.41013824939727783
1606424430.6750958,602709,0.3059034049510956
1606424454.3383877,605032,0.36752137541770935
1606424466.914795,606222,0.28960394859313965
1606424509.8031805,610353,0.09090909361839294
1606424511.5455635,610509,0.39393940567970276
1606424544.8303845,613881,0.25099998712539673
1606424574.8581958,617083,0.25200000405311584
1606424610.6280842,620532,0.3333333432674408
1606424670.6039283,626626,0.15942029654979706
1606424697.6585162,629407,0.1850000023841858
1606424700.3875732,629685,0.13636364042758942
1606424710.6254005,630768,0.2240000069141388
1606424722.971364,632073,0.25368422269821167
1606424730.5986469,632831,0.4810126721858978
1606424741.9434264,634019,0.17553190886974335
1606424764.1072822,636097,0.469696968793869
1606424764.8845499,636163,0.39393940567970276
1606424795.1796966,639248,0.46197181940078735
1606424815.571761,641306,0.1459999978542328
1606424829.2766438,642717,0.24242424964904785
1606424830.015312,642799,0.5243902206420898
1606424865.635382,646411,0.1764705926179886
1606424880.9480038,647944,0.23488372564315796
1606424913.0108075,651190,0.1860000044107437
1606424915.6778095,651441,0.13432836532592773
1606424958.4810288,655760,0.46052631735801697
1606424965.231256,656441,0.2657856047153473
1606424980.0051517,657922,0.31617647409439087
1606424981.4443448,658061,0.3956834673881531
1606424982.2711887,658128,0.28358209133148193
1606425040.8185701,664105,0.39306357502937317
1606425070.4620988,667203,0.19599999487400055
1606425115.5798917,672002,0.29899999499320984
1606425116.1725364,672068,0.43939393758773804
1606425135.807579,674047,0.2163742631673813
1606425149.5856197,674413,0.3650190234184265
1606425167.343419,676151,0.13500000536441803
1606425171.3114412,676525,0.4025973975658417
1606425276.2818346,686859,0.24233576655387878
1606425296.7123072,688859,0.13500000536441803
1606425298.708008,689054,0.5528455376625061
1606425317.2050972,690866,0.5440000295639038
1606425336.7371175,692954,0.1965552121400833
1606425366.3929117,695936,0.21420764923095703
1606425373.3464432,696643,0.19200000166893005
1606425389.9469254,698323,0.17300613224506378
1606425428.477567,702201,0.4736842215061188
1606425445.535255,704003,0.2195121943950653
1606425466.1105006,706050,0.22727273404598236
1606425493.0098608,708863,0.2107396125793457
1606425493.7869039,708931,0.11764705926179886
1606425524.63847,712097,0.09859155118465424
1606425547.1712368,714333,0.4117647111415863
1606425569.6807191,716544,0.3842364549636841
1606425575.7931688,717178,0.326498419046402
1606425583.80013,717984,0.10606060922145844
1606425624.5096097,721986,0.4202898442745209
1606425627.193828,722211,0.38461539149284363
1606425630.7455256,722561,0.5427135825157166
1606425652.3264143,724566,0.1720000058412552
1606425668.9713202,726262,0.3386327624320984
1606425670.9692528,726453,0.47643980383872986
1606425722.1729574,731619,0.22599999606609344
1606425756.5373323,735026,0.10606060922145844
1606425795.001322,738818,0.29328620433807373
1606425811.4996982,740550,0.39801979064941406
1606425814.1084974,740806,0.36328125
1606425815.763603,740974,0.4285714328289032
1606425819.5031438,741353,0.4168865382671356
1606425917.6366737,747074,0.22464698553085327
1606425918.4955711,747154,0.550000011920929
1606425932.748237,748602,0.4078212380409241
1606425942.1916,749600,0.23453909158706665
1606425950.8668196,750489,0.3642241358757019
1606425958.6965222,751300,0.34228187799453735
1606425974.5109375,752956,0.41578948497772217
1606425977.6708326,753259,0.3947368562221527
1606425981.7396202,753630,0.302325576543808
1606426048.9688172,760442,0.276485800743103
1606426049.7748375,760512,0.2571428716182709
1606426066.6523123,762129,0.30909091234207153
1606426079.5778425,763296,0.46666666865348816
1606426083.0208018,763608,0.2756410241127014
1606426092.1658762,764539,0.4557291567325592
1606426098.8467507,765217,0.2598039209842682
1606426100.4985545,765386,0.33136093616485596
1606426146.510262,770405,0.4285714328289032
1606426159.951224,771784,0.32047873735427856
1606426201.0602274,775762,0.5426356792449951
1606426201.847892,775828,0.43939393758773804
1606426212.8326342,776958,0.4653465449810028
1606426270.0764842,782600,0.44262295961380005
1606426280.7792933,783683,0.5111111402511597
1606426285.2388444,784137,0.3700440526008606
1606426287.244058,784333,0.49504950642585754
1606426321.4626813,787986,0.27900001406669617
1606426339.587231,789775,0.5
1606426340.5481596,789864,0.4157303273677826
1606426370.5056164,792908,0.47643980383872986
1606426381.4755049,794037,0.09090909361839294
1606426384.314068,794310,0.2261904776096344
1606426398.7682543,795727,0.5769230723381042
1606426411.8155084,796907,0.34328359365463257
1606426433.0140727,798334,0.32732734084129333
1606426436.4027176,798688,0.4096045196056366
1606426453.2162964,800451,0.4292035400867462
1606426475.857248,802664,0.23699422180652618
1606426493.9211338,804292,0.19696970283985138
1606426496.6562982,804563,0.509225070476532
1606426502.6903248,805097,0.1755101978778839
1606426517.3440752,806599,0.5180723071098328
1606426522.9231088,807120,0.515625
1606426525.5590932,807339,0.3945578336715698
1606426530.0377834,807717,0.3505154550075531
1606426536.5958078,808360,0.36250001192092896
1606426539.5335135,808631,0.06060606241226196
1606426565.4742072,811205,0.4171122908592224
1606426599.0813787,814629,0.5303030014038086
1606426613.0955772,816034,0.6181818246841431
1606426616.6514983,816383,0.3744075894355774
1606426619.3115382,816634,0.350597620010376
1606426631.2602346,817833,0.36303630471229553
1606426632.030045,817900,0.2985074520111084
1606426668.1657813,821602,0.5148515105247498
1606426676.4320686,822418,0.3252747356891632
1606426682.8276997,823098,0.3235294222831726
1606426689.8638632,823717,0.2843295633792877
1606426698.5440369,824580,0.3696497976779938
1606426709.9776876,825714,0.47787609696388245
1606426725.7165904,827305,0.03030303120613098
1606426726.310445,827371,0.3636363744735718
1606426752.5798326,830101,0.4635036587715149
1606426753.851122,830224,0.4796747863292694
1606426783.3615599,833336,0.3655914068222046
1606426790.5624466,834072,0.4285714328289032
1606426792.6475816,834272,0.38805970549583435
1606426797.90246,834769,0.40522876381874084
1606426805.8592331,835524,0.48136645555496216
1606426806.8860013,835622,0.5
1606426808.5336144,835784,0.20000000298023224
1606426810.4680538,835971,0.33155080676078796
1606426815.8476872,836527,0.30035972595214844
1606426822.3022432,837146,0.38461539149284363
1606426853.922645,840313,0.3297101557254791
1606426870.258865,841983,0.4756871163845062
1606426886.8340585,843698,0.38679245114326477
1606426905.5514944,845534,0.25200000405311584
1606426906.4099786,845606,0.5
1606426930.4137948,847956,0.18333333730697632
1606426973.2246134,849429,0.343137264251709
1606427005.7832997,852896,0.37419354915618896
1606427015.2396567,853820,0.24637681245803833
1606427022.077491,854564,0.3559822738170624
1606427034.5107174,855938,0.26865673065185547
1606427054.408517,857999,0.43059489130973816
1606427055.353715,858087,0.40909090638160706
1606427063.6330729,858925,0.3658146858215332
1606427075.944112,860092,0.3484848439693451
1606427084.2029572,860770,0.5107526779174805
1606427136.0711071,865928,0.10606060922145844
1606427141.5612218,866469,0.3761467933654785
1606427153.818131,867666,0.4369369447231293
1606427154.7157025,867748,0.5487805008888245
1606427155.7892752,867851,0.5728155374526978
1606427215.2460816,874040,0.2680000066757202
1606427269.7854943,879799,0.1818181872367859
1606427295.7926583,882585,0.25600001215934753
1606427307.9995463,883795,0.08695652335882187
1606427329.6909652,885953,0.3834586441516876
1606427336.538024,886609,0.5098039507865906
1606427338.589883,886809,0.4020618498325348
1606427344.6380658,887454,0.42070484161376953
1606427353.5841773,888348,0.42553192377090454
1606427358.570653,888827,0.5046728849411011
1606427361.6428633,889123,0.47999998927116394
1606427379.4289372,891035,0.5559845566749573
1606427382.8077772,891358,0.4769230782985687
1606427398.677607,893054,0.4317343235015869
1606427421.1824334,895329,0.10606060922145844
1606427427.0309741,895828,0.1690140813589096
1606427456.9629037,898867,0.06060606241226196
1606427457.765051,898934,0.43283581733703613
1606427458.5254385,899000,0.40909090638160706
1606427515.4659169,904847,0.4434782564640045
1606427554.1676662,906778,0.24100327491760254
1606427570.2823157,908437,0.25999999046325684
1606427587.734511,910248,0.2879999876022339
1606427591.8463216,910574,0.3680981695652008
1606427598.843565,911254,0.1780821979045868
1606427602.8620443,911628,0.5562499761581421
1606427604.2275238,911766,0.37681159377098083
1606427626.6348395,914142,0.32957109808921814
1606427629.1426234,914334,0.40909090638160706
1606427638.525774,915307,0.2639225125312805
1606427642.9408348,915737,0.43195265531539917
1606427654.6144774,916958,0.4327957034111023
1606427660.112117,917529,0.3787878751754761
1606427667.2018418,918238,0.34246575832366943
1606427684.005977,919985,0.3418181836605072
1606427721.4525082,923813,0.3896103799343109
1606427752.2061274,927024,0.25999999046325684
1606427761.4204838,928024,0.2939999997615814
1606427762.4117398,928120,0.6145833134651184
1606427764.8054433,928360,0.4000000059604645
1606427773.838633,929360,0.23399999737739563
1606427782.3860812,930278,0.21948356926441193
1606427796.9445906,931713,0.4000000059604645
1606427808.1970727,932898,0.29192546010017395
1606427819.827197,934191,0.2537313401699066
1606427826.4733045,934827,0.4132841229438782
1606427836.6776614,935902,0.47999998927116394
1606427865.6019828,938869,0.19696970283985138
1606427870.5191743,939342,0.22727273404598236
1606427879.9154353,940277,0.4673202633857727
1606427895.0881212,941809,0.38297873735427856
1606427904.5105288,942763,0.3571428656578064
1606427914.07878,943829,0.13636364042758942
1606427916.5763807,944098,0.4498141407966614
1606427942.973766,946758,0.32773110270500183
1606427956.4758208,948070,0.24300000071525574
1606427959.2295334,948308,0.4476190507411957
1606427962.2519028,948594,0.04545454680919647
1606427972.4326055,949594,0.07900000363588333
1606427985.8727076,951008,0.47560974955558777
1606427987.1589572,951139,0.37404578924179077
1606427989.4757707,951372,0.5333333611488342
1606428011.2125456,953621,0.1469999998807907
1606428012.3142352,953726,0.5047619342803955
1606428030.1850257,955485,0.3333333432674408
1606428032.0337708,955614,0.5426356792449951
1606428039.2464674,956305,0.4272727370262146
1606428045.8004005,956889,0.49295774102211
1606428057.6461387,958042,0.3921568691730499
1606428070.5429847,959357,0.21699999272823334
1606428091.3914914,961318,0.3181818127632141
1606428098.6038735,962047,0.40963855385780334
1606428107.460615,962955,0.4206896424293518
1606428110.6852903,963287,0.4427710771560669
1606428121.8277595,964424,0.2800000011920929
1606428137.493782,966091,0.3339100480079651
1606428260.9353247,968388,0.45394736528396606
1606428265.3161554,968802,0.4956521689891815
1606428296.9296505,972054,0.2540716528892517
1606428311.7794757,973599,0.3362068831920624
1606428323.5440092,974704,0.3047619163990021
1606428340.6173036,976266,0.573913037776947
1606428341.424782,976337,0.4647887349128723
1606428343.80206,976563,0.4385964870452881
1606428351.6590166,977348,0.38461539149284363
1606428352.4141371,977414,0.469696968793869
1606428368.7711756,979182,0.26166099309921265
1606428371.2109852,979315,0.42424243688583374
1606428372.4686608,979437,0.5327869057655334
1606428389.5525184,981140,0.4825174808502197
1606428399.3206112,982156,0.5
1606428412.952315,983502,0.34193548560142517
1606428441.61542,986440,0.20399999618530273
1606428457.4035883,988066,0.24242424964904785
1606428470.9855623,989514,0.3108935058116913
1606428500.0605896,992406,0.4545454680919647
1606428507.818976,993123,0.5180723071098328
1606428513.9119487,993708,0.4139072895050049
1606428519.1598818,994211,0.5157894492149353
1606428522.8782322,994579,0.410526305437088
1606428527.635145,995052,0.3509513735771179
1606428529.5263119,995224,0.23255814611911774
1606428545.0848198,996735,0.5591397881507874
1606428548.836851,997124,0.39331620931625366
1606428550.6988819,997314,0.46315789222717285
1606428557.7599187,998084,0.4000000059604645
1606428579.7692616,1000209,0.2647058963775635
1606428580.5509615,1000297,0.4318181872367859
1606428587.1986308,1000983,0.5957446694374084
1606428600.9830523,1002315,0.43579766154289246
1606428620.6454616,1004278,0.3520408272743225
1606428676.92628,1010053,0.02985074557363987
1606428722.3,1014726,0.4515306055545807
1606428739.1069896,1016466,0.5291262269020081
1606428741.2628322,1016692,0.5265486836433411
1606428743.68208,1016922,0.3417721390724182
1606428785.6170497,1020598,0.3333333432674408
1606428788.5107858,1020786,0.52173912525177
1606428794.5663102,1021384,0.3017241358757019
1606428838.7116916,1026041,0.17000000178813934
1606428861.964631,1028333,0.30694979429244995
1606428863.8600187,1028515,0.35164836049079895
1606428899.2499747,1032058,0.33796295523643494
1606428929.986198,1035301,0.2711171805858612
1606428950.5579476,1037537,0.5384615659713745
1606428951.7336543,1037656,0.6386554837226868
1606428956.5341413,1038147,0.5135135054588318
1606428966.7485764,1039213,0.1818181872367859
1606428982.7898567,1040824,0.28260868787765503
1606429029.7997262,1045706,0.5820895433425903
1606429058.0533557,1048569,0.29499998688697815
1606429059.1692352,1048636,0.5373134613037109
1606429085.1662881,1051018,0.31489360332489014
1606429086.7535415,1051183,0.36764705181121826
1606429090.1184757,1051503,0.5
1606429091.487402,1051646,0.440559446811676
1606429093.5190942,1051856,0.46190476417541504
1606429119.0349412,1054383,0.5067750811576843
1606429123.0459979,1054772,0.508474588394165
1606429139.8233013,1056466,0.4674556255340576
1606429150.0002363,1057476,0.4755244851112366
1606429156.928782,1058151,0.5210084319114685
1606429159.16619,1058364,0.5688073635101318
1606429164.5176034,1058877,0.375
1606429175.0498111,1059888,0.46268656849861145
1606429186.7668865,1061034,0.4482758641242981
1606429192.9367008,1061638,0.44583332538604736
1606429197.0557566,1062057,0.4054054021835327
1606429201.8771787,1062521,0.5135135054588318
1606429232.8547375,1065608,0.4314928352832794
1606429233.6083455,1065692,0.4047619104385376
1606429268.0648673,1069122,0.5362318754196167
1606429271.2318938,1069428,0.477477490901947
1606429312.6286817,1073622,0.475862056016922
1606429314.6587403,1073823,0.3034825921058655
1606429315.8358507,1073941,0.4237288236618042
1606429316.5918105,1074010,0.5507246255874634
1606429320.7798302,1074367,0.4430379867553711
1606429382.1787233,1075490,0.26428571343421936
1606429406.1508157,1077353,0.5903614163398743
1606429410.2497475,1077765,0.41019418835639954
1606429419.5304668,1078749,0.36000001430511475
1606429445.5618255,1081389,0.4399999976158142
1606429454.051162,1082223,0.4108761250972748
1606429461.9992201,1083014,0.2238806039094925
1606429465.8133376,1083383,0.3963963985443115
1606429466.5839858,1083449,0.1818181872367859
1606429492.7355595,1086118,0.25741398334503174
1606429499.791319,1086846,0.39153438806533813
1606429516.3696146,1088564,0.3207547068595886
1606429530.922037,1090009,0.26365795731544495
1606429544.3146074,1091407,0.5426356792449951
1606429607.6137273,1097873,0.47183099389076233
1606429615.5375865,1098653,0.4424242377281189
1606429619.6981363,1099062,0.47311827540397644
1606429626.8037708,1099749,0.47999998927116394
1606429633.8390033,1100424,0.5350877046585083
1606429656.3212998,1102705,0.4245283007621765
1606429666.3597922,1103718,0.2843373417854309
1606429678.7540238,1105082,0.22699999809265137
1606429728.840893,1110284,0.49473685026168823
1606429755.1889255,1112857,0.46212121844291687
1606429756.275208,1112964,0.5420560836791992
1606429775.1274269,1115072,0.21199999749660492
1606429806.0586982,1118344,0.2919999957084656
1606429825.6955297,1120356,0.4016949236392975
1606429829.7252045,1120766,0.3365853726863861
1606429831.7340722,1120968,0.5099009871482849
1606429832.4851742,1121034,0.43939393758773804
1606429835.3255148,1121316,0.40780141949653625
1606429836.806414,1121471,0.4000000059604645
1606429866.8253164,1124739,0.4722222089767456
1606429929.6973763,1131221,0.2549999952316284
1606429939.073816,1132221,0.21799999475479126
1606429940.9760346,1132402,0.4309392273426056
1606429952.0475013,1133497,0.21365638077259064
1606430010.7888951,1138726,0.2460000067949295
1606430020.508295,1139799,0.16699999570846558
1606430055.070618,1143439,0.23471616208553314
1606430055.8974648,1143514,0.5600000023841858
1606430059.101306,1143817,0.40425533056259155
1606430060.6261249,1143967,0.49367088079452515
1606430065.1547768,1144425,0.39519649744033813
1606430075.6170137,1145558,0.451127827167511
1606430125.9060009,1150852,0.3030303120613098
1606430141.8156781,1152513,0.22599999606609344
1606430146.127407,1152928,0.38655462861061096
1606430161.2718444,1154501,0.593406617641449
1606430177.8258862,1156163,0.44897958636283875
1606430181.015282,1156492,0.44680851697921753
1606430204.3247406,1158925,0.5446428656578064
1606430212.7873259,1159764,0.2634338140487671
1606430216.3202112,1160119,0.4507042169570923
1606430236.8584049,1162221,0.5898876190185547
1606430255.80468,1164311,0.4333333373069763
1606430280.3854456,1166782,0.4911242723464966
1606430286.027523,1167365,0.4060606062412262
1606430288.1703117,1167568,0.5371900796890259
1606430293.0634735,1168038,0.49668875336647034
1606430340.4778202,1172754,0.6756756901741028
1606430346.4269443,1173269,0.5
1606430347.4193223,1173337,0.3529411852359772
1606430348.790227,1173439,0.47058823704719543
1606430394.5979407,1177450,0.23399999737739563
1606430423.906427,1180111,0.4836065471172333
1606430456.6817534,1183396,0.35335689783096313
1606430522.489428,1189728,0.4843304753303528
1606430537.955159,1191326,0.534246563911438
1606430545.7149732,1192190,0.33564814925193787
1606430559.5820117,1193636,0.47733333706855774
1606430594.1632884,1197306,0.42424243688583374
1606430613.9237802,1199246,0.3858267664909363
1606430623.418845,1200236,0.41600000858306885
1606430742.6771955,1202547,0.581818163394928
1606430747.727996,1203077,0.47194719314575195
1606430751.9008415,1203503,0.5584415793418884
1606430754.975379,1203814,0.46606335043907166
1606430761.2292876,1204496,0.6538461446762085
1606430767.588901,1205121,0.5046296119689941
1606430770.1683986,1205379,0.4767441749572754
1606430780.713917,1206391,0.516853928565979
1606430796.3962033,1208054,0.2529999911785126
1606430799.2970722,1208348,0.6760563254356384
1606430805.1224253,1208934,0.5491803288459778
1606430822.4923775,1210676,0.5373134613037109
1606430834.628602,1211878,0.23100000619888306
1606430837.6508505,1212189,0.440514475107193
1606430838.790287,1212298,0.4220183491706848
1606430860.637846,1214530,0.5233644843101501
1606430891.5438693,1217777,0.4639175236225128
1606430900.906349,1218859,0.2980000078678131
1606430907.0086408,1219495,0.3199999928474426
1606430924.9083483,1221495,0.20600000023841858
1606430926.8218677,1221675,0.5104166865348816
1606430970.1425784,1226314,0.5531914830207825
1606430990.1454616,1228523,0.16699999570846558
1606431051.965502,1235267,0.6666666865348816
1606431056.9543507,1235757,0.5912408828735352
1606431107.3412082,1241080,0.45578232407569885
1606431163.9682498,1247309,0.5882353186607361
1606431165.149363,1247429,0.5333333611488342
1606431188.2806208,1250009,0.7121211886405945
1606431190.0217783,1250199,0.5473684072494507
1606431192.4625309,1250429,0.47311827540397644
1606431197.4449022,1250943,0.3777777850627899
1606431205.0901785,1251699,0.5044247508049011
1606431219.1784334,1253162,0.43302181363105774
1606431225.2724154,1253795,0.38519924879074097
1606431281.9387798,1259155,0.44126075506210327
1606431327.736964,1264037,0.23999999463558197
1606431333.4649048,1264596,0.5974025726318359
1606431347.409833,1265917,0.4273504316806793
1606431351.1660068,1266323,0.3694581389427185
1606431383.9376705,1268711,0.5567010045051575
1606431391.0873513,1269465,0.33112582564353943
1606431470.4773707,1277958,0.5866666436195374
1606431489.8018184,1280037,0.20100000500679016
1606431497.3120863,1280765,0.38383838534355164
1606431507.8393807,1281898,0.5632911324501038
1606431511.352115,1282248,0.4628571569919586
1606431513.3598804,1282447,0.4938271641731262
1606431515.5246975,1282673,0.45132744312286377
1606431529.4789693,1284057,0.40875911712646484
1606431583.1064434,1289768,0.5249999761581421
1606431597.2562475,1291234,0.4617486298084259
1606431626.2120051,1294263,0.5321100950241089
1606431633.6503873,1295037,0.3333333432674408
1606431635.0531263,1295179,0.5131579041481018
1606431647.7346206,1296455,0.55982905626297
1606431655.8073382,1297329,0.5153846144676208
1606431703.7867105,1302456,0.41897234320640564
1606431710.114517,1303140,0.5746268630027771
1606431722.070944,1304391,0.5022830963134766
1606431751.5951421,1307429,0.2290000021457672
1606431770.0329685,1309455,0.44117647409439087
1606431780.240964,1310455,0.23899999260902405
1606431782.736251,1310700,0.4979591965675354
1606431790.428663,1311429,0.4343434274196625
1606431807.2637334,1313209,0.5555555820465088
1606431824.711905,1315060,0.4598214328289032
1606431843.7061317,1316968,0.48543688654899597
1606431855.5583434,1318201,0.4935064911842346
1606431869.6713686,1319722,0.2532327473163605
1606431880.63275,1320913,0.18700000643730164
1606431908.326056,1323988,0.33081570267677307
1606431924.0863776,1325677,0.38383838534355164
1606431928.5720325,1326118,0.45964911580085754
1606431932.9483752,1326559,0.4588235318660736
1606431939.7920501,1327245,0.5665722489356995
1606431959.467863,1329363,0.437894731760025
1606432001.3746576,1333861,0.6341463327407837
1606432113.7751293,1335413,0.5277777910232544
1606432132.646741,1337428,0.4272211790084839
1606432199.52429,1344673,0.522988498210907
1606432208.7518823,1345657,0.36589404940605164
1606432216.7516673,1346481,0.4777328073978424
1606432230.8827195,1347922,0.42617449164390564
1606432260.1254237,1351036,0.515625
1606432275.3674057,1352639,0.42131978273391724
1606432280.468233,1353177,0.4375
1606432298.6790476,1354990,0.525547444820404
1606432302.9872258,1355416,0.3239436745643616
1606432328.5760288,1357993,0.3440428376197815
1606432356.4823573,1360835,0.3986014127731323
1606432379.2538247,1363163,0.4005376398563385
1606432391.049609,1364398,0.47826087474823
1606432407.0545647,1366065,0.4918699264526367
1606432454.5960147,1371347,0.4797297418117523
1606432462.940401,1372237,0.3653516173362732
1606432492.0167594,1375419,0.529411792755127
1606432499.07878,1376123,0.5255101919174194
1606432502.4009485,1376449,0.5205479264259338
1606432513.7061708,1377591,0.2809999883174896
1606432543.0899465,1380829,0.510869562625885
1606432584.666017,1385211,0.4818652868270874
1606432591.3571322,1385869,0.4273504316806793
1606432616.0239542,1388581,0.4186413884162903
1606432619.208488,1388911,0.42424243688583374
1606432640.425013,1391274,0.4757281541824341
1606432646.0672123,1391840,0.6033057570457458
1606432683.7471294,1396018,0.5813148617744446
1606432687.460114,1396435,0.4292565882205963
1606432708.4432056,1398614,0.375
1606432747.7665532,1402618,0.5017668008804321
1606432776.8361256,1405906,0.29767441749572754
1606432812.263801,1409583,0.41333332657814026
1606432815.511723,1409920,0.49554896354675293
1606432837.2375517,1412201,0.4661017060279846
1606432926.0959394,1413127,0.29481640458106995
1606432983.2777,1418407,0.506369411945343
1606432999.0983953,1420110,0.24199999868869781
1606433009.9961693,1421357,0.5263158082962036
1606433023.218152,1422868,0.26272913813591003
1606433033.3189824,1423928,0.3656958043575287
1606433051.6830513,1425958,0.3854166567325592
1606433075.5997317,1428447,0.4185393154621124
1606433100.8779259,1431061,0.5619834661483765
1606433106.6532881,1431636,0.4344262182712555
1606433158.241906,1436986,0.3702422082424164
1606433160.1353517,1437172,0.602150559425354
1606433179.9275227,1439229,0.4098360538482666
1606433198.2491317,1441028,0.4831081032752991
1606433286.1506934,1450084,0.18199999630451202
1606433310.3719685,1452584,0.4252873659133911
1606433321.2195911,1453769,0.5027027130126953
1606433400.4636438,1462189,0.3549920618534088
1606433409.0646992,1463060,0.45676276087760925
1606433424.8144915,1464724,0.52173912525177
1606433433.7941217,1465724,0.210999995470047
1606433434.5803127,1465800,0.6973684430122375
1606433457.120279,1468234,0.5476190447807312
1606433474.918329,1470106,0.446540892124176
1606433484.4729426,1471157,0.5809128880500793
1606433522.1056056,1475182,0.4520255923271179
1606433559.316375,1479315,0.22599999606609344
1606433568.224276,1480227,0.29729729890823364
1606433611.4107258,1484914,0.5199999809265137
1606433624.8093762,1486354,0.3774318993091583
1606433634.5864885,1487339,0.4308300316333771
1606433683.3668523,1492414,0.47643980383872986
1606433686.4430022,1492731,0.5048543810844421
1606433697.8741062,1494019,0.4084506928920746
1606433766.8618765,1500250,0.340673565864563
1606433775.8781471,1501154,0.3758865296840668
1606433790.4197483,1502682,0.5051546096801758
1606433801.2805426,1503820,0.3151041567325592
1606433856.2968411,1509976,0.5154638886451721
1606433861.8691072,1510520,0.5730769038200378
1606433871.8932943,1511625,0.25699999928474426
1606433912.858583,1515961,0.5096774101257324
1606433936.7711556,1518552,0.361370712518692
1606433971.1886318,1522214,0.5162790417671204
1606433992.7615678,1524567,0.4693877696990967
1606434033.854643,1529102,0.2150000035762787
1606434050.252908,1530968,0.4079602062702179
1606434054.1359534,1531364,0.4670329689979553
1606434151.505265,1541494,0.49300700426101685
1606434157.7523506,1542188,0.30691641569137573
1606434160.6940482,1542488,0.49666666984558105
1606434192.3130217,1545726,0.2590000033378601
1606434194.6539226,1545964,0.4632352888584137
1606434235.8084414,1550348,0.24799999594688416
1606434274.9181583,1554149,0.48184818029403687
1606434304.8664067,1556950,0.44265592098236084
1606434306.8302526,1557134,0.5380434989929199
1606434332.7614272,1559865,0.33008524775505066
1606434383.8470104,1565421,0.4280230402946472
1606434410.674433,1568312,0.3958691954612732
1606434451.5038502,1572689,0.313043475151062
1606434469.1218143,1574501,0.1720000058412552
1606434562.5068219,1584229,0.389361709356308
1606434576.0503654,1585704,0.4885496199131012
1606434614.8729107,1589887,0.42384105920791626
1606434631.9675014,1591698,0.4395886957645416
1606434750.8109138,1594235,0.22499999403953552
1606434791.6779304,1597341,0.2029999941587448
1606434807.6406746,1599056,0.5025380849838257
1606434816.392686,1600056,0.27300000190734863
1606471761.8179326,1604934,0.17966102063655853
1606471770.1484492,1605934,0.12600000202655792
1606471819.484376,1611967,0.12107623368501663
1606471828.7080517,1613119,0.16200000047683716
1606471836.6891513,1614119,0.1379999965429306
1606471875.423593,1618970,0.1459999978542328
1606471890.6005204,1620840,0.14800000190734863
1606471898.5744054,1621840,0.15800000727176666
1606471899.2909422,1621928,0.15909090638160706
1606471900.2857656,1622052,0.17741934955120087
1606471914.2450125,1623790,0.19696970283985138
1606471927.514768,1625442,0.14900000393390656
1606472056.5952258,1641137,0.1801242232322693
1606472066.4918547,1642323,0.19736842811107635
1606472124.4931638,1649402,0.15605095028877258
1606472154.0187418,1652675,0.6329113841056824
1606472157.3284578,1653040,0.4273972511291504
1606472166.2377367,1654042,0.3583916127681732
1606472202.2905324,1658212,0.420634925365448
1606472222.0404727,1660484,0.5347985625267029
1606472246.751963,1663209,0.5503144860267639
1606472369.8723254,1677221,0.6395348906517029
1606472397.160265,1680252,0.4577777683734894
1606472447.6860936,1686034,0.4588235318660736
1606472477.8979127,1689522,0.4933333396911621
1606472533.6097615,1695858,0.29600000381469727
1606472536.045543,1696119,0.5134099721908569
1606472598.1708584,1703155,0.25600001215934753
1606472601.409935,1703478,0.5201238393783569
1606472610.6989212,1704494,0.32990866899490356
1606472627.4035563,1706449,0.3225131034851074
1606472642.2316782,1708132,0.3287671208381653
1606472646.4103522,1708590,0.4213973879814148
1606472649.69435,1708941,0.5527950525283813
1606472832.651656,1721873,0.31447964906692505
1606472853.3078856,1724150,0.42592594027519226
1606472864.9582193,1725391,0.5445544719696045
1606472876.646395,1726654,0.41013824939727783
1606472896.9257162,1728927,0.5220779180526733
1606472953.9183583,1735275,0.41791045665740967
1606473012.6494706,1741784,0.335999995470047
1606473029.1474495,1743569,0.26967930793762207
1606473039.5212448,1744569,0.23399999737739563
1606473104.9567645,1751613,0.2809999883174896
1606473152.0406082,1756456,0.3805147111415863
1606473255.1258273,1766788,0.5436893105506897
1606473290.7754843,1770132,0.44694533944129944
1606473319.5777097,1773111,0.22523744404315948
1606473334.709376,1774646,0.5568181872367859
1606473383.6399314,1779210,0.5130111575126648
1606473402.7861845,1781210,0.26600000262260437
1606473474.1067395,1788366,0.23800000548362732
1606473508.7238896,1791782,0.2409999966621399
1606473545.2998133,1795567,0.23399999737739563
1606473566.2036257,1797623,0.28760161995887756
1606473584.4365647,1799414,0.6333333253860474
1606473603.3925416,1801314,0.21699999272823334
1606473634.5743084,1804388,0.28832629323005676
1606473679.6245313,1808629,0.45471349358558655
1606473706.561659,1811292,0.4000000059604645
1606473780.6439571,1818157,0.26899999380111694
1606473803.0024817,1820264,0.40282684564590454
1606473889.1181061,1829002,0.25099998712539673
1606473940.482185,1834287,0.22136564552783966
1606473961.9865985,1836497,0.2409999966621399
1606473975.6605906,1837933,0.47018349170684814
1606473984.8086033,1838893,0.28125
1606474062.032715,1841540,0.5395683646202087
1606474072.5942154,1841927,0.41085270047187805
1606474086.133624,1842768,0.2901307940483093
1606474178.4404874,1851916,0.21299999952316284
1606474216.519757,1855878,0.5301204919815063
1606474222.5949163,1856459,0.23752151429653168
1606474231.1485236,1857236,0.27311521768569946
1606474270.8476696,1861199,0.28999999165534973
1606474291.2229362,1863265,0.362892210483551
1606474326.318604,1866834,0.28999999165534973
1606474348.846747,1869084,0.2671840488910675
1606474372.2551968,1871364,0.343137264251709
1606474440.1265604,1878423,0.33954155445098877
1606474480.6548119,1882965,0.29456523060798645
1606474503.0384054,1885395,0.45704466104507446
1606474515.5199685,1886672,0.3636363744735718
1606474558.6873674,1891520,0.4264943599700928
1606474573.8406837,1893204,0.2935483753681183
1606474621.0180838,1898293,0.5666666626930237
1606474649.724023,1901557,0.37622377276420593
1606474652.2021015,1901828,0.5129151344299316
1606474746.899898,1912375,0.6305732727050781
1606474748.000516,1912487,0.5982142686843872
1606474762.7101862,1914095,0.40765389800071716
1606474792.0127192,1917318,0.375174343585968
1606474805.9060838,1918853,0.2370000034570694
1606474845.1260412,1923030,0.4655172526836395
1606474856.0596378,1924247,0.5760368704795837
1606474862.0861335,1924897,0.38615384697914124
1606474930.6968384,1932443,0.3868194818496704
1606474941.5489278,1933334,0.3858520984649658
1606474946.8168223,1933860,0.30228137969970703
1606475003.6143227,1940063,0.2809999883174896
1606475011.7877228,1940942,0.5688405632972717
1606475077.437024,1947960,0.38928571343421936
1606475088.4573658,1949124,0.41018766164779663
1606475100.4146163,1950389,0.3741496503353119
1606475112.8182633,1951737,0.5164473652839661
1606475183.8639948,1958033,0.5833333134651184
1606475286.514774,1969020,0.4066115617752075
1606475312.6190367,1971727,0.46341463923454285
1606475364.2225008,1976985,0.4783599078655243
1606475395.3749914,1980120,0.4093177914619446
1606475436.8703082,1984413,0.5384615659713745
1606475469.6528914,1987712,0.5106382966041565
1606475480.4291213,1988871,0.467191606760025
1606475501.6148014,1991021,0.3689655065536499
1606475525.8605914,1993445,0.5660377144813538
1606475530.2729347,1993861,0.45192307233810425
1606475539.347064,1994861,0.2540000081062317
1606475610.5823298,2002434,0.3580000102519989
1606475735.4791372,2014176,0.4236453175544739
1606475770.43685,2017909,0.2590000033378601
1606475818.6242547,2022738,0.3140000104904175
1606475839.941571,2024774,0.5020080208778381
1606475857.849272,2026551,0.3109999895095825
1606475913.967285,2032618,0.4832116663455963
1606475949.974275,2036100,0.3801843225955963
1606475994.2742858,2040200,0.4415954351425171
1606476012.0889533,2041953,0.2821229100227356
1606476023.7132576,2042953,0.25699999928474426
1606476069.4209807,2047402,0.3949579894542694
1606476087.1112652,2049210,0.28405120968818665
1606476094.8007708,2049888,0.37905603647232056
1606476108.9652462,2051349,0.3732970058917999
1606476128.575945,2052878,0.6071428656578064
1606476137.0938096,2053459,0.3838210105895996
1606476152.2950048,2054459,0.22200000286102295
1606476189.5399542,2057485,0.24660396575927734
1606476194.6913564,2057968,0.4610389471054077
1606476214.4760227,2060084,0.28700000047683716
1606476217.4886408,2060389,0.4754098355770111
1606476223.0628426,2060986,0.42378559708595276
1606476224.2071073,2061096,0.7272727489471436
1606476234.8951447,2062240,0.5138888955116272
1606476242.0013776,2062954,0.44392523169517517
1606476251.3844848,2063954,0.2759999930858612
1606476289.338311,2068141,0.24799999594688416
1606476323.220238,2071832,0.2879999876022339
1606476332.3602831,2072846,0.5887096524238586
1606476342.4845028,2073943,0.6041666865348816
1606476438.778772,2080167,0.467980295419693
1606476490.0920455,2085011,0.2701570689678192
1606476497.6166854,2085778,0.33507171273231506
1606476505.014388,2086472,0.3025936484336853
1606476541.0813456,2090050,0.2549999952316284
1606476574.215483,2092961,0.39743590354919434
1606476598.6038527,2094980,0.5857740640640259
1606476637.193059,2098964,0.32619646191596985
1606476718.3500168,2107034,0.4484848380088806
1606476750.2793984,2110295,0.3273322284221649
1606476758.8376825,2111178,0.3967280089855194
1606476780.2727635,2113532,0.4717514216899872
1606476815.8106327,2116994,0.4089285731315613
1606476861.793445,2121585,0.3207283020019531
1606476869.3569067,2122238,0.3046875
1606476883.0331087,2123501,0.2460000067949295
1606476895.3958244,2124501,0.25999999046325684
1606476961.5958679,2130752,0.2680000066757202
1606477041.6866932,2138895,0.2919999957084656
1606477050.973687,2139895,0.24899999797344208
1606477097.7523234,2144713,0.4149560034275055
1606477180.2107897,2152876,0.24799999594688416
1606477201.7290766,2154930,0.40224719047546387
1606477217.2015233,2156408,0.5162790417671204
1606477294.3191473,2163966,0.3397625982761383
1606477339.256309,2168469,0.4124999940395355
1606477384.5174065,2172916,0.34271523356437683
1606477388.1001837,2173263,0.39769452810287476
1606477403.8435118,2174880,0.5030549764633179
1606477416.7370512,2176216,0.431547611951828
1606477419.399356,2176460,0.46311476826667786
1606477504.1988604,2184891,0.22300000488758087
1606477541.0110326,2188540,0.48533332347869873
1606477550.0960934,2189320,0.7395833134651184
1606477725.3688433,2196986,0.3644067943096161
1606477773.2222428,2201796,0.25699999928474426
1606477826.841812,2206974,0.296999990940094
1606477844.8778188,2208711,0.3710407316684723
1606477847.8202744,2208977,0.4736842215061188
1606477870.3703272,2211181,0.23000000417232513
1606477892.78157,2213362,0.2709999978542328
1606477974.2171724,2221304,0.4037266969680786
1606477992.4278076,2223304,0.25
1606477996.7767816,2223652,0.5114942789077759
1606477997.7197328,2223721,0.695652186870575
1606478037.9608188,2227338,0.40229883790016174
1606478081.9272406,2231744,0.24500000476837158
1606478165.592995,2240162,0.5978260636329651
1606478264.5199554,2250471,0.5219123363494873
1606478297.8024535,2253592,0.6398305296897888
1606478324.1282313,2256251,0.333798885345459
1606478333.2884936,2257251,0.28600001335144043
1606478356.7766855,2259633,0.3179999887943268
1606478391.8557384,2263220,0.5775862336158752
1606478412.698485,2265245,0.3211517035961151
1606478417.8449247,2265760,0.43106797337532043
1606478430.717255,2267063,0.528052806854248
1606478475.8887649,2271668,0.3837011754512787
1606478483.7672932,2272473,0.3118012547492981
1606478490.883943,2273165,0.39410680532455444
1606478528.8815668,2276926,0.4614035189151764
1606478543.633426,2278329,0.39012739062309265
1606478648.173644,2288552,0.44541484117507935
1606478666.6718023,2290369,0.3790760934352875
1606478706.7581813,2294544,0.24500000476837158
1606478744.685418,2298441,0.37893298268318176
1606478776.5556502,2301551,0.23999999463558197
1606478803.2177796,2304361,0.23899999260902405
1606478873.3352065,2311600,0.5898876190185547
1606478927.2846556,2317380,0.3330000042915344
1606479051.451515,2320465,0.3019999861717224
1606479057.9385428,2321173,0.3290960490703583
1606479180.5804975,2334742,0.25699999928474426
1606479196.0517836,2336405,0.29050278663635254
1606479204.889317,2337405,0.2529999911785126
