Wall time,Step,Value
1606417865.0233681,3879,0.1749049425125122
1606417950.080388,12400,0.1420000046491623
1606417985.6731126,16098,0.15555556118488312
1606418066.0727124,24249,0.16510318219661713
1606418083.6594868,26143,0.15436241030693054
1606418109.697146,28896,0.1420000046491623
1606418113.3808584,29293,0.13333334028720856
1606418158.2539907,33944,0.18095238506793976
1606418164.889993,34663,0.1756756752729416
1606418230.0358045,40801,0.1395973116159439
1606418254.9875262,43240,0.12756264209747314
1606418278.5697627,45737,0.1469999998807907
1606418349.4335456,53097,0.02985074557363987
1606418385.610448,56528,0.10499999672174454
1606418392.4700358,57185,0.21568627655506134
1606418395.688756,57493,0.2532467544078827
1606418439.8007574,61688,0.048076923936605453
1606418489.1611373,65928,0.04693140834569931
1606418567.0802891,72609,0.21264368295669556
1606418656.3329747,80487,0.43299999833106995
1606418676.0136814,82272,0.09540034085512161
1606418698.528567,84267,0.15730337798595428
1606418757.1387117,89527,0.16734693944454193
1606418763.5219903,90074,0.19744057953357697
1606418825.3081338,95432,0.40570175647735596
1606418836.910508,96430,0.1733333319425583
1606418850.5956109,97620,0.3105263113975525
1606418856.52322,98130,0.4941176474094391
1606418880.1711104,100198,0.2788844704627991
1606418912.1940548,102984,0.01652892492711544
1606419075.2664893,107111,0.19384615123271942
1606419085.7977273,108032,0.23561346530914307
1606419119.4297483,110943,0.4279877543449402
1606419219.2794704,119561,0.3269999921321869
1606419275.815469,124546,0.15399999916553497
1606419304.5274787,127067,0.5555555820465088
1606419321.191979,128512,0.37770897150039673
1606419412.442809,136148,0.3919999897480011
1606419459.5922222,140037,0.23182711005210876
1606419506.5947664,144099,0.4320000112056732
1606419570.833927,149649,0.2916666567325592
1606419596.4318848,151826,0.37278106808662415
1606419611.6875277,153081,0.257999986410141
1606419725.7636955,162860,0.4545454680919647
1606419758.5068264,165745,0.5569999814033508
1606419759.6911972,165849,0.17307692766189575
1606419800.2779434,169440,0.6128318309783936
1606419828.1546214,171871,0.4430379867553711
1606419841.8876672,173078,0.26570048928260803
1606419902.321217,178116,0.2947189211845398
1606419914.1378462,179116,0.35100001096725464
1606419961.1407127,183527,0.25233644247055054
1606419974.2398598,184752,0.3333333432674408
1606420019.399712,188859,0.23563218116760254
1606420074.1715767,194122,0.4020000100135803
1606420186.754306,204712,0.5
1606420218.865943,207692,0.5109999775886536
1606420277.0076678,213301,0.4009999930858612
1606420288.899553,214404,0.1553398072719574
1606420628.8729322,241379,0.17391304671764374
1606420634.299495,241905,0.30038022994995117
1606420647.2659552,243200,0.3720000088214874
1606420690.4637127,247372,0.34599998593330383
1606420763.4753993,254219,0.31386861205101013
1606420779.4889214,255759,0.3619999885559082
1606420789.9388616,256759,0.3529999852180481
1606420821.3951669,259759,0.4169999957084656
1606420852.122775,262685,0.37700000405311584
1606420881.5771453,265403,0.35185185074806213
1606420897.8647716,266978,0.5211864113807678
1606420908.3274808,267978,0.6100000143051147
1606420958.2755108,272695,0.40299999713897705
1606421045.593495,281050,0.192592591047287
1606421061.8927612,282652,0.4350000023841858
1606421150.7289972,291209,0.3605514168739319
1606421179.8298752,294035,0.2199999988079071
1606421191.6206613,295195,0.375
1606421222.001258,297967,0.3743523359298706
1606421276.602976,303150,0.2679738700389862
1606421331.418415,308382,0.5450000166893005
1606421352.5661132,310382,0.40299999713897705
1606421383.784582,313382,0.4819999933242798
1606421419.9655826,316945,0.30630630254745483
1606421443.2822318,319125,0.350649356842041
1606421522.5695367,326671,0.4005376398563385
1606421570.5885453,331233,0.39736345410346985
1606421621.7294893,336139,0.4560000002384186
1606421637.8904698,337651,0.3358490467071533
1606421689.977863,342544,0.4090000092983246
1606421702.6728628,343692,0.5419999957084656
1606421713.5631692,344692,0.6140000224113464
1606421725.8641212,345867,0.49000000953674316
1606421746.0754776,347867,0.5870000123977661
1606421756.2653968,348867,0.5630000233650208
1606421799.2847486,353026,0.6460000276565552
1606421804.6513262,353509,0.6335403919219971
1606421885.163358,359154,0.3319999873638153
1606421921.1311262,362655,0.23045267164707184
1606421936.274406,364129,0.2980000078678131
1606421973.9374514,367642,0.5141414403915405
1606422018.7044497,371826,0.5809999704360962
1606422038.8148918,373826,0.6060000061988831
1606422138.0472364,383285,0.5714285969734192
1606422170.783065,386463,0.12345679104328156
1606422174.109695,386781,0.3962264060974121
1606422188.8271184,388176,0.3113923966884613
1606422193.1489162,388584,0.27409639954566956
1606422203.6992111,389584,0.4659999907016754
1606422221.5817728,391286,0.33112582564353943
1606422308.9601865,399509,0.349056601524353
1606422331.978671,401626,0.4490000009536743
1606422372.8331013,405424,0.38499999046325684
1606422402.361959,408291,0.5130000114440918
1606422428.0944898,410725,0.4490000009536743
1606422462.168202,413951,0.3959999978542328
1606422472.5142994,414949,0.4949899911880493
1606422495.5015087,417145,0.48543688654899597
1606422541.5058923,421582,0.6650000214576721
1606422635.5513904,430707,0.4690000116825104
1606422677.746727,434300,0.5770000219345093
1606422692.2880063,435573,0.5590000152587891
1606422769.3712332,442848,0.5188679099082947
1606422806.1347353,446370,0.4961685836315155
1606422825.6736276,448244,0.4959999918937683
1606422829.2537277,448599,0.580281674861908
1606422837.1387928,449292,0.5613275766372681
1606422856.9749842,451185,0.4015544056892395
1606422896.9356015,455093,0.19105690717697144
1606422916.564103,457093,0.5690000057220459
1606422926.7998836,458093,0.6000000238418579
1606422954.369219,460725,0.5849999785423279
1606422987.463905,463995,0.699999988079071
1606423004.0289803,465614,0.061135370284318924
1606423006.0770457,465813,0.6884422302246094
1606423036.5014837,468797,0.460999995470047
1606423108.810556,475820,0.6759999990463257
1606423135.2655115,478431,0.375
1606423136.0462186,478501,0.34285715222358704
1606423146.1618361,479501,0.621999979019165
1606423166.3693252,481501,0.6019999980926514
1606423168.606525,481719,0.3761467933654785
1606423224.6052556,487069,0.6010000109672546
1606423252.1858287,489733,0.0546875
1606423256.341389,490125,0.46683672070503235
1606423277.826826,492125,0.4180000126361847
1606423299.0819101,494125,0.5759999752044678
1606423315.0016143,495616,0.6271186470985413
1606423316.7652283,495796,0.3333333432674408
1606423319.016609,495922,0.4444444477558136
1606423342.542136,498172,0.5
1606423379.5924418,500286,0.5769854187965393
1606423417.058943,503553,0.48899999260902405
1606423418.8581197,503715,0.2777777910232544
1606423419.4599512,503785,0.20000000298023224
1606423461.0383139,507778,0.5619999766349792
1606423584.9576557,519885,0.027210883796215057
1606423615.0760005,522919,0.33282673358917236
1606423620.2598817,523395,0.42009133100509644
1606423657.305214,527111,0.503000020980835
1606423799.8448093,541096,0.37700000405311584
1606423808.919701,541954,0.420584499835968
1606423836.3879285,544676,0.01904761977493763
1606423857.2616224,546676,0.6320000290870667
1606423884.5116465,549437,0.11926605552434921
1606423895.151552,550492,0.151162788271904
1606423921.7153563,553093,0.30290457606315613
1606423941.7784126,555098,0.4868420958518982
1606423960.6780963,556931,0.5109999775886536
1606423987.8794115,559668,0.46700000762939453
1606424002.5470803,561100,0.5879999995231628
1606424029.3277535,563766,0.2620689570903778
1606424044.6062346,565304,0.453000009059906
1606424057.9974587,566677,0.4740000069141388
1606424071.2479181,567991,0.21370968222618103
1606424107.0308926,571528,0.4749999940395355
1606424108.38819,571664,0.04411764815449715
1606424121.123594,572923,0.013245033100247383
1606424157.2799265,576636,0.19900000095367432
1606424162.2115064,577106,0.0
1606424195.7806385,580453,0.12264151126146317
1606424200.8396316,580956,0.14492753148078918
1606424212.5390317,582153,0.07832422852516174
1606424217.802108,582688,0.17009346187114716
1606424266.310335,587831,0.09055118262767792
1606424268.471404,588047,0.36574074625968933
1606424298.5001287,591119,0.4819999933242798
1606424307.91622,592049,0.24561403691768646
1606424317.7125642,593049,0.5289999842643738
1606424324.1667325,593693,0.09340659528970718
1606424333.6450803,594693,0.1120000034570694
1606424339.5561378,595258,0.009345794096589088
1606424341.2060242,595412,0.04545454680919647
1606424385.6696498,599544,0.20100000500679016
1606424412.5149028,601051,0.0396825410425663
1606424419.737872,601610,0.17045454680919647
1606424425.1110637,602150,0.07373271882534027
1606424430.675329,602709,0.22540250420570374
1606424454.3385005,605032,0.07692307978868484
1606424466.9149911,606222,0.23514851927757263
1606424509.8032925,610353,0.01515151560306549
1606424511.5456653,610509,0.0
1606424544.8306708,613881,0.028999999165534973
1606424574.8583486,617083,0.07199999690055847
1606424610.6281946,620532,0.03030303120613098
1606424670.6040359,626626,0.028985507786273956
1606424697.6588337,629407,0.20000000298023224
1606424700.3876798,629685,0.03030303120613098
1606424710.625702,630768,0.22100000083446503
1606424722.9716845,632073,0.2494736909866333
1606424730.5987608,632831,0.0
1606424741.9435918,634019,0.585106372833252
1606424764.1074004,636097,0.04545454680919647
1606424764.8846602,636163,0.03030303120613098
1606424795.1798716,639248,0.04507042095065117
1606424815.572122,641306,0.4659999907016754
1606424829.2767525,642717,0.03030303120613098
1606424830.0154324,642799,0.04878048598766327
1606424865.6354978,646411,0.0
1606424880.9481902,647944,0.06976744532585144
1606424913.011129,651190,0.07999999821186066
1606424915.6779187,651441,0.02985074557363987
1606424958.4811537,655760,0.0
1606424965.2315085,656441,0.05433186516165733
1606424980.0052783,657922,0.09558823704719543
1606424981.444463,658061,0.0
1606424982.2713163,658128,0.0
1606425040.818724,664105,0.028901733458042145
1606425070.4624736,667203,0.30300000309944153
1606425115.5802553,672002,0.18000000715255737
1606425116.172634,672068,0.01515151560306549
1606425135.807724,674047,0.035087719559669495
1606425149.585762,674413,0.015209125354886055
1606425167.3437586,676151,0.31200000643730164
1606425171.311609,676525,0.012987012974917889
1606425276.2820709,686859,0.3372262716293335
1606425296.712609,688859,0.4749999940395355
1606425298.7081199,689054,0.008130080997943878
1606425317.2052183,690866,0.024000000208616257
1606425336.7374392,692954,0.402228981256485
1606425366.3931835,695936,0.3781420886516571
1606425373.3465683,696643,0.18400000035762787
1606425389.9472005,698323,0.42576688528060913
1606425428.4776883,702201,0.008771929889917374
1606425445.535374,704003,0.03658536449074745
1606425466.110603,706050,0.03030303120613098
1606425493.0101898,708863,0.2593718469142914
1606425493.7870045,708931,0.6617646813392639
1606425524.6385732,712097,0.056338027119636536
1606425547.171359,714333,0.009803921915590763
1606425569.6808443,716544,0.02463054098188877
1606425575.7933958,717178,0.11987381428480148
1606425583.800231,717984,0.0
1606425624.5097075,721986,0.014492753893136978
1606425627.193937,722211,0.032967034727334976
1606425630.7456572,722561,0.015075377188622952
1606425652.3267198,724566,0.20999999344348907
1606425668.971563,726262,0.019077900797128677
1606425670.9694686,726453,0.015706805512309074
1606425722.1732738,731619,0.054999999701976776
1606425756.5374298,735026,0.03030303120613098
1606425795.0014887,738818,0.02120141312479973
1606425811.4999173,740550,0.015841584652662277
1606425814.1086361,740806,0.08203125
1606425815.763712,740974,0.09183673560619354
1606425819.503303,741353,0.013192611746490002
1606425917.636957,747074,0.02952503226697445
1606425918.4956732,747154,0.0
1606425932.7484155,748602,0.005586592014878988
1606425942.1919248,749600,0.11785297840833664
1606425950.8670218,750489,0.019396550953388214
1606425958.6968307,751300,0.012080537155270576
1606425974.511071,752956,0.010526316240429878
1606425977.6709483,753259,0.0
1606425981.7397387,753630,0.0
1606426048.9691126,760442,0.12015503644943237
1606426049.774944,760512,0.2571428716182709
1606426066.6524594,762129,0.3954545557498932
1606426079.5779572,763296,0.009523809887468815
1606426083.0209618,763608,0.42628204822540283
1606426092.1661134,764539,0.0234375
1606426098.8470094,765217,0.10784313827753067
1606426100.498679,765386,0.21893490850925446
1606426146.5104866,770405,0.01989150047302246
1606426159.9515014,771784,0.1356382966041565
1606426201.0603428,775762,0.0
1606426201.848001,775828,0.0
1606426212.8327641,776958,0.024752475321292877
1606426270.0767052,782600,0.016393441706895828
1606426280.7794273,783683,0.02666666731238365
1606426285.2390344,784137,0.026431718841195107
1606426287.2441607,784333,0.019801979884505272
1606426321.4630408,787986,0.03400000184774399
1606426339.5873644,789775,0.0
1606426340.5483,789864,0.02247191034257412
1606426370.5057847,792908,0.010471204295754433
1606426381.4756193,794037,0.0
1606426384.314182,794310,0.011904762126505375
1606426398.7684138,795727,0.0
1606426411.8156288,796907,0.0
1606426433.0142438,798334,0.036036036908626556
1606426436.4029136,798688,0.05649717524647713
1606426453.216445,800451,0.022123893722891808
1606426475.8574166,802664,0.560693621635437
1606426493.9212315,804292,0.01515151560306549
1606426496.6564472,804563,0.014760147780179977
1606426502.6904716,805097,0.05306122452020645
1606426517.3441904,806599,0.012048192322254181
1606426522.9232328,807120,0.0234375
1606426525.5592377,807339,0.020408162847161293
1606426530.0378997,807717,0.04123711213469505
1606426536.5959127,808360,0.02500000037252903
1606426539.533621,808631,0.0
1606426565.4743485,811205,0.01604278013110161
1606426599.081495,814629,0.0
1606426613.0957046,816034,0.00909090880304575
1606426616.6516368,816383,0.10900473594665527
1606426619.3116803,816634,0.20717132091522217
1606426631.2604582,817833,0.06765676289796829
1606426632.030203,817900,0.0
1606426668.1659348,821602,0.024752475321292877
1606426676.4322605,822418,0.2945055067539215
1606426682.8279254,823098,0.20147058367729187
1606426689.8640945,823717,0.2827140688896179
1606426698.544245,824580,0.04280155524611473
1606426709.9778056,825714,0.008849557489156723
1606426725.7167058,827305,0.0
1606426726.3105428,827371,0.01515151560306549
1606426752.5799944,830101,0.010948904789984226
1606426753.851253,830224,0.13821138441562653
1606426783.3616753,833336,0.02150537632405758
1606426790.5625706,834072,0.011428571306169033
1606426792.647792,834272,0.014925372786819935
1606426797.9025884,834769,0.006535947788506746
1606426805.8593984,835524,0.01552795059978962
1606426806.8861015,835622,0.0
1606426808.5337217,835784,0.0
1606426810.4681876,835971,0.005347593687474728
1606426815.8479142,836527,0.014388489536941051
1606426822.3023522,837146,0.0
1606426853.9228377,840313,0.025362318381667137
1606426870.25906,841983,0.012684989720582962
1606426886.834187,843698,0.19811320304870605
1606426905.551803,845534,0.11800000071525574
1606426906.4101005,845606,0.0
1606426930.4139268,847956,0.10555555671453476
1606426973.2247593,849429,0.07352941483259201
1606427005.783559,852896,0.11129032075405121
1606427015.2397666,853820,0.028985507786273956
1606427022.0777311,854564,0.06499261409044266
1606427034.5108368,855938,0.0
1606427054.4086685,857999,0.008498583920300007
1606427055.3538222,858087,0.0
1606427063.633432,858925,0.01916932873427868
1606427075.9442272,860092,0.01515151560306549
1606427084.2030947,860770,0.01075268816202879
1606427136.0712154,865928,0.01515151560306549
1606427141.561362,866469,0.004587155766785145
1606427153.8182726,867666,0.022522522136569023
1606427154.7158103,867748,0.0
1606427155.789393,867851,0.009708737954497337
1606427215.2464094,874040,0.010999999940395355
1606427269.7855937,879799,0.0
1606427295.792953,882585,0.012000000104308128
1606427307.999657,883795,0.0
1606427329.6910899,885953,0.007518797181546688
1606427336.5381413,886609,0.0
1606427338.5899904,886809,0.0
1606427344.6382484,887454,0.008810572326183319
1606427353.5843,888348,0.0
1606427358.5707617,888827,0.0
1606427361.6429994,889123,0.022857142612338066
1606427379.4290857,891035,0.023166023194789886
1606427382.8078964,891358,0.0
1606427398.677758,893054,0.0
1606427421.182533,895329,0.01515151560306549
1606427427.0310903,895828,0.0
1606427456.9630117,898867,0.03030303120613098
1606427457.7651553,898934,0.0
1606427458.525593,899000,0.01515151560306549
1606427515.4660337,904847,0.017391303554177284
1606427554.167945,906778,0.015267175622284412
1606427570.2826064,908437,0.01899999938905239
1606427587.7350953,910248,0.009999999776482582
1606427591.8464687,910574,0.030674846842885017
1606427598.843664,911254,0.013698630034923553
1606427602.8621619,911628,0.012500000186264515
1606427604.2276225,911766,0.0
1606427626.6350222,914142,0.018058691173791885
1606427629.1427546,914334,0.01515151560306549
1606427638.5260847,915307,0.007263922598212957
1606427642.940972,915737,0.06508875638246536
1606427654.6146472,916958,0.005376344081014395
1606427660.1122212,917529,0.0
1606427667.201947,918238,0.013698630034923553
1606427684.0061936,919985,0.0854545459151268
1606427721.452621,923813,0.0
1606427752.2064307,927024,0.03400000184774399
1606427761.4208016,928024,0.02199999988079071
1606427762.4118574,928120,0.0
1606427764.805568,928360,0.012903225608170033
1606427773.8389733,929360,0.04399999976158142
1606427782.3863432,930278,0.023474179208278656
1606427796.9447925,931713,0.08275862038135529
1606427808.1972497,932898,0.010351967066526413
1606427819.827299,934191,0.0
1606427826.4734428,934827,0.0
1606427836.6778152,935902,0.02666666731238365
1606427865.6020908,938869,0.0
1606427870.5192807,939342,0.0
1606427879.9155867,940277,0.009803921915590763
1606427895.0882556,941809,0.04964539036154747
1606427904.5106924,942763,0.08374384045600891
1606427914.07894,943829,0.0
1606427916.5765188,944098,0.0
1606427942.9739575,946758,0.12885154783725739
1606427956.476123,948070,0.04100000113248825
1606427959.229663,948308,0.0476190485060215
1606427962.2520137,948594,0.0
1606427972.4329154,949594,0.7329999804496765
1606427985.8728094,951008,0.024390242993831635
1606427987.1590853,951139,0.007633587811142206
1606427989.4758785,951372,0.0
1606428011.212842,953621,0.46799999475479126
1606428012.3143363,953726,0.009523809887468815
1606428030.1852028,955485,0.0
1606428032.0338938,955614,0.0
1606428039.2466342,956305,0.0
1606428045.8005378,956889,0.004694835748523474
1606428057.6463177,958042,0.0
1606428070.5432706,959357,0.27000001072883606
1606428091.3915908,961318,0.0
1606428098.6040096,962047,0.00401606410741806
1606428107.4607923,962955,0.002298850566148758
1606428110.6854498,963287,0.0060240961611270905
1606428121.8278725,964424,0.0
1606428137.493992,966091,0.11591695249080658
1606428260.9354415,968388,0.0
1606428265.316283,968802,0.0
1606428296.9298046,972054,0.267100989818573
1606428311.7796223,973599,0.10775861889123917
1606428323.5441747,974704,0.3047619163990021
1606428340.6174185,976266,0.017391303554177284
1606428341.4248946,976337,0.0
1606428343.8021648,976563,0.0
1606428351.6591954,977348,0.006688963156193495
1606428352.4142373,977414,0.0
1606428368.7714748,979182,0.05915813520550728
1606428371.2110868,979315,0.09090909361839294
1606428372.4687753,979437,0.0
1606428389.5526333,981140,0.00699300691485405
1606428399.320721,982156,0.05319149047136307
1606428412.9524717,983502,0.28387096524238586
1606428441.6158214,986440,0.36800000071525574
1606428457.403705,988066,0.0
1606428470.9858677,989514,0.02203182317316532
1606428500.0607197,992406,0.0
1606428507.8190908,993123,0.0
1606428513.9121044,993708,0.009933775290846825
1606428519.1600394,994211,0.0
1606428522.878345,994579,0.0
1606428527.6353257,995052,0.09513741731643677
1606428529.5264297,995224,0.0
1606428545.0849273,996735,0.0
1606428548.8370063,997124,0.007712082471698523
1606428550.6990159,997314,0.010526316240429878
1606428557.7601454,998084,0.004800000227987766
1606428579.7693863,1000209,0.19117647409439087
1606428580.551104,1000297,0.0
1606428587.1987326,1000983,0.0
1606428600.9831977,1002315,0.0038910505827516317
1606428620.6455917,1004278,0.030612245202064514
1606428676.9263895,1010053,0.014925372786819935
1606428722.3001654,1014726,0.02806122414767742
1606428739.1071165,1016466,0.0
1606428741.262992,1016692,0.0
1606428743.6821911,1016922,0.0
1606428785.617183,1020598,0.014492753893136978
1606428788.5109143,1020786,0.0
1606428794.5664258,1021384,0.0
1606428838.7120051,1026041,0.49300000071525574
1606428861.9648597,1028333,0.2567567527294159
1606428863.8601513,1028515,0.010989011265337467
1606428899.2501051,1032058,0.18518517911434174
1606428929.9864993,1035301,0.30245232582092285
1606428950.5580645,1037537,0.0
1606428951.7337728,1037656,0.0
1606428956.5342777,1038147,0.0
1606428966.7486837,1039213,0.0
1606428982.7899764,1040824,0.260869562625885
1606429029.7998395,1045706,0.014925372786819935
1606429058.053726,1048569,0.2549999952316284
1606429059.169346,1048636,0.0
1606429085.1664338,1051018,0.0042553190141916275
1606429086.753647,1051183,0.014705882407724857
1606429090.1186004,1051503,0.0
1606429091.4875255,1051646,0.0
1606429093.5192246,1051856,0.13809524476528168
1606429119.0351093,1054383,0.0
1606429123.0461407,1054772,0.0
1606429139.8234382,1056466,0.06508875638246536
1606429150.0003664,1057476,0.0
1606429156.9289076,1058151,0.0
1606429159.1663084,1058364,0.0
1606429164.5177374,1058877,0.20673076808452606
1606429175.0499141,1059888,0.0
1606429186.7670279,1061034,0.004926108289510012
1606429192.9368367,1061638,0.004166666883975267
1606429197.0558603,1062057,0.0
1606429201.877296,1062521,0.006756756920367479
1606429232.8549821,1065608,0.002044989727437496
1606429233.608468,1065692,0.0
1606429268.0649943,1069122,0.007246376946568489
1606429271.2320364,1069428,0.0
1606429312.6287956,1073622,0.013793103396892548
1606429314.6589017,1073823,0.2238806039094925
1606429315.835969,1073941,0.0
1606429316.591921,1074010,0.0
1606429320.7799432,1074367,0.012658228166401386
1606429382.1790555,1075490,0.17142857611179352
1606429406.1509323,1077353,0.024096384644508362
1606429410.2499278,1077765,0.0024271844886243343
1606429419.5305774,1078749,0.0
1606429445.5619454,1081389,0.03333333507180214
1606429454.0513167,1082223,0.006042296066880226
1606429461.9993312,1083014,0.0
1606429465.8134508,1083383,0.18018017709255219
1606429466.5840917,1083449,0.0
1606429492.7358391,1086118,0.16488730907440186
1606429499.7914464,1086846,0.005291005130857229
1606429516.36973,1088564,0.0
1606429530.9222062,1090009,0.12826603651046753
1606429544.3147185,1091407,0.023255813866853714
1606429607.6138508,1097873,0.0
1606429615.5377815,1098653,0.0060606058686971664
1606429619.6982539,1099062,0.0
1606429626.8038845,1099749,0.0
1606429633.839116,1100424,0.0
1606429656.3214188,1102705,0.0
1606429666.3599672,1103718,0.021686747670173645
1606429678.7543,1105082,0.29899999499320984
1606429728.840999,1110284,0.010526316240429878
1606429755.189059,1112857,0.0
1606429756.2753248,1112964,0.018691588193178177
1606429775.1277375,1115072,0.2619999945163727
1606429806.0591135,1118344,0.22599999606609344
1606429825.6957433,1120356,0.03220339119434357
1606429829.725378,1120766,0.10487804561853409
1606429831.7342036,1120968,0.0
1606429832.48527,1121034,0.0
1606429835.3256674,1121316,0.0
1606429836.8065379,1121471,0.0
1606429866.8254259,1124739,0.013888888992369175
1606429929.6976802,1131221,0.1120000034570694
1606429939.0741215,1132221,0.328000009059906
1606429940.976242,1132402,0.0
1606429952.0476887,1133497,0.05947136506438255
1606430010.7891893,1138726,0.06199999898672104
1606430020.508579,1139799,0.04800000041723251
1606430055.0709512,1143439,0.006550218444317579
1606430055.8975735,1143514,0.0
1606430059.1014206,1143817,0.0
1606430060.6262317,1143967,0.0
1606430065.1550064,1144425,0.0021834061481058598
1606430075.6171386,1145558,0.03759398311376572
1606430125.9061153,1150852,0.0
1606430141.8159938,1152513,0.15700000524520874
1606430146.1275244,1152928,0.0
1606430161.2719927,1154501,0.0
1606430177.8260703,1156163,0.040816325694322586
1606430181.015439,1156492,0.0
1606430204.3248851,1158925,0.0
1606430212.7876086,1159764,0.060288336127996445
1606430216.3203928,1160119,0.008450704626739025
1606430236.858543,1162221,0.0
1606430255.8047879,1164311,0.0
1606430280.3855677,1166782,0.0
1606430286.0277038,1167365,0.002020202111452818
1606430288.1704187,1167568,0.0
1606430293.0636067,1168038,0.0
1606430340.4779415,1172754,0.0
1606430346.427099,1173269,0.0
1606430347.4194355,1173337,0.0
1606430348.7903695,1173439,0.0
1606430394.5983114,1177450,0.04600000008940697
1606430423.90665,1180111,0.0
1606430456.6820242,1183396,0.0017667844658717513
1606430522.489603,1189728,0.0
1606430537.9552786,1191326,0.0
1606430545.715286,1192190,0.010416666977107525
1606430559.5821784,1193636,0.0
1606430594.163416,1197306,0.01515151560306549
1606430613.923899,1199246,0.0
1606430623.418963,1200236,0.15199999511241913
1606430742.6773014,1202547,0.0
1606430747.7281454,1203077,0.0033003301359713078
1606430751.9009528,1203503,0.0
1606430754.9755235,1203814,0.004524887073785067
1606430761.2294164,1204496,0.0
1606430767.5890315,1205121,0.0
1606430770.1685612,1205379,0.011627906933426857
1606430780.7140448,1206391,0.00561797758564353
1606430796.396495,1208054,0.2160000056028366
1606430799.2971728,1208348,0.0
1606430805.1225696,1208934,0.016393441706895828
1606430822.4924772,1210676,0.0
1606430834.6289582,1211878,0.04699999839067459
1606430837.6510086,1212189,0.0
1606430838.790406,1212298,0.0
1606430860.6379602,1214530,0.0
1606430891.5439782,1217777,0.0
1606430900.906628,1218859,0.019999999552965164
1606430907.0087664,1219495,0.0
1606430924.9086487,1221495,0.004000000189989805
1606430926.8219872,1221675,0.010416666977107525
1606430970.1427064,1226314,0.0
1606430990.1457388,1228523,0.004000000189989805
1606431051.965621,1235267,0.0
1606431056.9544663,1235757,0.0
1606431107.3413188,1241080,0.0
1606431163.9683468,1247309,0.0
1606431165.149483,1247429,0.0
1606431188.280735,1250009,0.0
1606431190.0219018,1250199,0.005263158120214939
1606431192.4626412,1250429,0.0
1606431197.4450288,1250943,0.04444444552063942
1606431205.0902827,1251699,0.0
1606431219.1785972,1253162,0.006230529397726059
1606431225.2726407,1253795,0.039848197251558304
1606431281.938962,1259155,0.008595988154411316
1606431327.7372565,1264037,0.004999999888241291
1606431333.4650335,1264596,0.0
1606431347.4099402,1265917,0.0
1606431351.1661675,1266323,0.002463054144755006
1606431383.937781,1268711,0.010309278033673763
1606431391.0875874,1269465,0.011589404195547104
1606431470.4774683,1277958,0.0
1606431489.802124,1280037,0.004000000189989805
1606431497.3121996,1280765,0.0
1606431507.839499,1281898,0.0
1606431511.3522768,1282248,0.0
1606431513.3599925,1282447,0.0
1606431515.5248337,1282673,0.0
1606431529.479092,1284057,0.0
1606431583.106556,1289768,0.0
1606431597.2564213,1291234,0.0027322403620928526
1606431626.2121222,1294263,0.0
1606431633.6506033,1295037,0.0
1606431635.053227,1295179,0.01315789483487606
1606431647.7347708,1296455,0.0
1606431655.8074498,1297329,0.0
1606431703.7868948,1302456,0.0
1606431710.11463,1303140,0.0
1606431722.0710664,1304391,0.0
1606431751.5955064,1307429,0.0
1606431770.0330913,1309455,0.0
1606431780.2412634,1310455,0.0020000000949949026
1606431782.736469,1310700,0.004081632476300001
1606431790.4287777,1311429,0.0
1606431807.2638414,1313209,0.0
1606431824.712045,1315060,0.0
1606431843.7062461,1316968,0.0
1606431855.558549,1318201,0.0
1606431869.6716945,1319722,0.0010775862028822303
1606431880.6330435,1320913,0.014000000432133675
1606431908.3262758,1323988,0.0015105740167200565
1606431924.0864878,1325677,0.0
1606431928.5721831,1326118,0.0
1606431932.948505,1326559,0.0058823530562222
1606431939.7922163,1327245,0.0
1606431959.4680462,1329363,0.0042105261236429214
1606432001.3747659,1333861,0.0
1606432113.77527,1335413,0.0
1606432132.646983,1337428,0.0
1606432199.5244212,1344673,0.0
1606432208.7521174,1345657,0.0033112582750618458
1606432216.751805,1346481,0.004048583097755909
1606432230.8829095,1347922,0.0
1606432260.1256151,1351036,0.0
1606432275.3675346,1352639,0.0
1606432280.4684148,1353177,0.0022321429569274187
1606432298.6791706,1354990,0.007299270015209913
1606432302.9874222,1355416,0.002347417874261737
1606432328.576282,1357993,0.0013386880746111274
1606432356.4824834,1360835,0.0
1606432379.2540023,1363163,0.0
1606432391.049715,1364398,0.0
1606432407.0547016,1366065,0.0
1606432454.5961752,1371347,0.0
1606432462.9406388,1372237,0.0034305318258702755
1606432492.016892,1375419,0.0
1606432499.0789275,1376123,0.0
1606432502.4010577,1376449,0.0
1606432513.7064662,1377591,0.0020000000949949026
1606432543.0900545,1380829,0.0
1606432584.6661472,1385211,0.0
1606432591.357243,1385869,0.0
1606432616.0241888,1388581,0.0
1606432619.208654,1388911,0.0
1606432640.425124,1391274,0.0
1606432646.067332,1391840,0.0
1606432683.7472649,1396018,0.0034602077212184668
1606432687.4602804,1396435,0.0023980815894901752
1606432708.4433162,1398614,0.0
1606432747.7666976,1402618,0.0
1606432776.836389,1405906,0.0011627906933426857
1606432812.2639132,1409583,0.0
1606432815.5118754,1409920,0.0
1606432837.2377691,1412201,0.0042372881434857845
1606432926.0962977,1413127,0.0043196543119847775
1606432983.277865,1418407,0.0031847134232521057
1606432999.0986912,1420110,0.003000000026077032
1606433009.9963012,1421357,0.0
1606433023.2184439,1422868,0.0
1606433033.319217,1423928,0.0016181230312213302
1606433051.6832087,1425958,0.0026041667442768812
1606433075.5999045,1428447,0.002808988792821765
1606433100.8780494,1431061,0.0
1606433106.653493,1431636,0.0
1606433158.2421248,1436986,0.0034602077212184668
1606433160.135481,1437172,0.01075268816202879
1606433179.9276686,1439229,0.004098360426723957
1606433198.2492943,1441028,0.0
1606433286.1510372,1450084,0.014000000432133675
1606433310.3720958,1452584,0.0
1606433321.2197173,1453769,0.0
1606433400.4639158,1462189,0.0
1606433409.0648847,1463060,0.0
1606433424.8146162,1464724,0.007246376946568489
1606433433.79443,1465724,0.054999999701976776
1606433434.5804532,1465800,0.0
1606433457.1203907,1468234,0.007936508394777775
1606433474.9185033,1470106,0.0
1606433484.4730709,1471157,0.004149377811700106
1606433522.10578,1475182,0.0063965884037315845
1606433559.3166528,1479315,0.012000000104308128
1606433568.2243912,1480227,0.0
1606433611.4108877,1484914,0.0
1606433624.8095877,1486354,0.005836575757712126
1606433634.5866163,1487339,0.0
1606433683.367019,1492414,0.002617801073938608
1606433686.4431071,1492731,0.0
1606433697.8742478,1494019,0.0
1606433766.862117,1500250,0.0
1606433775.878273,1501154,0.007092198356986046
1606433790.4199026,1502682,0.005154639016836882
1606433801.2808468,1503820,0.02604166604578495
1606433856.2969494,1509976,0.0
1606433861.8692572,1510520,0.003846153849735856
1606433871.893569,1511625,0.01899999938905239
1606433912.8587174,1515961,0.0
1606433936.7713807,1518552,0.0015576323494315147
1606433971.1887686,1522214,0.0
1606433992.7617326,1524567,0.0
1606434033.854993,1529102,0.020999999716877937
1606434050.2531304,1530968,0.0
1606434054.1360776,1531364,0.0
1606434151.505413,1541494,0.0
1606434157.7526135,1542188,0.0
1606434160.6942148,1542488,0.0
1606434192.3133757,1545726,0.0
1606434194.6540434,1545964,0.0
1606434235.8094852,1550348,0.0020000000949949026
1606434274.9183214,1554149,0.0
1606434304.866614,1556950,0.0
1606434306.830416,1557134,0.0
1606434332.7617123,1559865,0.00365408044308424
1606434383.8472323,1565421,0.0019193857442587614
1606434410.674736,1568312,0.0
1606434451.5040376,1572689,0.0
1606434469.122151,1574501,0.004999999888241291
1606434562.5070095,1584229,0.0021276595070958138
1606434576.0505044,1585704,0.0
1606434614.8731105,1589887,0.0
1606434631.9676647,1591698,0.0025706940796226263
1606434750.811293,1594235,0.0010000000474974513
1606434791.6782618,1597341,0.0
1606434807.6408367,1599056,0.0025380710139870644
1606471722.862396,1599244,0.16489361226558685
1606471770.148799,1604934,0.16599999368190765
1606471775.034492,1605518,0.16609589755535126
1606471820.7062013,1611119,0.15789473056793213
1606471836.6895285,1613119,0.14100000262260437
1606471840.8773482,1613642,0.14913958311080933
1606471882.531069,1618840,0.14367815852165222
1606471898.5747035,1620840,0.13300000131130219
1606471899.2910488,1620928,0.14772726595401764
1606471900.2858884,1621052,0.09677419066429138
1606471905.3419254,1621678,0.13578274846076965
1606471919.5084057,1623442,0.14263804256916046
1606471928.9968476,1624625,0.12568305432796478
1606472057.5365798,1640247,0.1090909093618393
1606472067.6869967,1641468,0.12413793057203293
1606472134.0897276,1649402,0.09799999743700027
1606472157.3286145,1652040,0.0
1606472161.2370367,1652470,0.0
1606472174.0092082,1653958,0.043668121099472046
1606472203.1437116,1657299,0.01149425283074379
1606472226.4520814,1659973,0.0
1606472250.6814952,1662632,0.002364066196605563
1606472374.9665818,1676774,0.0
1606472398.3937263,1679365,0.0
1606472456.151777,1686034,0.003000000026077032
1606472481.7237535,1688934,0.0
1606472536.0456822,1695119,0.0
1606472542.0683558,1695764,0.003100775182247162
1606472601.410087,1702478,0.0
1606472602.7462845,1702618,0.0
1606472619.3499355,1704494,0.003000000026077032
1606472630.5623121,1705781,0.0
1606472646.4105277,1707590,0.0
1606472648.2513604,1707780,0.0
1606472651.6289017,1708141,0.0
1606472833.9860284,1721015,0.007042253389954567
1606472857.3328712,1723562,0.0024271844886243343
1606472868.1309128,1724731,0.0
1606472880.8451533,1726090,0.0
1606472901.3318057,1728415,0.0
1606472959.0714123,1734855,0.0017241379246115685
1606473021.5634284,1741766,0.010183298960328102
1606473039.5215662,1743569,0.003000000026077032
1606473045.2733421,1744161,0.0016891892300918698
1606473111.8307505,1751367,0.0
1606473155.4747875,1755788,0.0
1606473263.7826385,1766546,0.0026385225355625153
1606473301.020681,1770132,0.0
1606473325.6579506,1772726,0.0
1606473345.3661666,1774646,0.0
1606473393.3749163,1779210,0.0020000000949949026
1606473412.3822484,1781210,0.0010000000474974513
1606473484.097067,1788366,0.0
1606473517.79309,1791782,0.0010000000474974513
1606473550.1753042,1794955,0.0
1606473572.276951,1797255,0.0
1606473589.343234,1798887,0.002114164875820279
1606473605.6266642,1800542,0.0
1606473640.523113,1803961,0.0017452007159590721
1606473684.9370944,1808124,0.004040404222905636
1606473718.3455532,1811292,0.003000000026077032
1606473786.864369,1817698,0.0
1606473805.6845388,1819535,0.0
1606473897.890464,1828911,0.002200220013037324
1606473950.2026713,1834287,0.0
1606473971.1006474,1836497,0.0010000000474974513
1606473984.8089168,1837893,0.0
1606473992.9210043,1838637,0.004032257944345474
1606474072.594459,1840927,0.0
1606474086.1340108,1841768,0.0023781212512403727
1606474096.865243,1842491,0.0
1606474186.8123534,1851771,0.004678362514823675
1606474222.5951567,1855459,0.001721170381642878
1606474223.3812103,1855533,0.013513513840734959
1606474241.2307804,1857236,0.0010000000474974513
1606474278.3612947,1860973,0.002583979396149516
1606474294.4409482,1862577,0.0032051282469183207
1606474331.1247294,1866307,0.006342494860291481
1606474351.4014711,1868336,0.0
1606474379.505644,1871149,0.0012738853693008423
1606474446.1883142,1878081,0.0045592705719172955
1606474487.439072,1882718,0.0013280212879180908
1606474505.8509922,1884676,0.0
1606474523.3821557,1886578,0.0
1606474565.6027138,1891274,0.0013262599240988493
1606474578.3494272,1892676,0.0
1606474628.2365155,1898097,0.001243781065568328
1606474652.2022455,1900828,0.0
1606474657.290322,1901403,0.0017391304718330503
1606474748.0006316,1911487,0.0
1606474755.3481154,1912315,0.0
1606474763.783664,1913200,0.009523809887468815
1606474796.9842842,1916853,0.0
1606474811.39268,1918435,0.0
1606474853.97929,1923030,0.004999999888241291
1606474862.086418,1923897,0.0015384615398943424
1606474867.3943496,1924466,0.0
1606474937.4542458,1932023,0.0017241379246115685
1606474946.8170407,1932860,0.0019011406693607569
1606474948.2078633,1933004,0.0
1606475004.2162452,1939130,0.0
1606475020.934663,1940942,0.0
1606475081.7417839,1947437,0.0
1606475094.8525348,1948801,0.0014771048445254564
1606475107.043921,1950129,0.0013513513840734959
1606475115.3619382,1950981,0.0
1606475188.6007504,1957506,0.002114164875820279
1606475290.4682648,1968374,0.0028248587623238564
1606475318.8370068,1971419,0.0
1606475373.5532262,1976985,0.0020000000949949026
1606475401.1036215,1979658,0.0037174720782786608
1606475440.9536989,1983810,0.002518891589716077
1606475476.7209327,1987490,0.0
1606475486.7326472,1988525,0.006116208154708147
1606475506.6199071,1990496,0.0021052630618214607
1606475530.2731009,1992861,0.0024038462433964014
1606475539.3473368,1993861,0.003000000026077032
1606475546.2862625,1994643,0.0
1606475615.6945515,2001960,0.0
1606475738.1998813,2013446,0.0
1606475780.7478864,2017909,0.0020000000949949026
1606475827.9136627,2022659,0.0010857763700187206
1606475842.4151256,2024016,0.0
1606475864.0284832,2026254,0.0
1606475920.0118535,2032212,0.003367003286257386
1606475959.8876758,2036100,0.0010000000474974513
1606475997.4245727,2039504,0.0
1606476023.7135472,2041953,0.0010000000474974513
1606476031.944362,2042687,0.00408719340339303
1606476074.375948,2046923,0.0
1606476094.8010464,2048888,0.0014749262481927872
1606476101.9461653,2049615,0.0
1606476120.4482005,2051349,0.0020000000949949026
1606476137.0941153,2052459,0.001721170381642878
1606476152.2954452,2053459,0.0010000000474974513
1606476156.550165,2053780,0.0
1606476191.465326,2056660,0.0057142856530845165
1606476203.9768364,2057968,0.0010000000474974513
1606476217.4888017,2059389,0.0032786885276436806
1606476223.0630622,2059986,0.0
1606476224.2072246,2060096,0.0
1606476233.4408312,2061096,0.0020000000949949026
1606476235.7501218,2061319,0.0
1606476251.3848002,2062954,0.004000000189989805
1606476253.8834128,2063192,0.0
1606476294.467158,2067673,0.0
1606476331.143368,2071722,0.002247191034257412
1606476335.3188994,2072155,0.006472492124885321
1606476345.3667383,2073246,0.0
1606476446.2446923,2079938,0.0012970168609172106
1606476497.617017,2084778,0.001303780940361321
1606476505.0146499,2085472,0.0014409221475943923
1606476506.3050168,2085582,0.0
1606476542.40598,2089131,0.0
1606476586.8994718,2092961,0.0010000000474974513
1606476607.5301695,2094980,0.0
1606476644.7233202,2098774,0.0012345679569989443
1606476724.3914688,2106597,0.0
1606476754.1076365,2109689,0.0025380710139870644
1606476767.899857,2111178,0.0010000000474974513
1606476783.0572734,2112773,0.004149377811700106
1606476825.108205,2116994,0.0020000000949949026
1606476863.1015742,2120696,0.0
1606476872.2098446,2121501,0.0
1606476895.396208,2123501,0.0
1606476900.4153917,2123959,0.0
1606476971.2585335,2130752,0.0020000000949949026
1606477050.9740489,2138895,0.0010000000474974513
1606477060.057385,2139818,0.0
1606477101.6162357,2144092,0.0052770450711250305
1606477190.344771,2152876,0.0010000000474974513
1606477209.4725077,2154638,0.0028248587623238564
1606477227.046617,2156408,0.0020000000949949026
1606477302.3295598,2163743,0.0038610037881881
1606477347.7229226,2168242,0.0025873221457004547
1606477388.100342,2172263,0.005763688590377569
1606477394.3760893,2172931,0.001497006043791771
1606477413.1224449,2174880,0.003000000026077032
1606477419.399508,2175460,0.0
1606477426.386503,2176192,0.0
1606477513.8465407,2184891,0.003000000026077032
1606477548.930895,2188224,0.0
1606477553.9697137,2188647,0.0030581040773540735
1606477731.546099,2196567,0.0
1606477783.9745865,2201796,0.003000000026077032
1606477830.6603358,2206325,0.0
1606477847.8204358,2207977,0.003759398590773344
1606477850.2711947,2208181,0.0
1606477872.5160158,2210362,0.0
1606477897.3543332,2212799,0.002288329415023327
1606477983.5037014,2221304,0.0020000000949949026
1606477996.776999,2222652,0.0
1606477997.7198522,2222721,0.0
1606478001.6539629,2223107,0.0
1606478047.376335,2227285,0.001055966247804463
1606478088.7131398,2231390,0.0030959751456975937
1606478166.6957965,2239269,0.009345794096589088
1606478269.7837198,2249955,0.0
1606478300.0703387,2252810,0.0
1606478333.2888145,2256251,0.0
1606478334.9267025,2256402,0.0066225165501236916
1606478360.139797,2258949,0.0
1606478396.688511,2262709,0.002044989727437496
1606478417.8451436,2264760,0.0
1606478427.7331548,2265760,0.003000000026077032
1606478439.746194,2267063,0.0
1606478483.7676103,2271473,0.0037267080042511225
1606478485.2553837,2271622,0.00671140942722559
1606478500.9609745,2273165,0.0020000000949949026
1606478530.6258924,2276064,0.007246376946568489
1606478546.948069,2277634,0.0
1606478654.7291212,2288210,0.0
1606478677.0406022,2290363,0.0020120723638683558
1606478713.2133882,2294230,0.0029154520016163588
1606478750.4138246,2297994,0.0036166366189718246
1606478784.4895947,2301361,0.0012345679569989443
1606478808.726785,2303911,0.0
1606478878.9558074,2311168,0.0
1606478930.310932,2316700,0.0
1606479057.9387722,2320173,0.0
1606479066.6673806,2321173,0.003000000026077032
1606479183.949812,2334057,0.0
1606479196.052061,2335405,0.005586592014878988
