Wall time,Step,Value
1606417865.023275,3879,0.12547528743743896
1606417950.0801642,12400,0.14000000059604645
1606417985.673013,16098,0.17037037014961243
1606418066.072585,24249,0.14446529746055603
1606418083.6592867,26143,0.1633109599351883
1606418109.6969674,28896,0.13099999725818634
1606418113.3807607,29293,0.12999999523162842
1606418158.2538111,33944,0.07619047909975052
1606418164.8899045,34663,0.14189189672470093
1606418230.0356433,40801,0.1395973116159439
1606418254.9874003,43240,0.15717539191246033
1606418278.569557,45737,0.15700000524520874
1606418349.4334714,53097,0.0
1606418385.61023,56528,0.03999999910593033
1606418392.469966,57185,0.06862745434045792
1606418395.6886413,57493,0.051948051899671555
1606418439.8006709,61688,0.04326923191547394
1606418489.1609588,65928,0.03249097615480423
1606418567.0801911,72609,0.06321839243173599
1606418656.3327456,80487,0.04600000008940697
1606418676.0135307,82272,0.14480409026145935
1606418698.5284917,84267,0.5056179761886597
1606418757.138589,89527,0.06122449040412903
1606418763.521829,90074,0.05118830129504204
1606418825.307981,95432,0.15789473056793213
1606418836.9104013,96430,0.3733333349227905
1606418850.5955122,97620,0.2631579041481018
1606418856.5230627,98130,0.20000000298023224
1606418880.1709552,100198,0.13545817136764526
1606418912.1939707,102984,0.041322313249111176
1606419075.2662482,107111,0.20615383982658386
1606419085.7975025,108032,0.30184581875801086
1606419119.4295442,110943,0.25127682089805603
1606419219.2792606,119561,0.2919999957084656
1606419275.8151803,124546,0.3109999895095825
1606419304.5273316,127067,0.11594203114509583
1606419321.1917274,128512,0.12590299546718597
1606419412.4426537,136148,0.08799999952316284
1606419459.5920472,140037,0.2573673725128174
1606419506.5945294,144099,0.09799999743700027
1606419570.8338463,149649,0.05833333358168602
1606419596.4317284,151826,0.12820513546466827
1606419611.6871223,153081,0.1469999998807907
1606419725.7635663,162860,0.09582309424877167
1606419758.5066063,165745,0.05400000140070915
1606419759.6911201,165849,0.20192307233810425
1606419800.2778153,169440,0.08185840398073196
1606419828.1545022,171871,0.14177215099334717
1606419841.887574,173078,0.3285024166107178
1606419902.3210332,178116,0.23509369790554047
1606419914.1375866,179116,0.1420000046491623
1606419961.1406374,183527,0.2616822421550751
1606419974.2397392,184752,0.31683167815208435
1606420019.39963,188859,0.25287356972694397
1606420074.171105,194122,0.15399999916553497
1606420186.7540863,204712,0.14499999582767487
1606420218.8657365,207692,0.10199999809265137
1606420277.0073643,213301,0.07999999821186066
1606420288.899469,214404,0.28155338764190674
1606420628.8728588,241379,0.1195652186870575
1606420634.2993457,241905,0.28136882185935974
1606420647.2657132,243200,0.1550000011920929
1606420690.4634798,247372,0.15399999916553497
1606420763.4753172,254219,0.014598540030419827
1606420779.488708,255759,0.10899999737739563
1606420789.9386032,256759,0.17499999701976776
1606420821.3949587,259759,0.1940000057220459
1606420852.122568,262685,0.26600000262260437
1606420881.576983,265403,0.035185184329748154
1606420897.864675,266978,0.08050847798585892
1606420908.3272867,267978,0.08900000154972076
1606420958.2753096,272695,0.07500000298023224
1606421045.5934157,281050,0.1111111119389534
1606421061.892557,282652,0.07500000298023224
1606421150.7287948,291209,0.1177094355225563
1606421179.8296676,294035,0.22100000083446503
1606421191.6205513,295195,0.125
1606421222.001075,297967,0.08678756654262543
1606421276.6028657,303150,0.232026144862175
1606421331.418223,308382,0.12200000137090683
1606421352.5659022,310382,0.17900000512599945
1606421383.7842216,313382,0.0430000014603138
1606421419.965485,316945,0.0855855867266655
1606421443.2821634,319125,0.1818181872367859
1606421522.5694237,326671,0.23118279874324799
1606421570.5883942,331233,0.2881355881690979
1606421621.729271,336139,0.0560000017285347
1606421637.8901708,337651,0.16603773832321167
1606421689.9776626,342544,0.13199999928474426
1606421702.6726644,343692,0.1420000046491623
1606421713.5629675,344692,0.06300000101327896
1606421725.8639205,345867,0.10999999940395355
1606421746.0752702,347867,0.08900000154972076
1606421756.26519,348867,0.08399999886751175
1606421799.2845402,353026,0.04899999871850014
1606421804.6512034,353509,0.07039337605237961
1606421885.163143,359154,0.14000000059604645
1606421921.1310227,362655,0.1975308656692505
1606421936.2741852,364129,0.21199999749660492
1606421973.937252,367642,0.06666667014360428
1606422018.7042174,371826,0.13099999725818634
1606422038.8146455,373826,0.04100000113248825
1606422138.0471416,383285,0.1517857164144516
1606422170.7829885,386463,0.17283950746059418
1606422174.109595,386781,0.0974842756986618
1606422188.8270051,388176,0.1443037986755371
1606422193.148802,388584,0.17771084606647491
1606422203.6990156,389584,0.14499999582767487
1606422221.581579,391286,0.23046357929706573
1606422308.9600945,399509,0.04716981202363968
1606422331.978455,401626,0.0989999994635582
1606422372.832899,405424,0.08699999749660492
1606422402.361702,408291,0.06700000166893005
1606422428.0942974,410725,0.13500000536441803
1606422462.1679986,413951,0.11500000208616257
1606422472.5140948,414949,0.0721442922949791
1606422495.5014372,417145,0.058252427726984024
1606422541.5056658,421582,0.050999999046325684
1606422635.5511816,430707,0.14000000059604645
1606422677.7464628,434300,0.035999998450279236
1606422692.287805,435573,0.04699999839067459
1606422769.3710167,442848,0.11425576359033585
1606422806.1345866,446370,0.08812260627746582
1606422825.6734369,448244,0.1889999955892563
1606422829.2536151,448599,0.09577465057373047
1606422837.1386242,449292,0.05772005766630173
1606422856.9748533,451185,0.02849740907549858
1606422896.9354947,455093,0.03252032399177551
1606422916.563874,457093,0.0560000017285347
1606422926.7996626,458093,0.08299999684095383
1606422954.3690002,460725,0.035999998450279236
1606422987.4636803,463995,0.04100000113248825
1606423004.028885,465614,0.09606987237930298
1606423006.0769541,465813,0.035175878554582596
1606423036.5012662,468797,0.023000000044703484
1606423108.8103375,475820,0.041999999433755875
1606423135.2654142,478431,0.043103449046611786
1606423136.0461307,478501,0.02857142873108387
1606423146.1616125,479501,0.05299999937415123
1606423166.369101,481501,0.0729999989271164
1606423168.6064374,481719,0.1376146823167801
1606423224.605051,487069,0.15399999916553497
1606423252.1857488,489733,0.125
1606423256.3412602,490125,0.12755101919174194
1606423277.8266027,492125,0.16699999570846558
1606423299.081701,494125,0.11500000208616257
1606423315.001499,495616,0.03874092176556587
1606423316.7651346,495796,0.06666667014360428
1606423319.016535,495922,0.0634920671582222
1606423342.541924,498172,0.07699999958276749
1606423379.5922709,500286,0.04376012831926346
1606423417.0587037,503553,0.05000000074505806
1606423418.858039,503715,0.03086419776082039
1606423419.459882,503785,0.0
1606423461.038114,507778,0.04899999871850014
1606423584.9575634,519885,0.06802721321582794
1606423615.075851,522919,0.03951367735862732
1606423620.259789,523395,0.07305935770273209
1606423657.3050013,527111,0.03999999910593033
1606423799.8445754,541096,0.11699999868869781
1606423808.9195073,541954,0.09529860317707062
1606423836.3878543,544676,0.0476190485060215
1606423857.2614064,546676,0.03400000184774399
1606423884.5115728,549437,0.055045872926712036
1606423895.1514397,550492,0.0651162788271904
1606423921.7152667,553093,0.06639004498720169
1606423941.7783463,555098,0.05263157933950424
1606423960.6779065,556931,0.0560000017285347
1606423987.8792136,559668,0.07999999821186066
1606424002.5467408,561100,0.052000001072883606
1606424029.327672,563766,0.1034482792019844
1606424044.606,565304,0.08100000023841858
1606424057.997267,566677,0.04500000178813934
1606424071.2478197,567991,0.016129031777381897
1606424107.030661,571528,0.03200000151991844
1606424108.388116,571664,0.007352941203862429
1606424121.1235158,572923,0.01986755058169365
1606424157.2797184,576636,0.04800000041723251
1606424162.2114232,577106,0.018518518656492233
1606424195.7805617,580453,0.009433962404727936
1606424200.8395581,580956,0.043478261679410934
1606424212.538885,582153,0.023679416626691818
1606424217.8019507,582688,0.014953271485865116
1606424266.310227,587831,0.031496062874794006
1606424268.4713123,588047,0.013888888992369175
1606424298.4999022,591119,0.03099999949336052
1606424307.9161139,592049,0.0476190485060215
1606424317.7123735,593049,0.023000000044703484
1606424324.16665,593693,0.0
1606424333.6448658,594693,0.020999999716877937
1606424339.5560644,595258,0.037383176386356354
1606424341.2059348,595412,0.006493506487458944
1606424385.6694486,599544,0.014999999664723873
1606424412.5147839,601051,0.007936508394777775
1606424419.7377653,601610,0.034090910106897354
1606424425.1109433,602150,0.011520737782120705
1606424430.6751735,602709,0.01967799663543701
1606424454.3384256,605032,0.008547008968889713
1606424466.9148712,606222,0.024752475321292877
1606424509.8032174,610353,0.0
1606424511.545597,610509,0.0
1606424544.8304787,613881,0.020999999716877937
1606424574.8582482,617083,0.01600000075995922
1606424610.628121,620532,0.0
1606424670.603965,626626,0.0
1606424697.658618,629407,0.2709999978542328
1606424700.3876083,629685,0.22727273404598236
1606424710.6254997,630768,0.10300000011920929
1606424722.971473,632073,0.07157894968986511
1606424730.5986843,632831,0.025316456332802773
1606424741.9434757,634019,0.03191489353775978
1606424764.1073208,636097,0.03030303120613098
1606424764.8845873,636163,0.0
1606424795.1797516,639248,0.011267605237662792
1606424815.5718822,641306,0.06800000369548798
1606424829.2766798,642717,0.0
1606424830.0153613,642799,0.0
1606424865.635421,646411,0.014705882407724857
1606424880.9480658,647944,0.009302325546741486
1606424913.0109146,651190,0.3179999887943268
1606424915.6778457,651441,0.014925372786819935
1606424958.4810705,655760,0.02631578966975212
1606424965.2313383,656441,0.04845815151929855
1606424980.0051947,657922,0.007352941203862429
1606424981.4443848,658061,0.02158273383975029
1606424982.271231,658128,0.014925372786819935
1606425040.8186224,664105,0.011560693383216858
1606425070.4622288,667203,0.17299999296665192
1606425115.5800133,672002,0.20200000703334808
1606425116.1725686,672068,0.0
1606425135.807628,674047,0.1111111119389534
1606425149.585668,674413,0.026615969836711884
1606425167.3435347,676151,0.2879999876022339
1606425171.3114924,676525,0.0714285746216774
1606425276.2819128,686859,0.056934308260679245
1606425296.712408,688859,0.06199999898672104
1606425298.7080448,689054,0.016260161995887756
1606425317.2051377,690866,0.01600000075995922
1606425336.737243,692954,0.04356636106967926
1606425366.3930027,695936,0.10273224115371704
1606425373.346485,696643,0.01600000075995922
1606425389.9470177,698323,0.038036808371543884
1606425428.477607,702201,0.008771929889917374
1606425445.535295,704003,0.060975611209869385
1606425466.1105342,706050,0.01515151560306549
1606425493.009977,708863,0.08308003842830658
1606425493.7869384,708931,0.014705882407724857
1606425524.638504,712097,0.0
1606425547.1712775,714333,0.029411764815449715
1606425569.6807613,716544,0.05911330133676529
1606425575.793244,717178,0.06782334297895432
1606425583.8001628,717984,0.0
1606425624.5096421,721986,0.014492753893136978
1606425627.1938648,722211,0.021978022530674934
1606425630.7455704,722561,0.02512562833726406
1606425652.3265107,724566,0.21400000154972076
1606425668.9713993,726262,0.05246422812342644
1606425670.9693065,726453,0.015706805512309074
1606425722.1730614,731619,0.1770000010728836
1606425756.537364,735026,0.01515151560306549
1606425795.001377,738818,0.010600706562399864
1606425811.4997709,740550,0.011881188489496708
1606425814.1085436,740806,0.01171875
1606425815.763639,740974,0.0
1606425819.5031967,741353,0.018469657748937607
1606425917.6367683,747074,0.034659821540117264
1606425918.495605,747154,0.0
1606425932.7482972,748602,0.016759777441620827
1606425942.1917078,749600,0.024504084140062332
1606425950.8668866,750489,0.008620689623057842
1606425958.696626,751300,0.012080537155270576
1606425974.5109832,752956,0.005263158120214939
1606425977.6708713,753259,0.02631578966975212
1606425981.7396595,753630,0.01550387591123581
1606426048.9689143,760442,0.014211886562407017
1606426049.774873,760512,0.02857142873108387
1606426066.652363,762129,0.0
1606426079.5778804,763296,0.0
1606426083.0208557,763608,0.016025641933083534
1606426092.1659966,764539,0.013020833022892475
1606426098.846846,765217,0.014705882407724857
1606426100.4985964,765386,0.005917159840464592
1606426146.5103369,770405,0.009041591547429562
1606426159.9513152,771784,0.014627659693360329
1606426201.0602663,775762,0.007751937955617905
1606426201.8479288,775828,0.0
1606426212.8326783,776958,0.004950494971126318
1606426270.0765579,782600,0.0
1606426280.7793381,783683,0.008888889104127884
1606426285.238908,784137,0.006607929710298777
1606426287.2440927,784333,0.0
1606426321.4628067,787986,0.008999999612569809
1606426339.587275,789775,0.0
1606426340.548211,789864,0.01123595517128706
1606426370.5056732,792908,0.010471204295754433
1606426381.4755423,794037,0.01515151560306549
1606426384.3141055,794310,0.011904762126505375
1606426398.768308,795727,0.007692307699471712
1606426411.8155487,796907,0.014925372786819935
1606426433.0141299,798334,0.012012012302875519
1606426436.4027753,798688,0.014124293811619282
1606426453.2163463,800451,0.013274336233735085
1606426475.857304,802664,0.0028901733458042145
1606426493.921167,804292,0.03030303120613098
1606426496.6563478,804563,0.0036900369450449944
1606426502.6903744,805097,0.020408162847161293
1606426517.344113,806599,0.0
1606426522.92315,807120,0.0078125
1606426525.5591424,807339,0.013605441898107529
1606426530.0378234,807717,0.0
1606426536.5958433,808360,0.02500000037252903
1606426539.5335493,808631,0.03030303120613098
1606426565.474255,811205,0.01604278013110161
1606426599.081419,814629,0.0
1606426613.0956204,816034,0.0181818176060915
1606426616.6515453,816383,0.009478673338890076
1606426619.3115861,816634,0.007968127727508545
1606426631.2603083,817833,0.009900989942252636
1606426632.030098,817900,0.0
1606426668.1658332,821602,0.014851485379040241
1606426676.4321334,822418,0.010989011265337467
1606426682.8277743,823098,0.026470588520169258
1606426689.8639402,823717,0.024232633411884308
1606426698.5441055,824580,0.02529182843863964
1606426709.9777267,825714,0.017699114978313446
1606426725.71663,827305,0.0
1606426726.3104768,827371,0.01515151560306549
1606426752.5798874,830101,0.010948904789984226
1606426753.8511662,830224,0.008130080997943878
1606426783.361598,833336,0.01075268816202879
1606426790.562488,834072,0.0
1606426792.6476514,834272,0.014925372786819935
1606426797.9025035,834769,0.006535947788506746
1606426805.8592882,835524,0.012422360479831696
1606426806.8860345,835622,0.010204081423580647
1606426808.5336502,835784,0.011111111380159855
1606426810.4680986,835971,0.005347593687474728
1606426815.847762,836527,0.007194244768470526
1606426822.3022795,837146,0.0
1606426853.9227052,840313,0.0
1606426870.2589302,841983,0.002114164875820279
1606426886.8341022,843698,0.009433962404727936
1606426905.5515954,845534,0.02199999988079071
1606426906.4100199,845606,0.013888888992369175
1606426930.4138396,847956,0.011111111380159855
1606426973.224662,849429,0.02450980432331562
1606427005.7833848,852896,0.009677419438958168
1606427015.2396932,853820,0.0
1606427022.0775738,854564,0.008862629532814026
1606427034.5107524,855938,0.0
1606427054.4085681,857999,0.00283286115154624
1606427055.3537502,858087,0.0
1606427063.6331675,858925,0.00479233218356967
1606427075.94415,860092,0.0
1606427084.203004,860770,0.005376344081014395
1606427136.0711432,865928,0.0
1606427141.5612688,866469,0.00917431153357029
1606427153.818179,867666,0.0045045046135783195
1606427154.715738,867748,0.024390242993831635
1606427155.7893145,867851,0.0
1606427215.2461908,874040,0.009999999776482582
1606427269.7855282,879799,0.0
1606427295.7927563,882585,0.019999999552965164
1606427307.999583,883795,0.0
1606427329.6910074,885953,0.015037594363093376
1606427336.5380628,886609,0.0
1606427338.589919,886809,0.0
1606427344.6381226,887454,0.006607929710298777
1606427353.5842178,888348,0.0
1606427358.5706892,888827,0.009345794096589088
1606427361.6429098,889123,0.0057142856530845165
1606427379.4289863,891035,0.0
1606427382.807818,891358,0.007692307699471712
1606427398.6776571,893054,0.014760147780179977
1606427421.1824667,895329,0.01515151560306549
1606427427.031013,895828,0.0
1606427456.9629395,898867,0.0
1606427457.7650852,898934,0.0
1606427458.5254896,899000,0.0
1606427515.4659555,904847,0.0
1606427554.1677608,906778,0.007633587811142206
1606427570.2824125,908437,0.007000000216066837
1606427587.7346466,910248,0.0010000000474974513
1606427591.84637,910574,0.0061349691823124886
1606427598.8435977,911254,0.0
1606427602.8620844,911628,0.0
1606427604.2275567,911766,0.0
1606427626.6349013,914142,0.006772009190171957
1606427629.1426663,914334,0.01515151560306549
1606427638.5258772,915307,0.012106537818908691
1606427642.9408817,915737,0.0
1606427654.6145332,916958,0.005376344081014395
1606427660.1121552,917529,0.0
1606427667.2018776,918238,0.04109589010477066
1606427684.0060477,919985,0.003636363660916686
1606427721.452547,923813,0.0
1606427752.2062275,927024,0.004999999888241291
1606427761.4205785,928024,0.006000000052154064
1606427762.4117785,928120,0.0
1606427764.8054857,928360,0.012903225608170033
1606427773.8387291,929360,0.010999999940395355
1606427782.386168,930278,0.01643192395567894
1606427796.9446673,931713,0.006896551698446274
1606427808.1971319,932898,0.00828157365322113
1606427819.8272312,934191,0.0
1606427826.4733517,934827,0.007380073890089989
1606427836.6777143,935902,0.0
1606427865.602018,938869,0.0
1606427870.5192094,939342,0.0
1606427879.915486,940277,0.0
1606427895.0881672,941809,0.014184396713972092
1606427904.5105827,942763,0.007389162667095661
1606427914.0788486,943829,0.0
1606427916.5764265,944098,0.0074349441565573215
1606427942.97383,946758,0.002801120514050126
1606427956.475921,948070,0.009999999776482582
1606427959.229576,948308,0.009523809887468815
1606427962.2519393,948594,0.0
1606427972.4327092,949594,0.014000000432133675
1606427985.8727415,951008,0.0
1606427987.1590009,951139,0.015267175622284412
1606427989.4758072,951372,0.01904761977493763
1606428011.2126439,953621,0.023000000044703484
1606428012.3142695,953726,0.0
1606428030.1850863,955485,0.004566209856420755
1606428032.0338118,955614,0.007751937955617905
1606428039.246524,956305,0.013636363670229912
1606428045.8004467,956889,0.0
1606428057.6461813,958042,0.006535947788506746
1606428070.5430803,959357,0.009999999776482582
1606428091.3915243,961318,0.0
1606428098.6039193,962047,0.0
1606428107.4606736,962955,0.006896551698446274
1606428110.6853433,963287,0.0
1606428121.827801,964424,0.0
1606428137.4938512,966091,0.0034602077212184668
1606428260.9353642,968388,0.0
1606428265.3161957,968802,0.0
1606428296.929702,972054,0.0065146577544510365
1606428311.779523,973599,0.004310344811528921
1606428323.5440845,974704,0.0
1606428340.6173422,976266,0.008695651777088642
1606428341.4248197,976337,0.0
1606428343.802095,976563,0.008771929889917374
1606428351.6590848,977348,0.0033444815780967474
1606428352.4141715,977414,0.0
1606428368.7712746,979182,0.006825938355177641
1606428371.211019,979315,0.01515151560306549
1606428372.4686995,979437,0.0
1606428389.5525577,981140,0.0
1606428399.3206477,982156,0.0
1606428412.9523678,983502,0.0
1606428441.615533,986440,0.004999999888241291
1606428457.403628,988066,0.0
1606428470.9856431,989514,0.0024479804560542107
1606428500.0606332,992406,0.0
1606428507.819014,993123,0.0
1606428513.9120011,993708,0.0
1606428519.159935,994211,0.003508772002533078
1606428522.87827,994579,0.0
1606428527.6352048,995052,0.004228329751640558
1606428529.5263517,995224,0.0
1606428545.084856,996735,0.0
1606428548.8369029,997124,0.0025706940796226263
1606428550.6989317,997314,0.005263158120214939
1606428557.759993,998084,0.0031999999191612005
1606428579.7693038,1000209,0.0
1606428580.5510087,1000297,0.0
1606428587.1986651,1000983,0.0
1606428600.983101,1002315,0.0
1606428620.6455054,1004278,0.0
1606428676.9263182,1010053,0.0
1606428722.3000548,1014726,0.0
1606428739.1070316,1016466,0.004854368977248669
1606428741.2629068,1016692,0.0
1606428743.6821172,1016922,0.0
1606428785.6170948,1020598,0.014492753893136978
1606428788.5108378,1020786,0.0
1606428794.5663488,1021384,0.0
1606428838.7117944,1026041,0.0020000000949949026
1606428861.9647071,1028333,0.0
1606428863.860063,1028515,0.0
1606428899.2500184,1032058,0.0
1606428929.9862952,1035301,0.00408719340339303
1606428950.5579822,1037537,0.0
1606428951.733693,1037656,0.0
1606428956.5341876,1038147,0.0
1606428966.7486126,1039213,0.0
1606428982.789897,1040824,0.0
1606429029.7997637,1045706,0.0
1606429058.0534787,1048569,0.0010000000474974513
1606429059.1692724,1048636,0.0
1606429085.166337,1051018,0.0042553190141916275
1606429086.7535763,1051183,0.0
1606429090.118518,1051503,0.0
1606429091.4874434,1051646,0.0
1606429093.5191379,1051856,0.004761904943734407
1606429119.0349977,1054383,0.002710027154535055
1606429123.0460463,1054772,0.0
1606429139.8233478,1056466,0.0
1606429150.0002806,1057476,0.00699300691485405
1606429156.9288247,1058151,0.0
1606429159.1662288,1058364,0.0
1606429164.5176492,1058877,0.0
1606429175.049845,1059888,0.0
1606429186.7669346,1061034,0.004926108289510012
1606429192.936746,1061638,0.0
1606429197.055791,1062057,0.0
1606429201.877219,1062521,0.0
1606429232.854827,1065608,0.002044989727437496
1606429233.6083863,1065692,0.02380952425301075
1606429268.0649104,1069122,0.007246376946568489
1606429271.2319422,1069428,0.0
1606429312.628721,1073622,0.0
1606429314.658789,1073823,0.0
1606429315.8358912,1073941,0.0
1606429316.591847,1074010,0.0
1606429320.7798674,1074367,0.012658228166401386
1606429382.17884,1075490,0.01785714365541935
1606429406.1508577,1077353,0.012048192322254181
1606429410.2498078,1077765,0.004854368977248669
1606429419.5305042,1078749,0.0
1606429445.5618665,1081389,0.006666666828095913
1606429454.0512147,1082223,0.003021148033440113
1606429461.9992573,1083014,0.014925372786819935
1606429465.813375,1083383,0.018018018454313278
1606429466.5840216,1083449,0.0
1606429492.7356517,1086118,0.002372479299083352
1606429499.7913618,1086846,0.0
1606429516.3696535,1088564,0.0
1606429530.9220924,1090009,0.0
1606429544.3146453,1091407,0.0
1606429607.613769,1097873,0.0
1606429615.5376515,1098653,0.0
1606429619.6981757,1099062,0.0
1606429626.8038082,1099749,0.0
1606429633.8390405,1100424,0.0
1606429656.32134,1102705,0.0
1606429666.35985,1103718,0.00963855441659689
1606429678.7541153,1105082,0.03799999877810478
1606429728.8409288,1110284,0.021052632480859756
1606429755.188971,1112857,0.0
1606429756.2752466,1112964,0.0
1606429775.127532,1115072,0.006000000052154064
1606429806.0588393,1118344,0.02199999988079071
1606429825.6955993,1120356,0.0016949152341112494
1606429829.7252629,1120766,0.002439024392515421
1606429831.7341166,1120968,0.004950494971126318
1606429832.4852064,1121034,0.0
1606429835.325566,1121316,0.003546099178493023
1606429836.806456,1121471,0.0
1606429866.8253524,1124739,0.0
1606429929.6974769,1131221,0.0020000000949949026
1606429939.0739126,1132221,0.004000000189989805
1606429940.976112,1132402,0.0
1606429952.0475636,1133497,0.0022026430815458298
1606430010.7889924,1138726,0.0020000000949949026
1606430020.5083897,1139799,0.006000000052154064
1606430055.0707266,1143439,0.0032751092221587896
1606430055.8975024,1143514,0.013333333656191826
1606430059.1013436,1143817,0.0
1606430060.62616,1143967,0.0
1606430065.1548862,1144425,0.0021834061481058598
1606430075.6170566,1145558,0.0
1606430125.9060392,1150852,0.01515151560306549
1606430141.8157825,1152513,0.012000000104308128
1606430146.1274464,1152928,0.0
1606430161.2718937,1154501,0.0
1606430177.8259575,1156163,0.0
1606430181.0153344,1156492,0.0
1606430204.3247898,1158925,0.0
1606430212.787403,1159764,0.00917431153357029
1606430216.3202722,1160119,0.011267605237662792
1606430236.858452,1162221,0.0
1606430255.8047166,1164311,0.0
1606430280.385487,1166782,0.005917159840464592
1606430286.027584,1167365,0.0
1606430288.170347,1167568,0.00826446246355772
1606430293.0635185,1168038,0.0
1606430340.4778588,1172754,0.0
1606430346.426997,1173269,0.006756756920367479
1606430347.4193597,1173337,0.0
1606430348.7902749,1173439,0.009803921915590763
1606430394.598063,1177450,0.0020000000949949026
1606430423.9064903,1180111,0.0
1606430456.681844,1183396,0.0017667844658717513
1606430522.4894867,1189728,0.0028490028344094753
1606430537.9551997,1191326,0.0
1606430545.7150698,1192190,0.0011574074160307646
1606430559.5820668,1193636,0.0
1606430594.163329,1197306,0.0
1606430613.923819,1199246,0.0
1606430623.418884,1200236,0.00800000037997961
1606430742.6772304,1202547,0.0
1606430747.7280467,1203077,0.0
1606430751.9008794,1203503,0.0
1606430754.975428,1203814,0.0
1606430761.2293308,1204496,0.0
1606430767.5889452,1205121,0.0
1606430770.168454,1205379,0.0
1606430780.71396,1206391,0.0
1606430796.396301,1208054,0.004000000189989805
1606430799.2971063,1208348,0.0
1606430805.1224742,1208934,0.008196720853447914
1606430822.4924114,1210676,0.0
1606430834.628719,1211878,0.004999999888241291
1606430837.650902,1212189,0.0
1606430838.7903278,1212298,0.0
1606430860.6378846,1214530,0.0
1606430891.543907,1217777,0.0
1606430900.9064407,1218859,0.003000000026077032
1606430907.008682,1219495,0.0
1606430924.9084473,1221495,0.003000000026077032
1606430926.8219075,1221675,0.0
1606430970.1426215,1226314,0.0
1606430990.1455536,1228523,0.0020000000949949026
1606431051.9655426,1235267,0.007575757801532745
1606431056.95439,1235757,0.0
1606431107.3412461,1241080,0.006802720949053764
1606431163.9682817,1247309,0.0
1606431165.1494029,1247429,0.0
1606431188.2806597,1250009,0.0
1606431190.021821,1250199,0.005263158120214939
1606431192.4625669,1250429,0.0
1606431197.4449406,1250943,0.0
1606431205.0902133,1251699,0.0
1606431219.1784883,1253162,0.0031152646988630295
1606431225.2724917,1253795,0.0018975331913679838
1606431281.9388435,1259155,0.0
1606431327.737061,1264037,0.0010000000474974513
1606431333.4649487,1264596,0.0
1606431347.4098682,1265917,0.0
1606431351.1660607,1266323,0.0
1606431383.9377072,1268711,0.0
1606431391.0874283,1269465,0.0
1606431470.477403,1277958,0.0
1606431489.8019192,1280037,0.0010000000474974513
1606431497.312124,1280765,0.010101010091602802
1606431507.83942,1281898,0.0
1606431511.3521698,1282248,0.0057142856530845165
1606431513.3599179,1282447,0.0
1606431515.5247443,1282673,0.0
1606431529.4790113,1284057,0.014598540030419827
1606431583.1064844,1289768,0.0
1606431597.256308,1291234,0.0027322403620928526
1606431626.2120438,1294263,0.0
1606431633.6504586,1295037,0.0
1606431635.0531592,1295179,0.01315789483487606
1606431647.7346709,1296455,0.004273504484444857
1606431655.8073764,1297329,0.0
1606431703.7867572,1302456,0.003952569328248501
1606431710.1145546,1303140,0.0
1606431722.0709856,1304391,0.0
1606431751.5952625,1307429,0.0
1606431770.0330098,1309455,0.0
1606431780.2410638,1310455,0.0
1606431782.7363236,1310700,0.0
1606431790.4287019,1311429,0.0
1606431807.2637691,1313209,0.0
1606431824.7119527,1315060,0.0
1606431843.7061694,1316968,0.0
1606431855.5584126,1318201,0.0
1606431869.671465,1319722,0.0021551724057644606
1606431880.6328473,1320913,0.0010000000474974513
1606431908.3261278,1323988,0.0
1606431924.086415,1325677,0.0
1606431928.5720832,1326118,0.0
1606431932.948419,1326559,0.0
1606431939.7921069,1327245,0.00283286115154624
1606431959.4679239,1329363,0.0063157896511256695
1606432001.3746934,1333861,0.008130080997943878
1606432113.7751646,1335413,0.0
1606432132.646827,1337428,0.0
1606432199.5243347,1344673,0.0
1606432208.751959,1345657,0.0016556291375309229
1606432216.7517135,1346481,0.0
1606432230.8827677,1347922,0.003355704713612795
1606432260.1254878,1351036,0.0
1606432275.3674495,1352639,0.0
1606432280.4682944,1353177,0.0022321429569274187
1606432298.6790895,1354990,0.0
1606432302.9872916,1355416,0.004694835748523474
1606432328.5761127,1357993,0.0026773761492222548
1606432356.4823997,1360835,0.0
1606432379.253885,1363163,0.0
1606432391.0496438,1364398,0.0
1606432407.0546093,1366065,0.0
1606432454.5960631,1371347,0.006756756920367479
1606432462.9404802,1372237,0.0017152659129351377
1606432492.016804,1375419,0.005347593687474728
1606432499.0788388,1376123,0.0
1606432502.4009845,1376449,0.013698630034923553
1606432513.7062707,1377591,0.003000000026077032
1606432543.0899835,1380829,0.0
1606432584.6660607,1385211,0.0
1606432591.357171,1385869,0.0
1606432616.0240326,1388581,0.0
1606432619.2085435,1388911,0.0030303029343485832
1606432640.4250498,1391274,0.0
1606432646.0672524,1391840,0.0
1606432683.7471743,1396018,0.0
1606432687.4601686,1396435,0.0023980815894901752
1606432708.443243,1398614,0.0
1606432747.766602,1402618,0.0
1606432776.8362124,1405906,0.0
1606432812.263842,1409583,0.013333333656191826
1606432815.5117748,1409920,0.0
1606432837.2376256,1412201,0.0
1606432926.0960581,1413127,0.0021598271559923887
1606432983.277756,1418407,0.0
1606432999.0984926,1420110,0.003000000026077032
1606433009.9962144,1421357,0.004048583097755909
1606433023.2182477,1422868,0.0010183299891650677
1606433033.319061,1423928,0.0016181230312213302
1606433051.6831038,1425958,0.0026041667442768812
1606433075.5997896,1428447,0.002808988792821765
1606433100.8779666,1431061,0.0
1606433106.653359,1431636,0.0
1606433158.2419777,1436986,0.0
1606433160.1353953,1437172,0.0
1606433179.9275723,1439229,0.008196720853447914
1606433198.2491865,1441028,0.0033783784601837397
1606433286.1508126,1450084,0.0
1606433310.3720121,1452584,0.0
1606433321.2196343,1453769,0.0
1606433400.4637332,1462189,0.0015847861068323255
1606433409.0647612,1463060,0.002217294881120324
1606433424.8145337,1464724,0.007246376946568489
1606433433.7942126,1465724,0.0
1606433434.5803556,1465800,0.0
1606433457.1203163,1468234,0.007936508394777775
1606433474.9183872,1470106,0.0
1606433484.4729862,1471157,0.0
1606433522.1056633,1475182,0.0
1606433559.3164673,1479315,0.0010000000474974513
1606433568.2243147,1480227,0.0
1606433611.4107733,1484914,0.0
1606433624.8094447,1486354,0.0038910505827516317
1606433634.5865316,1487339,0.0
1606433683.366908,1492414,0.0
1606433686.443037,1492731,0.0
1606433697.8741548,1494019,0.004694835748523474
1606433766.861956,1500250,0.0025906735099852085
1606433775.8781898,1501154,0.0
1606433790.41981,1502682,0.0
1606433801.2806432,1503820,0.0026041667442768812
1606433856.2968764,1509976,0.0
1606433861.8691573,1510520,0.0
1606433871.8933852,1511625,0.0020000000949949026
1606433912.8586287,1515961,0.006451612804085016
1606433936.7712293,1518552,0.0015576323494315147
1606433971.188678,1522214,0.0
1606433992.7616222,1524567,0.005102040711790323
1606434033.854765,1529102,0.0020000000949949026
1606434050.2529829,1530968,0.0
1606434054.135996,1531364,0.0
1606434151.505315,1541494,0.0
1606434157.7524502,1542188,0.0028818442951887846
1606434160.6941032,1542488,0.0
1606434192.3131387,1545726,0.003000000026077032
1606434194.6539638,1545964,0.0
1606434235.8087645,1550348,0.0020000000949949026
1606434274.918213,1554149,0.0
1606434304.8664763,1556950,0.0020120723638683558
1606434306.830309,1557134,0.0
1606434332.7615204,1559865,0.0
1606434383.847084,1565421,0.0
1606434410.6745486,1568312,0.0
1606434451.5039134,1572689,0.0
1606434469.121926,1574501,0.003000000026077032
1606434562.5068843,1584229,0.0
1606434576.0504127,1585704,0.0
1606434614.8729773,1589887,0.0
1606434631.9675574,1591698,0.0
1606434750.811042,1594235,0.0010000000474974513
1606434791.678042,1597341,0.0
1606434807.6407285,1599056,0.0025380710139870644
1606471722.8623185,1599244,0.14361701905727386
1606471770.1485984,1604934,0.1599999964237213
1606471775.0343597,1605518,0.13869863748550415
1606471820.7061293,1611119,0.16447368264198303
1606471836.68924,1613119,0.13500000536441803
1606471840.8772202,1613642,0.13957935571670532
1606471882.5308816,1618840,0.1310344785451889
1606471898.5745175,1620840,0.14000000059604645
1606471899.2909765,1620928,0.125
1606471900.2858176,1621052,0.13709677755832672
1606471905.341624,1621678,0.14696486294269562
1606471919.5082636,1623442,0.14417177438735962
1606471928.9967608,1624625,0.12568305432796478
1606472057.536505,1640247,0.15454545617103577
1606472067.6869245,1641468,0.16551724076271057
1606472134.089509,1649402,0.08900000154972076
1606472157.32851,1652040,0.002739726100116968
1606472161.2369196,1652470,0.0023255813866853714
1606472174.0090263,1653958,0.0021834061481058598
1606472203.14364,1657299,0.01149425283074379
1606472226.4519124,1659973,0.002044989727437496
1606472250.6813283,1662632,0.0
1606472374.9664493,1676774,0.0036166366189718246
1606472398.3936474,1679365,0.0
1606472456.1515954,1686034,0.0020000000949949026
1606472481.7236505,1688934,0.0
1606472536.0455892,1695119,0.0038314175326377153
1606472542.068214,1695764,0.0
1606472601.4099858,1702478,0.0030959751456975937
1606472602.7462096,1702618,0.0
1606472619.3497493,1704494,0.0020000000949949026
1606472630.562221,1705781,0.0060240961611270905
1606472646.4104114,1707590,0.0
1606472648.2512777,1707780,0.005263158120214939
1606472651.6288188,1708141,0.0
1606472833.9859438,1721015,0.0
1606472857.3327374,1723562,0.0024271844886243343
1606472868.130818,1724731,0.0
1606472880.8450494,1726090,0.0022935778833925724
1606472901.3316894,1728415,0.0
1606472959.0712676,1734855,0.0017241379246115685
1606473021.5631714,1741766,0.0010183299891650677
1606473039.521351,1743569,0.0020000000949949026
1606473045.273177,1744161,0.0
1606473111.8305912,1751367,0.0026525198481976986
1606473155.474672,1755788,0.0030120480805635452
1606473263.7824612,1766546,0.003957783803343773
1606473301.0204823,1770132,0.004000000189989805
1606473325.6577816,1772726,0.0
1606473345.365956,1774646,0.0020000000949949026
1606473393.374687,1779210,0.003000000026077032
1606473412.3820465,1781210,0.0010000000474974513
1606473484.0968568,1788366,0.0010000000474974513
1606473517.7928946,1791782,0.0010000000474974513
1606473550.175177,1794955,0.0
1606473572.2767777,1797255,0.0
1606473589.3430095,1798887,0.0
1606473605.6265666,1800542,0.0
1606473640.5229273,1803961,0.0017452007159590721
1606473684.9369402,1808124,0.002020202111452818
1606473718.3451147,1811292,0.0
1606473786.8642144,1817698,0.0
1606473805.6844475,1819535,0.0
1606473897.8902664,1828911,0.0
1606473950.2024655,1834287,0.003000000026077032
1606473971.100381,1836497,0.0010000000474974513
1606473984.8087082,1837893,0.0
1606473992.920807,1838637,0.0
1606474072.594298,1840927,0.002583979396149516
1606474086.1337528,1841768,0.0011890606256201863
1606474096.865005,1842491,0.0027662517968565226
1606474186.8120785,1851771,0.004678362514823675
1606474222.5949981,1855459,0.001721170381642878
1606474223.3811371,1855533,0.0
1606474241.2305727,1857236,0.0010000000474974513
1606474278.3611126,1860973,0.001291989698074758
1606474294.4407434,1862577,0.0
1606474331.1245978,1866307,0.002114164875820279
1606474351.4013686,1868336,0.0
1606474379.505461,1871149,0.0
1606474446.1881511,1878081,0.0030395137146115303
1606474487.4389057,1882718,0.0026560425758361816
1606474505.850893,1884676,0.0035587188322097063
1606474523.3819394,1886578,0.0011037527583539486
1606474565.602546,1891274,0.0013262599240988493
1606474578.349307,1892676,0.0
1606474628.2363434,1898097,0.001243781065568328
1606474652.2021499,1900828,0.0036900369450449944
1606474657.2901857,1901403,0.0
1606474748.000558,1911487,0.0
1606474755.347924,1912315,0.0
1606474763.7835896,1913200,0.0
1606474796.9841459,1916853,0.0
1606474811.392539,1918435,0.003436426166445017
1606474853.9790635,1923030,0.0010000000474974513
1606474862.0862477,1923897,0.003076923079788685
1606474867.3942027,1924466,0.0
1606474937.453962,1932023,0.0
1606474946.816894,1932860,0.0
1606474948.2077694,1933004,0.0069444444961845875
1606475004.2161553,1939130,0.0
1606475020.9344752,1940942,0.003000000026077032
1606475081.7416685,1947437,0.0020964359864592552
1606475094.8523595,1948801,0.0
1606475107.0436733,1950129,0.004054054152220488
1606475115.361843,1950981,0.004098360426723957
1606475188.6006124,1957506,0.0
1606475290.4681313,1968374,0.0028248587623238564
1606475318.8368332,1971419,0.0014450866729021072
1606475373.5530114,1976985,0.0010000000474974513
1606475401.1034703,1979658,0.0018587360391393304
1606475440.9535878,1983810,0.0
1606475476.7207522,1987490,0.0012853470398113132
1606475486.7324784,1988525,0.0
1606475506.61977,1990496,0.0021052630618214607
1606475530.2729902,1992861,0.004807692486792803
1606475539.3471537,1993861,0.0010000000474974513
1606475546.2860734,1994643,0.0
1606475615.6944203,2001960,0.0019011406693607569
1606475738.1997921,2013446,0.003703703638166189
1606475780.747693,2017909,0.0010000000474974513
1606475827.9132538,2022659,0.0043431054800748825
1606475842.4150243,2024016,0.0
1606475864.0283186,2026254,0.0
1606475920.0116875,2032212,0.0
1606475959.8874755,2036100,0.0010000000474974513
1606475997.4244633,2039504,0.0
1606476023.7133522,2041953,0.003000000026077032
1606476031.9439466,2042687,0.00272479560226202
1606476074.3757937,2046923,0.00959692895412445
1606476094.8008623,2048888,0.0014749262481927872
1606476101.9459934,2049615,0.002751031657680869
1606476120.4479218,2051349,0.003000000026077032
1606476137.0939107,2052459,0.0
1606476152.2951527,2053459,0.0010000000474974513
1606476156.5500164,2053780,0.0
1606476191.465218,2056660,0.0
1606476203.976627,2057968,0.0
1606476217.4886944,2059389,0.0
1606476223.0629141,2059986,0.0016750418581068516
1606476224.2071457,2060096,0.0
1606476233.4406178,2061096,0.0
1606476235.7500465,2061319,0.0
1606476251.384589,2062954,0.0010000000474974513
1606476253.883314,2063192,0.0
1606476294.466985,2067673,0.0
1606476331.1431794,2071722,0.002247191034257412
1606476335.318795,2072155,0.0
1606476345.366635,2073246,0.0
1606476446.2444818,2079938,0.0
1606476497.6167965,2084778,0.001303780940361321
1606476505.014474,2085472,0.0
1606476506.3049223,2085582,0.0
1606476542.4058876,2089131,0.0
1606476586.8991885,2092961,0.0020000000949949026
1606476607.5299768,2094980,0.0
1606476644.7231333,2098774,0.003703703638166189
1606476724.3912883,2106597,0.0017761989729478955
1606476754.1075234,2109689,0.0025380710139870644
1606476767.8996584,2111178,0.0
1606476783.0571706,2112773,0.004149377811700106
1606476825.1079867,2116994,0.0020000000949949026
1606476863.101488,2120696,0.0
1606476872.2097373,2121501,0.0038022813387215137
1606476895.3959455,2123501,0.0010000000474974513
1606476900.4152627,2123959,0.0021834061481058598
1606476971.2582893,2130752,0.0
1606477050.9738102,2138895,0.004000000189989805
1606477060.0571673,2139818,0.0021668472327291965
1606477101.6161263,2144092,0.0
1606477190.344535,2152876,0.004000000189989805
1606477209.4723117,2154638,0.0
1606477227.0464025,2156408,0.0020000000949949026
1606477302.329375,2163743,0.0
1606477347.7225368,2168242,0.0012936610728502274
1606477388.1002367,2172263,0.0028818442951887846
1606477394.375914,2172931,0.002994012087583542
1606477413.122233,2174880,0.0010000000474974513
1606477419.3994067,2175460,0.0
1606477426.3862991,2176192,0.0013661201810464263
1606477513.8463378,2184891,0.0020000000949949026
1606477548.9306874,2188224,0.004385964944958687
1606477553.969584,2188647,0.0
1606477731.5459614,2196567,0.0
1606477783.9743748,2201796,0.004999999888241291
1606477830.6602194,2206325,0.0
1606477847.8203278,2207977,0.0
1606477850.271099,2208181,0.0049019609577953815
1606477872.515896,2210362,0.005524862091988325
1606477897.3541927,2212799,0.004576658830046654
1606477983.5035,2221304,0.0010000000474974513
1606477996.7768538,2222652,0.0
1606477997.7197654,2222721,0.0
1606478001.653822,2223107,0.0025906735099852085
1606478047.3761296,2227285,0.001055966247804463
1606478088.7129712,2231390,0.0
1606478166.6957166,2239269,0.0
1606478269.7835646,2249955,0.00206611561588943
1606478300.0702426,2252810,0.0
1606478333.2885993,2256251,0.0020000000949949026
1606478334.9266133,2256402,0.0
1606478360.139693,2258949,0.0031645570416003466
1606478396.6883705,2262709,0.004089979454874992
1606478417.8449967,2264760,0.0019417476141825318
1606478427.7329586,2265760,0.0
1606478439.746003,2267063,0.004999999888241291
1606478483.7673988,2271473,0.0012422360014170408
1606478485.2552898,2271622,0.00671140942722559
1606478500.9607308,2273165,0.0010000000474974513
1606478530.6257944,2276064,0.0
1606478546.9478688,2277634,0.006557377055287361
1606478654.7289112,2288210,0.0
1606478677.0402992,2290363,0.006036217324435711
1606478713.213233,2294230,0.0029154520016163588
1606478750.4136474,2297994,0.0
1606478784.4894037,2301361,0.0024691359139978886
1606478808.7266316,2303911,0.001818181830458343
1606478878.9556508,2311168,0.0017605633474886417
1606478930.3108342,2316700,0.0
1606479057.9386184,2320173,0.0
1606479066.667169,2321173,0.0
1606479183.9496582,2334057,0.0
1606479196.0518713,2335405,0.0
