Wall time,Step,Value
1606391444.8629224,3031,0.1607898473739624
1606391513.0075276,10841,0.14008620381355286
1606391546.5096693,14806,0.12099999934434891
1606391626.813614,24225,0.12339743226766586
1606391637.1916761,25461,0.1392931342124939
1606391649.0312757,26869,0.1235697939991951
1606391691.0547428,31911,0.13683010637760162
1606391705.75163,33682,0.1332622617483139
1606391773.8686159,41838,0.1489361673593521
1606391780.2538543,42599,0.13945578038692474
1606391909.2331715,56840,0.5
1606391942.982834,60298,0.20765027403831482
1606391969.1775908,62856,0.12462908029556274
1606391978.8353245,63856,0.23000000417232513
1606392011.017293,67115,0.2838982939720154
1606392085.9913785,74752,0.257999986410141
1606392151.5155082,81257,0.27619048953056335
1606392224.6427314,88741,0.2465277761220932
1606392253.4334822,91611,0.40400001406669617
1606392271.0230615,93296,0.5559999942779541
1606392316.7840974,97893,0.1484375
1606392326.6447947,98893,0.5120000243186951
1606392379.3846824,104102,0.23425692319869995
1606392405.7280054,106763,0.4620000123977661
1606392419.5924242,108186,0.33096927404403687
1606392425.1923501,108722,0.40671640634536743
1606392452.395529,111403,0.45626476407051086
1606392504.198083,116677,0.2929292917251587
1606392571.077944,122377,0.19099999964237213
1606392574.0436206,122676,0.28762543201446533
1606392611.639126,126481,0.1860000044107437
1606392668.386695,132231,0.3532763421535492
1606392712.5784574,136657,0.346832811832428
1606392732.8532248,138729,0.5151515007019043
1606392837.5026526,149198,0.421999990940094
1606392882.7436185,153727,0.4339999854564667
1606392909.4069505,156342,0.19298245012760162
1606392948.5148869,160284,0.5285252928733826
1606392979.688275,163411,0.43799999356269836
1606393000.0959964,165411,0.26600000262260437
1606393118.656234,177273,0.15110357105731964
1606393145.112981,179950,0.4090000092983246
1606393154.9596078,180950,0.4819999933242798
1606393183.1562176,183739,0.4150943458080292
1606393222.3324778,187667,0.5180000066757202
1606393241.9261665,189667,0.4399999976158142
1606393291.1174562,194603,0.4009999930858612
1606393300.917187,195603,0.48100000619888306
1606393389.7419271,204490,0.36000001430511475
1606393454.5980492,210947,0.294676810503006
1606393506.315315,216127,0.44352617859840393
1606393632.2861266,228787,0.47999998927116394
1606393665.534569,232163,0.5929999947547913
1606393738.5188615,239379,0.4955752193927765
1606394055.1259112,269140,0.3319999873638153
1606394065.0523105,270140,0.4000000059604645
1606394124.5720797,275916,0.5440000295639038
1606394205.113046,282912,0.19042553007602692
1606394227.1901653,284798,0.44582393765449524
1606394229.3056545,284985,0.27807486057281494
1606394247.055964,286406,0.29899999499320984
1606394301.015831,291124,0.5254902243614197
1606394372.6012301,297503,0.16186252236366272
1606394403.4071417,300307,0.22014924883842468
1606394404.983239,300455,0.5
1606394488.5827348,307830,0.5739644765853882
1606394594.8311558,317206,0.6639999747276306
1606394609.4878302,318485,0.6953405141830444
1606394736.2189238,329676,0.5529999732971191
1606394751.5289648,330978,0.5430463552474976
1606394769.9214153,332606,0.4545454680919647
1606394830.5942373,338002,0.3619999885559082
1606394871.4439092,341586,0.4888888895511627
1606394894.3942535,343586,0.49900001287460327
1606394919.7796052,345801,0.4697674512863159
1606394956.9614482,349099,0.621999979019165
1606395001.7414732,353023,0.640999972820282
1606395077.191907,359516,0.41807910799980164
1606395133.4871202,364431,0.6654804348945618
1606395184.0891368,368751,0.5379999876022339
1606395205.4556615,370584,0.47999998927116394
1606395252.813242,374631,0.26899999380111694
1606395266.579489,375806,0.11299999803304672
1606395299.3511245,378621,0.6869999766349792
1606395310.7909524,379597,0.6990740895271301
1606395322.4347136,380597,0.5289999842643738
1606395368.0019546,384683,0.5619999766349792
1606395379.6746204,385683,0.6010000109672546
1606395556.297045,393547,0.6050000190734863
1606395627.131469,399685,0.421999990940094
1606395665.4677463,402925,0.5535714030265808
1606395707.844345,406742,0.6340000033378601
1606395720.131368,407848,0.43799999356269836
1606395810.7587333,415740,0.4440000057220459
1606395864.9852831,420574,0.4959999918937683
1606395876.7104821,421574,0.48100000619888306
1606395889.8735535,422699,0.3199999928474426
1606395916.0952666,424952,0.39100000262260437
1606395928.524534,426018,0.3181818127632141
1606396036.0185256,435309,0.5492063760757446
1606396062.6271281,437687,0.35185185074806213
1606396097.0199208,440801,0.40299999713897705
1606396126.0187886,443362,0.602495551109314
1606396160.9501894,446362,0.42899999022483826
1606396200.7102578,449847,0.42500001192092896
1606396211.947647,450847,0.578000009059906
1606396253.0849125,454518,0.3569999933242798
1606396298.6880903,458442,0.24899999797344208
1606396473.7007654,473666,0.546999990940094
1606396537.401873,479143,0.8190000057220459
1606396582.6053383,483020,0.36031925678253174
1606396609.7970126,485424,0.1734693944454193
1606396620.8732245,486424,0.3100000023841858
1606396676.7853916,491370,0.6079999804496765
1606396735.2621758,496491,0.20240963995456696
1606396765.174061,499075,0.33542975783348083
1606396786.2413008,500889,0.3589743673801422
1606396830.5469124,504889,0.45399999618530273
1606396835.0158932,505282,0.48600509762763977
1606396873.3162782,508720,0.4155251085758209
1606396920.5470169,512924,0.5285934805870056
1606396934.9763715,514345,0.3421516716480255
1606396936.2981536,514479,0.18656715750694275
1606396945.2418215,515356,0.4253135621547699
1606396957.8706424,516554,0.5942274928092957
1606396968.4539986,517554,0.6940000057220459
1606397007.963747,521456,0.7820796370506287
1606397045.7842426,525183,0.47730398178100586
1606397055.6666505,526183,0.6779999732971191
1606397067.2928054,527366,0.6284152865409851
1606397091.4693143,529739,0.17171716690063477
1606397093.8112614,529958,0.16438356041908264
1606397095.7235703,530134,0.0625
1606397119.296079,532433,0.37719297409057617
1606397219.3022087,534926,0.4300000071525574
1606397248.460036,537880,0.054794520139694214
1606397251.082582,538136,0.23828125
1606397260.6698055,539136,0.3050000071525574
1606397357.3819149,548950,0.1711491495370865
1606397387.7236874,551976,0.5520958304405212
1606397400.0860076,553211,0.40425533056259155
1606397438.4550824,557043,0.4440000057220459
1606397542.3883097,567428,0.3711340129375458
1606397546.7571836,567883,0.18292683362960815
1606397561.3552907,569394,0.06312292069196701
1606397565.5574288,569800,0.1557788997888565
1606397585.3532002,571892,0.37400001287460327
1606397592.7770767,572613,0.24770642817020416
1606397626.8763494,576025,0.19491524994373322
1606397647.1972728,578058,0.10743801295757294
1606397667.9462056,580156,0.12871287763118744
1606397681.434951,581494,0.5373134613037109
1606397695.7248633,582935,0.3179916441440582
1606397723.172567,585645,0.04651162773370743
1606397727.491877,586083,0.5082873106002808
1606397737.9712164,587171,0.5681234002113342
1606397766.3222766,590165,0.6330000162124634
1606397799.708375,593522,0.27796611189842224
1606397802.894646,593831,0.18122977018356323
1606397807.9820771,594329,0.4651162922382355
1606397841.3310866,597634,0.10606060922145844
1606397850.6729445,598548,0.04605263099074364
1606397881.5368164,601653,0.14388489723205566
1606397892.2811613,602717,0.0615384615957737
1606397902.3186874,603714,0.4151857793331146
1606397904.3392932,603912,0.14646464586257935
1606397928.7893834,606376,0.6513158082962036
1606397930.208415,606507,0.030534351244568825
1606397949.7377362,608519,0.05292478948831558
1606397955.5281408,609115,0.012658228166401386
1606397958.1585238,609391,0.25724637508392334
1606397975.039379,611090,0.08496732264757156
1606397976.9070427,611265,0.09142857044935226
1606397987.3627672,612291,0.04494382068514824
1606397988.3809066,612386,0.2210526317358017
1606398032.3440666,616843,0.4988584518432617
1606398077.8521566,618164,0.5432432293891907
1606398086.8887148,618731,0.10000000149011612
1606398090.0798194,619043,0.05714285746216774
1606398098.3282452,619842,0.40801000595092773
1606398136.9585822,623831,0.5213004350662231
1606398145.636944,624713,0.059278350323438644
1606398181.7418191,628454,0.04597701132297516
1606398186.8980274,628968,0.19117647409439087
1606398226.0504487,632891,0.3695652186870575
1606398246.47307,634938,0.041753653436899185
1606398285.82382,638963,0.12200000137090683
1606398313.0527442,641873,0.016304347664117813
1606398319.5688598,642501,0.02631578966975212
1606398324.5017002,642999,0.024024024605751038
1606398334.2546697,644014,0.01515151560306549
1606398341.2641566,644728,0.01515151560306549
1606398350.8166013,645677,0.44005268812179565
1606398366.9299345,647214,0.03703703731298447
1606398367.5351224,647280,0.0
1606398402.0419874,650664,0.5031152367591858
1606398415.4769754,651981,0.04545454680919647
1606398431.3949566,653533,0.021276595070958138
1606398434.3211176,653817,0.11971831321716309
1606398460.6616151,656476,0.5460000038146973
1606398468.9747295,657266,0.0
1606398507.4305618,661089,0.0301204826682806
1606398513.4484074,661691,0.07692307978868484
1606398551.2571018,665508,0.140625
1606398552.0639265,665599,0.010989011265337467
1606398556.7176573,666055,0.11267605423927307
1606398557.5908139,666136,0.012345679104328156
1606398558.3230503,666202,0.01515151560306549
1606398607.7140958,671175,0.26428571343421936
1606398646.6253645,675101,0.009523809887468815
1606398647.2118611,675167,0.0
1606398657.116299,676141,0.17431192100048065
1606398674.9189212,676713,0.03777777776122093
1606398694.1458676,678700,0.07734204828739166
1606398743.9163916,683629,0.06060606241226196
1606398753.8930473,684624,0.18799546360969543
1606398782.9421408,687508,0.0
1606398808.9976082,690124,0.1260623186826706
1606398833.207114,692566,0.22857142984867096
1606398839.57444,693180,0.014925372786819935
1606398874.0152526,696622,0.01515151560306549
1606398900.9375184,699322,0.5107913613319397
1606398928.85116,702148,0.009009009227156639
1606398949.579074,704234,0.06259314715862274
1606398961.6554573,705397,0.0
1606398990.8324234,708314,0.0878378376364708
1606399005.6400123,709822,0.5525846481323242
1606399015.1668184,710822,0.23199999332427979
1606399017.2854512,711020,0.01515151560306549
1606399037.8966339,713062,0.008130080997943878
1606399051.577713,714475,0.00803212821483612
1606399062.3440013,715614,0.0
1606399068.6277924,716251,0.013513513840734959
1606399069.752079,716360,0.00917431153357029
1606399140.034351,723628,0.012121211737394333
1606399185.0651884,728118,0.17514124512672424
1606399226.7179163,732382,0.0
1606399234.6754122,733211,0.042944785207509995
1606399238.5187452,733622,0.014598540030419827
1606399248.2165093,734688,0.19699999690055847
1606399249.0476909,734766,0.0
1606399409.4993694,741363,0.0833333358168602
1606399414.014237,741800,0.03030303120613098
1606399418.1285863,742206,0.0
1606399422.3532717,742623,0.01515151560306549
1606399425.87031,742986,0.03030303120613098
1606399432.6444383,743664,0.007025761064141989
1606399443.9136195,744826,0.03397027775645256
1606399454.1263106,745873,0.0276008490473032
1606399519.9178696,752567,0.010152284055948257
1606399523.8442628,752930,0.5426997542381287
1606399554.4239032,756043,0.0
1606399574.7852442,758095,0.06593406945466995
1606399575.7361107,758184,0.0
1606399582.0475404,758823,0.035256411880254745
1606399583.3676522,758955,0.0
1606399585.2834003,759146,0.1884816735982895
1606399596.6968842,760297,0.007518797181546688
1606399613.1592724,761956,0.11874999850988388
1606399654.9401133,766286,0.0317460335791111
1606399655.7204204,766353,0.0
1606399668.0611243,767604,0.06832297891378403
1606399721.0501893,773020,0.012949639931321144
1606399723.5530899,773282,0.007633587811142206
1606399725.6843798,773490,0.008064515888690948
1606399737.569199,774661,0.01515151560306549
1606399749.6023808,775875,0.0
1606399755.5639946,776491,0.004870129749178886
1606399772.9417322,778288,0.024822695180773735
1606399777.614711,778721,0.0
1606399782.654414,779214,0.03412969410419464
1606399790.3863933,779989,0.0
1606399813.5629253,782283,0.0
1606399908.4202893,785051,0.0
1606399909.1513393,785117,0.0
1606399914.379329,785640,0.004115226212888956
1606399933.6062963,787614,0.02247191034257412
1606399955.8210247,789797,0.0229357797652483
1606399956.600408,789863,0.01515151560306549
1606399971.4723606,791372,0.009287925437092781
1606399977.8766575,792000,0.01515151560306549
1606399984.1557283,792651,0.09090909361839294
1606399986.3285644,792869,0.01315789483487606
1606399992.4380302,793470,0.026595745235681534
1606400004.68961,794705,0.04585538059473038
1606400012.9437706,795572,0.006802720949053764
1606400035.8801785,797970,0.0
1606400059.26386,800306,0.03821656107902527
1606400062.5554993,800608,0.0
1606400068.4704509,801245,0.01515151560306549
1606400076.3645825,802032,0.01515151560306549
1606400104.3648372,804959,0.02380952425301075
1606400117.3913107,806379,0.11555555462837219
1606400118.126488,806445,0.03030303120613098
1606400119.1782017,806547,0.06862745434045792
1606400121.9005346,806801,0.01600000075995922
1606400127.6856353,807370,0.0
1606400144.1549537,809022,0.0656934306025505
1606400183.5684702,813243,0.0
1606400214.172383,816361,0.12408759444952011
1606400230.2617111,818076,0.026455026119947433
1606400240.2810585,819096,0.004376367665827274
1606400245.431034,819596,0.04137931019067764
1606400258.4368496,820926,0.010080644860863686
1606400270.8118477,822212,0.08399999886751175
1606400271.3970602,822279,0.0
1606400273.7091994,822505,0.05309734493494034
1606400286.0994189,823840,0.02678571455180645
1606400311.6215878,826404,0.0
1606400325.89825,827860,0.0
1606400337.0790124,828974,0.01773049682378769
1606400351.129436,830364,0.0
1606400353.3228917,830585,0.013574660755693913
1606400370.7555935,832364,0.011904762126505375
1606400389.364185,833163,0.06043956056237221
1606400420.8105717,836406,0.008771929889917374
1606400430.9280522,837370,0.0
1606400433.5065272,837616,0.01515151560306549
1606400438.1155033,838057,0.01515151560306549
1606400471.7853682,841516,0.03999999910593033
1606400472.6949708,841600,0.0
1606400477.0839393,842033,0.014925372786819935
1606400490.709265,843442,0.004739336669445038
1606400494.8262584,843825,0.0
1606400536.4577062,847913,0.0
1606400550.2572768,849319,0.0
1606400564.3749807,850656,0.03030303120613098
1606400567.003506,850868,0.01886792480945587
1606400568.6065414,851013,0.0
1606400635.3952599,857544,0.01515151560306549
1606400644.199968,858364,0.015228426083922386
1606400664.4871655,860357,0.01515151560306549
1606400681.5015357,862127,0.0
1606400691.1267726,863128,0.0042372881434857845
1606400696.1037965,863632,0.025943396613001823
1606400698.3413033,863849,0.0
1606400724.8354313,866409,0.0026385225355625153
1606400727.969729,866627,0.01515151560306549
1606400746.332087,867693,0.007000000216066837
1606400753.6027553,868008,0.0
1606400758.8384123,868276,0.014814814552664757
1606400763.5945544,868484,0.07575757801532745
1606400786.0067706,870041,0.009999999776482582
1606400787.6278768,870194,0.0
1606400810.0273616,872268,0.012500000186264515
1606400810.8881154,872336,0.11764705926179886
1606400812.3398914,872460,0.008064515888690948
1606400838.0665894,874682,0.04545454680919647
1606400873.7597609,875215,0.10606060922145844
1606400878.2985437,875640,0.0
1606400890.4540894,876778,0.014354066923260689
1606400900.9847832,877803,0.0
1606400909.172092,878624,0.0
1606400912.016486,878894,0.0
1606400931.958071,880774,0.0
1606400935.4314303,881079,0.0
1606400948.245686,882211,0.00800000037997961
1606400955.416598,882822,0.01252609584480524
1606400965.735022,883849,0.0
1606400968.151877,884060,0.01515151560306549
1606400975.8225927,884787,0.014492753893136978
1606401025.6438704,889452,0.0
1606401071.7407644,894117,0.010230178944766521
1606401081.816427,895117,0.004000000189989805
1606401089.832602,895902,0.02755267359316349
1606401091.3802042,896049,0.006802720949053764
1606401097.7700915,896634,0.05485232174396515
1606401100.8177252,896912,0.050632912665605545
1606401114.6688526,898226,0.0055555556900799274
1606401117.9120514,898511,0.0
1606401124.1057732,899077,0.03030303120613098
1606401127.5290625,899393,0.03030303120613098
1606401142.3207963,900761,0.0
1606401158.9724846,902347,0.010309278033673763
1606401164.3165965,902832,0.0066225165501236916
1606401178.682791,904371,0.0
1606401191.5339012,905770,0.007000000216066837
1606401192.2858634,905836,0.06060606241226196
1606401236.4802432,910322,0.13636364042758942
1606401239.8849163,910633,0.0
1606401246.7502751,911271,0.0044247787445783615
1606401248.4904418,911424,0.0
1606401265.7912107,913185,0.006000000052154064
1606401267.391614,913317,0.03030303120613098
1606401274.9523418,914027,0.0
1606401293.9329062,915880,0.06060606241226196
1606401295.496041,916011,0.0
1606401300.4166715,916484,0.03030303120613098
1606401302.6302798,916695,0.007352941203862429
1606401304.4429474,916867,0.014925372786819935
1606401312.5389063,917692,0.004716981202363968
1606401340.2883034,920517,0.010526316240429878
1606401343.9594648,920882,0.007326007355004549
1606401346.7157722,921130,0.0
1606401348.1015131,921268,0.028985507786273956
1606401354.3061504,921832,0.01123595517128706
1606401372.4655352,923728,0.012474012561142445
1606401395.452157,925069,0.002770083025097847
1606401401.6625557,925630,0.014925372786819935
1606401445.1733987,929844,0.008064515888690948
1606401459.3041086,931209,0.011876484379172325
1606401461.7410598,931427,0.0
1606401484.3910818,933626,0.04477611929178238
1606401486.351845,933801,0.0
1606401498.9663942,935061,0.0
1606401503.1340616,935410,0.04032257944345474
1606401504.1563528,935502,0.010869565419852734
1606401505.5704813,935634,0.0
1606401507.9135993,935831,0.1492537260055542
1606401508.5780683,935897,0.10606060922145844
1606401520.5578105,937008,0.07042253762483597
1606401527.5010235,937669,0.011627906933426857
1606401547.3940172,939753,0.06382978707551956
1606401586.1478293,943322,0.10144927352666855
1606401611.2801542,945832,0.013452914543449879
1606401625.1859937,947157,0.007042253389954567
1606401639.2197645,948430,0.009271522983908653
1606401642.922097,948753,0.01515151560306549
1606401648.0728476,949246,0.0039840638637542725
1606401648.8616712,949313,0.02985074557363987
1606401650.4806328,949482,0.0
1606401693.4996002,953717,0.004608294926583767
1606401695.7949913,953930,0.004694835748523474
1606401697.0373125,954043,0.03539822995662689
1606401700.7185462,954374,0.01886792480945587
1606401720.0542254,956118,0.0
1606401724.9753108,956590,0.010593220591545105
1606401734.5858073,957569,0.007667031604796648
1606401744.082789,958438,0.0
1606401771.0807273,961098,0.026350460946559906
1606401810.9300559,964862,0.09090909361839294
1606401850.1115422,968665,0.0
1606401853.1062558,968934,0.0
1606401854.5403292,969077,0.02097902074456215
1606401857.2067327,969315,0.006329114083200693
1606401906.6788278,970882,0.011080332100391388
1606401912.9563012,971081,0.0
1606401924.4839742,972111,0.06060606241226196
1606401946.2544413,974166,0.0
1606401955.5532439,975013,0.02985074557363987
1606401956.9391472,975147,0.0
1606401994.5370998,978964,0.0
1606402018.2696507,981178,0.12121212482452393
1606402033.1212084,982534,0.016393441706895828
1606402033.9993098,982609,0.06666667014360428
1606402038.2915366,983019,0.014925372786819935
1606402041.7380662,983338,0.0
1606402053.4205122,984454,0.0060728746466338634
1606402110.7288074,989975,0.014876033179461956
1606402111.5835707,990041,0.04545454680919647
1606402133.8628957,992068,0.004385964944958687
1606402136.8764894,992331,0.0
1606402142.81529,992873,0.007352941203862429
1606402152.57818,993873,0.08299999684095383
1606402189.934692,997503,0.0
1606402195.5618658,998057,0.03179190680384636
1606402211.0591793,999564,0.1818181872367859
1606402225.9559355,1001014,0.0072916666977107525
1606402242.177294,1002598,0.15068493783473969
1606402252.162755,1003568,0.05882352963089943
1606402261.0678403,1004372,0.02576112374663353
1606402288.3498983,1006942,0.0
1606402302.3637474,1008352,0.01899999938905239
1606402313.6255949,1009529,0.0
1606402321.874154,1010401,0.0
1606402337.1497245,1011964,0.006802720949053764
1606402354.9117398,1013668,0.006109979469329119
1606402364.1469963,1014668,0.13699999451637268
1606402386.386542,1016893,0.006849315017461777
1606402387.9742713,1017025,0.0
1606402406.4760246,1018795,0.003215434029698372
1606402407.9077039,1018903,0.0
1606402409.2764428,1019036,0.0
1606402424.3508177,1020345,0.0
1606402494.9577012,1021234,0.033898305147886276
1606402514.8357625,1022508,0.005102040711790323
1606402520.524943,1023057,0.0018214936135336757
1606402564.1966166,1027314,0.04545454680919647
1606402573.074364,1028199,0.05517241358757019
1606402583.3898306,1029176,0.0
1606402584.179742,1029242,0.1515151560306549
1606402602.6744862,1030948,0.0
1606402623.4247906,1032921,0.0
1606402634.3069015,1033969,0.00401606410741806
1606402657.5178223,1036295,0.00800000037997961
1606402716.0482264,1041905,0.12121212482452393
1606402731.8455698,1043524,0.0560000017285347
1606402734.306431,1043760,0.0
1606402741.1107545,1044378,0.006211180239915848
1606402755.6292994,1045656,0.20000000298023224
1606402779.9895437,1047962,0.0
1606402790.986329,1049074,0.5416666865348816
1606402805.5412073,1050501,0.09060773253440857
1606402862.668244,1056059,0.15056461095809937
1606402900.5897923,1059564,0.0
1606402908.7411158,1060418,0.16042155027389526
1606402920.7756846,1061624,0.0
1606402937.608983,1063258,0.003759398590773344
1606402961.7997172,1065493,0.03799392282962799
1606402968.9054418,1066201,0.050847455859184265
1606402969.6251514,1066278,0.06493506580591202
1606402971.719685,1066479,0.0
1606402976.2702348,1066922,0.011286681517958641
1606402995.3794,1068737,0.03164556995034218
1606403048.5365548,1073887,0.0
1606403049.310446,1073955,0.11764705926179886
1606403050.0674007,1074021,0.01515151560306549
1606403079.9197686,1077052,0.0
1606403198.4666085,1082630,0.0
1606403200.9619327,1082867,0.0066225165501236916
1606403225.4568043,1085158,0.0
1606403234.87208,1086158,0.0010000000474974513
1606403240.2107248,1086649,0.0
1606403243.2466042,1086923,0.0
1606403244.4057739,1087026,0.009708737954497337
1606403256.0740948,1088108,0.2073170691728592
1606403296.0383234,1091913,0.003759398590773344
1606403310.5158873,1093308,0.0
1606403315.5462463,1093780,0.09909909963607788
1606403322.964846,1094435,0.10000000149011612
1606403349.497507,1096937,0.004273504484444857
1606403350.3306286,1097013,0.0
1606403373.278784,1099216,0.0
1606403376.0082603,1099495,0.032258063554763794
1606403399.6706002,1101649,0.0
1606403418.1760411,1103591,0.0
1606403426.13869,1104310,0.21551723778247833
1606403429.357383,1104618,0.00826446246355772
1606403438.861835,1105586,0.01157742366194725
1606403496.5652807,1111123,0.02977667562663555
1606403502.0745268,1111644,0.01886792480945587
1606403504.1366866,1111841,0.005076142027974129
1606403506.470176,1112070,0.0043668122962117195
1606403549.8937557,1116379,0.0
1606403582.8362832,1119477,0.04093567281961441
1606403599.2271407,1121013,0.03915662690997124
1606403635.6775994,1124451,0.028753994032740593
1606403649.1843321,1125735,0.0
1606403652.2237089,1126024,0.0
1606403655.9630232,1126376,0.01515151560306549
1606403715.930464,1132136,0.0
1606403731.8821788,1133607,0.25
1606403752.9075415,1134992,0.0
1606403764.6793766,1136177,0.0054054055362939835
1606403766.4710298,1136325,0.1617647111415863
1606403773.3485928,1136934,0.0
1606403775.6122143,1137131,0.07692307978868484
1606403796.0886555,1139139,0.08500000089406967
1606403801.3748636,1139626,0.002053388161584735
1606403816.0874803,1141030,0.013513513840734959
1606403822.7031856,1141662,0.011904762126505375
1606403827.0040798,1142078,0.0
1606403841.065049,1143486,0.004694835748523474
1606403868.182935,1146109,0.0
1606403870.9766123,1146374,0.008695651777088642
1606403871.7683768,1146441,0.02985074557363987
1606403881.8596804,1147441,0.07100000232458115
1606403926.4729483,1151951,0.006810442544519901
1606403976.480444,1156680,0.0
1606403988.2218554,1157841,0.0
1606403992.9813898,1158286,0.013333333656191826
1606404006.1812513,1159602,0.0
1606404022.2979481,1161021,0.0
1606404044.838559,1163264,0.0020000000949949026
1606404090.70721,1167668,0.04845815151929855
1606404098.1808884,1168314,0.0
1606404157.259196,1173968,0.0019841270986944437
1606404200.5088446,1178052,0.1548387110233307
1606404202.7404273,1178267,0.0
1606404219.40311,1179806,0.0
1606404225.8838851,1180472,0.006006006151437759
1606404229.0172114,1180734,0.0
1606404236.8582883,1181505,0.0866290032863617
1606404252.721025,1183066,0.0
1606404277.6000082,1185381,0.019999999552965164
1606404292.6816173,1186690,0.014000000432133675
1606404349.2067938,1191706,0.010999999940395355
1606404383.056178,1194594,0.0042372881434857845
1606404408.9206595,1197176,0.0
1606404410.5421913,1197312,0.0
1606404446.4143913,1199880,0.0
1606404451.4308355,1200330,0.0
1606404550.5589855,1209706,0.03916449099779129
1606404553.9180987,1210002,0.0
1606404577.2953312,1212143,0.0
1606404582.893609,1212638,0.03361344709992409
1606404585.0283275,1212824,0.005376344081014395
1606404590.3990707,1213333,0.0
1606404591.3147724,1213412,0.0
1606404626.7336545,1216911,0.005347593687474728
1606404664.0621507,1220476,0.0
1606404680.220193,1222112,0.0
1606404704.0807323,1224473,0.0
1606404706.2281976,1224644,0.0
1606404713.840576,1225388,0.007692307699471712
1606404747.2361002,1228597,0.0
1606404792.8963633,1232822,0.013921113684773445
1606404799.4487278,1233401,0.004830917809158564
1606404809.2521718,1234239,0.0
1606404830.7184358,1236123,0.0
1606404852.189478,1238157,0.0
1606404853.1659079,1238234,0.09090909361839294
1606404866.0055652,1239405,0.05525846779346466
1606404884.4644504,1241052,0.0
1606404924.6727293,1244864,0.0
1606404970.4876332,1249147,0.0
1606404977.33724,1249757,0.0
1606404993.9825592,1251290,0.014999999664723873
1606405038.3705857,1255434,0.0024570024106651545
1606405042.752026,1255840,0.004651162773370743
1606405062.0151134,1257840,0.05299999937415123
1606405067.8338094,1258400,0.0
1606405085.729673,1260217,0.0
1606405172.61004,1265840,0.0
1606405196.4028149,1268314,0.045694202184677124
1606405251.5089371,1273689,0.0
1606405267.26592,1275187,0.006651884876191616
1606405289.258512,1277403,0.018518518656492233
1606405311.750033,1279614,0.3269999921321869
1606405329.852997,1281355,0.009433962404727936
1606405344.0162673,1282716,0.044052861630916595
1606405357.968394,1284179,0.010799136012792587
1606405372.1124558,1285575,0.010733452625572681
1606405378.5786455,1286204,0.054054055362939835
1606405405.6432521,1288967,0.01361867692321539
1606405436.930101,1292107,0.25999999046325684
1606405461.8029215,1294604,0.011299435049295425
1606405467.8074226,1295189,0.0
1606405495.0114434,1297864,0.004608294926583767
1606405525.99261,1300911,0.0
1606405537.7309623,1302140,0.017467249184846878
1606405590.6119225,1307549,0.1889999955892563
1606405594.0692108,1307873,0.0
1606405596.82552,1308114,0.0
1606405617.2769272,1310123,0.004854368977248669
1606405683.7979016,1316907,0.0
1606405685.267118,1317051,0.0
1606405699.444145,1318423,0.013245033100247383
1606405713.9875467,1319848,0.007518797181546688
1606405721.613636,1320596,0.0656934306025505
1606405739.3400047,1322341,0.010989011265337467
1606405755.042646,1323813,0.0
1606405790.945179,1327330,0.0
1606405796.3829253,1327802,0.22058823704719543
1606405852.6811574,1333651,0.0
1606405854.5961235,1333826,0.0
1606405879.1773067,1336261,0.0
1606405887.0317502,1336335,0.0
1606405933.857911,1340904,0.3788546323776245
1606405952.6076944,1342707,0.060975611209869385
1606405964.5645716,1344008,0.15299999713897705
1606405967.221938,1344274,0.0
1606405979.2898765,1345547,0.00699300691485405
1606405986.7976882,1346284,0.0
1606406020.9487727,1349746,0.017543859779834747
1606406041.904581,1351900,0.0
1606406048.3498688,1352564,0.0
1606406086.3929,1356492,0.0
1606406087.8197773,1356615,0.0
1606406105.6044986,1358423,0.0
1606406121.7942252,1360024,0.014705882407724857
1606406226.731083,1370342,0.3190000057220459
1606406251.1658406,1372658,0.01056338008493185
1606406265.6789112,1374072,0.03864734247326851
1606406356.1093876,1382516,0.0
1606406383.2889714,1385308,0.20200000703334808
1606406406.8306353,1387517,0.007194244768470526
1606406416.1809628,1388517,0.11699999868869781
1606406419.3632011,1388815,0.003355704713612795
1606406448.969711,1391643,0.0
1606406454.2763197,1392131,0.0
1606406465.8989623,1393214,0.3659999966621399
1606406494.615922,1395735,0.0
1606406524.823682,1398555,0.0
1606406554.6683366,1401118,0.0
1606406597.821366,1405050,0.0989999994635582
1606406615.7357836,1406741,0.005586592014878988
1606406630.5354903,1408104,0.0
1606406694.3835666,1414213,0.010130246169865131
1606406706.2183027,1415417,0.0
1606406714.7126963,1416127,0.012820512987673283
1606406778.6609643,1419892,0.01498127356171608
1606406794.867819,1421485,0.0
1606406810.6349354,1422901,0.05349794402718544
1606406822.3820534,1424042,0.09200000017881393
1606406851.6158373,1426615,0.03867403417825699
1606406867.6684866,1427988,0.002680965233594179
1606406883.084939,1429387,0.058663029223680496
1606406941.278902,1434729,0.009345794096589088
1606406992.3055046,1439531,0.10374999791383743
1606407016.1330314,1441741,0.0
1606407051.4406295,1445106,0.04500000178813934
1606407151.1286595,1454525,0.10400000214576721
1606407152.1029146,1454609,0.011904762126505375
1606407152.9242644,1454689,0.0
1606407177.661414,1457013,0.0
1606407215.81301,1460572,0.0
1606407258.3488421,1464762,0.0
1606407285.4522686,1467540,0.0
1606407289.2771187,1467896,0.0
1606407307.7768154,1469768,0.0
1606407365.339698,1475058,0.014084506779909134
1606407391.874218,1477622,0.0
1606407432.1297977,1481681,0.0
1606407438.6076949,1482290,0.0
1606407540.8713813,1492413,0.06300000101327896
1606407559.283108,1494210,0.005376344081014395
1606407596.121341,1497889,0.010554090142250061
1606407619.1959305,1500146,0.0
1606407697.446415,1503897,0.0
1606407729.722494,1506489,0.10700000077486038
1606407757.1541355,1509045,0.0
1606407767.0622745,1510045,0.1679999977350235
1606407840.4079537,1516983,0.0
1606407850.5176759,1517983,0.09000000357627869
1606407909.8117049,1523499,0.029027575626969337
1606407915.6933033,1524037,0.0
1606407917.865794,1524230,0.0
1606407970.3823,1529290,0.0
1606407986.526498,1530653,0.01600000075995922
1606407997.3145638,1531653,0.003000000026077032
1606408002.747075,1532169,0.0019379844889044762
1606408005.1792881,1532373,0.0
1606408046.5156596,1536186,0.0
1606408193.3975728,1550587,0.0
1606408312.8060634,1562769,0.0021598271559923887
1606408335.0056384,1564942,0.0
1606408339.816046,1565418,0.0021008404437452555
1606408354.5719345,1566852,0.0017123287543654442
1606408412.2115953,1572736,0.002659574383869767
1606408492.9791873,1580902,0.0086805559694767
1606408741.8862414,1606896,0.010999999940395355
1606408823.5920112,1615359,0.0
1606408832.883748,1616359,0.012000000104308128
1606408901.1689725,1623499,0.029999999329447746
1606408904.5620925,1623826,0.0
1606408915.7843149,1625018,0.007462686393409967
1606408926.1270823,1626171,0.006000000052154064
1606409009.4300916,1627936,0.0
1606409014.4398344,1628456,0.005769230891019106
1606409022.8921967,1629344,0.0
1606409144.7599864,1642259,0.0022522523067891598
1606409172.9668498,1645287,0.0
1606409189.423248,1646920,0.0014367816038429737
1606409200.3815055,1648059,0.002463054144755006
1606409231.9901795,1651454,0.008999999612569809
1606409302.0214472,1658856,0.0020000000949949026
1606409350.1224034,1663831,0.0
1606409364.827924,1665311,0.0014388489071279764
1606409371.7406282,1666066,0.0026490066666156054
1606409431.5585244,1672320,0.0010000000474974513
1606409473.26391,1676750,0.011510791257023811
1606409553.2908394,1685262,0.0037174720782786608
1606409593.830817,1689592,0.004081632476300001
1606409612.7788773,1691540,0.0026525198481976986
1606409629.7669244,1693327,0.0
1606409663.3101811,1696876,0.0
1606409675.825017,1698203,0.0
1606409735.7024019,1704756,0.012738853693008423
1606409773.4472272,1708756,0.004000000189989805
1606409820.623088,1713838,0.0
1606409839.6549659,1715741,0.0
1606409876.0875332,1719493,0.004716981202363968
1606409934.9007277,1725660,0.014000000432133675
1606409961.0047276,1728298,0.001692047342658043
1606409974.87412,1729685,0.0
1606410015.7330873,1733955,0.001953125
1606410091.2769372,1741809,0.03556034341454506
1606410142.6333592,1744835,0.003759398590773344
1606410155.6082084,1745909,0.0
1606410168.9634066,1747319,0.0
1606410178.2389913,1748319,0.0010000000474974513
1606410198.7398226,1750490,0.017999999225139618
1606410204.2313213,1751043,0.005424954928457737
1606410293.3929555,1760299,0.009999999776482582
1606410329.9515648,1764172,0.008999999612569809
1606410331.1473362,1764293,0.0
1606410339.578127,1765177,0.0
1606410367.37388,1768008,0.007731958758085966
1606410382.3996162,1769635,0.0
1606410432.2453623,1775047,0.0024271844886243343
1606410458.708778,1777816,0.0038610037881881
1606410504.7227137,1782745,0.0
1606410564.5165117,1788947,0.0
1606410593.3496084,1791908,0.00200803205370903
1606410611.473091,1793723,0.0
1606410634.3770397,1796154,0.0021598271559923887
1606410679.9820106,1800985,0.0030090271029621363
1606410688.4543447,1801856,0.0
1606410764.547935,1810128,0.0017452007159590721
1606410778.698936,1811569,0.0
1606410782.724738,1811966,0.005037783179432154
1606410885.167627,1822614,0.032999999821186066
1606410892.081531,1823375,0.027595268562436104
1606410914.2362926,1825779,0.00591016560792923
1606410944.1157148,1828837,0.0
1606410956.7537937,1830184,0.0
1606410988.1681433,1833322,0.0
1606411001.4440825,1834732,0.0
1606411008.6015944,1835510,0.006426735315471888
1606411089.9731402,1844394,0.0
1606411106.0041678,1846058,0.004000000189989805
1606411160.390179,1851658,0.0016447368543595076
1606411168.3012974,1852440,0.0
1606411226.6631896,1858645,0.0
1606411240.1107068,1860069,0.0
1606411252.350893,1861352,0.010999999940395355
1606411267.3172398,1862942,0.0
1606411343.1596875,1868554,0.0031298904214054346
1606411444.3955634,1879037,0.0
1606411468.3284545,1881502,0.0023557126987725496
1606411517.203545,1886569,0.00238663493655622
1606411556.6052468,1890866,0.019999999552965164
1606411583.6850166,1893634,0.0
1606411605.6286576,1895897,0.0
1606411622.167351,1897675,0.02056555263698101
1606411649.017898,1900600,0.025263158604502678
1606411704.987814,1906758,0.0
1606411709.1893501,1907203,0.002247191034257412
1606411712.356716,1907532,0.0
1606411754.5867143,1911881,0.04800000041723251
1606411868.5074153,1923828,0.0
1606411894.218854,1926599,0.0
1606411920.8552969,1929446,0.01899999938905239
1606411950.3715146,1932444,0.0
1606411997.9347415,1937368,0.004291845485568047
1606412026.9831622,1940423,0.0
1606412059.4067745,1943980,0.0
1606412091.7871466,1947472,0.003000000026077032
1606412096.5096426,1947928,0.0021929824724793434
1606412143.4084187,1952846,0.0
1606412163.10601,1954934,0.0016722407890483737
1606412172.2342248,1955934,0.003000000026077032
1606412183.4341993,1957184,0.0
1606412202.5265114,1959255,0.0
1606412206.1867056,1959636,0.0
1606412208.4620788,1959869,0.004291845485568047
1606412244.8536522,1963759,0.00657894741743803
1606412255.3843982,1964808,0.0023041474632918835
1606412273.237118,1966654,0.0
1606412282.9918163,1967654,0.003000000026077032
1606412289.9540296,1968370,0.002793296007439494
1606412291.61296,1968516,0.0
1606412298.5423772,1969218,0.0
1606412310.4534054,1970423,0.0015873016091063619
1606412312.6106906,1970628,0.0
1606412352.6580088,1974886,0.0014836795162409544
1606412476.0875447,1978527,0.003000000026077032
1606412498.8425562,1979888,0.002314814832061529
1606412515.5747714,1981704,0.0015873016091063619
1606412581.8357291,1988117,0.0010000000474974513
1606412643.4812906,1994055,0.0010000000474974513
1606412649.73643,1994680,0.0
1606412660.026607,1995680,0.0
1606412706.9032524,2000184,0.003000000026077032
1606412748.7557504,2003962,0.0024096386041492224
1606412778.2224967,2006705,0.0032626427710056305
1606412831.766728,2011816,0.004838709719479084
1606412891.982693,2017585,0.0
1606412926.0496156,2020872,0.0039787800051271915
1606412933.2053573,2021517,0.0
1606412944.4094884,2022532,0.0
1606412992.328537,2027293,0.0
1606413024.3786707,2030122,0.00272479560226202
1606413046.0579855,2032048,0.0
1606413059.282919,2033271,0.002816901309415698
1606413062.066635,2033517,0.012195121496915817
1606413172.0921292,2044130,0.0
1606413232.5956938,2049706,0.0
1606413320.3397398,2057877,0.001669449033215642
1606413334.41298,2059186,0.0047505940310657024
1606413353.6069095,2060940,0.004552352242171764
1606413420.3327587,2067257,0.02469135820865631
1606413456.0791492,2070673,0.0
1606413504.4044313,2075521,0.001336898421868682
1606413509.8394718,2076050,0.0018903592135757208
1606413520.2908754,2077020,0.0
1606413534.5497057,2078381,0.0019841270986944437
1606413538.6500218,2078760,0.0026385225355625153
1606413626.7582192,2086963,0.0
1606413676.2839234,2091765,0.0
1606413868.280857,2101288,0.0
1606413922.5881932,2106488,0.0
1606413951.6459274,2109221,0.0
1606413972.5690005,2111262,0.003000000026077032
1606413976.8093958,2111615,0.00283286115154624
1606414009.9569867,2114664,0.0
1606414080.0862696,2121271,0.0010000000474974513
1606414088.8745198,2122037,0.0
1606414091.958543,2122316,0.0
1606414102.0315228,2123316,0.003000000026077032
1606414150.2303061,2128030,0.0020000000949949026
1606414185.329435,2131433,0.0
1606414270.2291825,2139221,0.0
1606414365.691311,2147945,0.0021276595070958138
1606414402.9810984,2151358,0.0
1606414437.827436,2154455,0.0
1606414442.8573449,2154902,0.0044742729514837265
1606414485.2082,2159123,0.0
1606414540.6459534,2164423,0.0
1606414557.7180853,2165988,0.0
1606414568.368846,2166954,0.0
1606414604.454622,2170124,0.001398601452820003
1606414607.1558862,2170380,0.00390625
1606414619.5214424,2171519,0.0010121457744389772
1606414649.5598593,2174211,0.00334075721912086
1606414775.7515972,2186481,0.00334075721912086
1606414809.3723874,2189891,0.0
1606414839.8566933,2192800,0.003000000026077032
1606414862.8662555,2194961,0.0
1606414895.1943417,2198149,0.004999999888241291
1606414911.3897946,2199622,0.001663893461227417
1606415036.882264,2207716,0.0043668122962117195
1606415098.2398796,2213126,0.0
1606415109.0939198,2214180,0.0
1606415113.9378855,2214666,0.0
1606415192.0964298,2222031,0.0
1606415207.4088514,2223481,0.0014577260008081794
1606415213.0637856,2223983,0.0
1606415224.3113384,2224988,0.0
1606415237.1100032,2226162,0.0
1606415241.0936654,2226557,0.0
1606415262.5069141,2228615,0.0
1606415266.1699884,2228977,0.0
1606415331.6284983,2234965,0.002735978225246072
1606415360.8014863,2237714,0.0
1606415384.3336568,2240022,0.0
1606415507.2708478,2251334,0.0
1606415572.9755783,2257531,0.003000000026077032
1606415601.4760854,2260203,0.0
1606415630.2034986,2262859,0.002770083025097847
1606415640.9737191,2263696,0.002785515272989869
1606415644.9812455,2264057,0.0
1606415697.4641519,2268911,0.0
1606415704.2402306,2269557,0.0046439627185463905
1606415768.6674955,2275560,0.0018587360391393304
1606415784.8343887,2277120,0.0
1606415864.483774,2284911,0.0
1606415873.7891173,2285911,0.003000000026077032
1606415881.8485246,2286729,0.0
1606415885.82932,2287140,0.0
1606415939.463345,2292491,0.004000000189989805
1606415982.3990064,2296792,0.0
1606416002.9051106,2298838,0.0
1606416021.9954097,2300726,0.002487562131136656
1606416062.6307704,2304726,0.001782531151548028
1606416158.3999274,2307548,0.0013586956774815917
1606416164.5004606,2308156,0.003246753243729472
1606416173.09397,2309009,0.0
1606416230.6273203,2315001,0.0020000000949949026
1606416260.4734197,2317953,0.0
1606416271.5881877,2319009,0.0
1606416321.5077198,2323951,0.0
1606416328.4134245,2324683,0.0013661201810464263
1606416341.2247539,2326046,0.0
1606416374.576164,2329450,0.0
1606416441.8432143,2336406,0.0
1606416472.531768,2339614,0.0
1606416539.9779909,2346341,0.0024570024106651545
1606416583.530865,2350860,0.004065040498971939
1606416592.3856685,2351791,0.0
1606416598.5437958,2352356,0.0
1606416607.836834,2353356,0.004999999888241291
1606416621.7852845,2354768,0.005964214913547039
1606416661.649459,2358885,0.0019801980815827847
1606416696.0778844,2362329,0.0010000000474974513
1606416715.283019,2364201,0.0044052861630916595
1606416729.9162796,2365604,0.002773925196379423
1606416739.8414493,2366582,0.0025906735099852085
1606416798.1909125,2372301,0.0
1606416815.870748,2374000,0.0041841003112494946
1606416872.0034103,2379499,0.0020000000949949026
1606416890.3126621,2381224,0.002610966097563505
1606416904.6015754,2382563,0.0
1606416931.6538746,2385127,0.0019455252913758159
1606416935.8111362,2385491,0.0
1606416963.0421615,2387855,0.004926108289510012
1606417013.450937,2392365,0.0
1606417055.263508,2396371,0.0
1606417070.1619499,2397791,0.0017482517287135124
1606417086.91574,2399409,0.0
1606417097.6633172,2400409,0.0010000000474974513
1606417151.823433,2404877,0.0
1606417162.5523472,2405877,0.0010000000474974513
1606417171.874257,2406695,0.0
1606417212.8902218,2410373,0.0
1606417340.9883168,2416464,0.0025125627871602774
1606417362.8916593,2418626,0.0
1606417419.6967304,2424164,0.0010000000474974513
1606417436.5750742,2425868,0.0028409091755747795
1606417492.9227521,2431110,0.0010775862028822303
1606417504.5343626,2432103,0.00561797758564353
1606417596.2948818,2440898,0.0016778523568063974
1606417659.9581168,2446977,0.0
1606417669.1930444,2447833,0.0
1606417700.0479217,2450727,0.00523012550547719
1606417714.1522524,2452081,0.002844950184226036
1606417767.988519,2457127,0.0013297871919348836
1606417785.0151784,2458508,0.0023980815894901752
1606417796.720774,2459508,0.004000000189989805
