Wall time,Step,Value
1606391444.8627853,3031,0.13540197908878326
1606391513.0074723,10841,0.14008620381355286
1606391546.5095737,14806,0.12999999523162842
1606391626.8135433,24225,0.13461539149284363
1606391637.191624,25461,0.12889812886714935
1606391649.0312262,26869,0.19221967458724976
1606391691.0546565,31911,0.1413911134004593
1606391705.7515442,33682,0.13432836532592773
1606391773.868584,41838,0.1489361673593521
1606391780.2537918,42599,0.14625850319862366
1606391909.2330663,56840,0.06599999964237213
1606391942.9826992,60298,0.10928961634635925
1606391969.1775112,62856,0.179525226354599
1606391978.835222,63856,0.13099999725818634
1606392011.0172482,67115,0.033898305147886276
1606392085.9912665,74752,0.07999999821186066
1606392151.5154696,81257,0.009523809887468815
1606392224.6426358,88741,0.0729166641831398
1606392253.4333699,91611,0.07999999821186066
1606392271.0229502,93296,0.05400000140070915
1606392316.784049,97893,0.078125
1606392326.6446908,98893,0.05299999937415123
1606392379.3846111,104102,0.2871536612510681
1606392405.7279036,106763,0.09099999815225601
1606392419.5923634,108186,0.12293144315481186
1606392425.1922793,108722,0.2257462739944458
1606392452.395463,111403,0.09692671149969101
1606392504.1980467,116677,0.46464645862579346
1606392571.0778444,122377,0.10400000214576721
1606392574.0435715,122676,0.06354515254497528
1606392611.6390254,126481,0.11599999666213989
1606392668.3866389,132231,0.2905983030796051
1606392712.5783556,136657,0.06334371864795685
1606392732.8531895,138729,0.04545454680919647
1606392837.5025485,149198,0.07000000029802322
1606392882.7435176,153727,0.10599999874830246
1606392909.4069133,156342,0.19298245012760162
1606392948.5147762,160284,0.0785791203379631
1606392979.6881728,163411,0.12700000405311584
1606393000.0958967,165411,0.10300000011920929
1606393118.656147,177273,0.2563667297363281
1606393145.1128714,179950,0.08399999886751175
1606393154.9595037,180950,0.11699999868869781
1606393183.156172,183739,0.2216981202363968
1606393222.3321862,187667,0.07000000029802322
1606393241.9260669,189667,0.13300000131130219
1606393291.1173449,194603,0.1589999943971634
1606393300.9170759,195603,0.07999999821186066
1606393389.7418234,204490,0.11100000143051147
1606393454.5979772,210947,0.12737642228603363
1606393506.3152564,216127,0.1542699784040451
1606393632.2860122,228787,0.05900000035762787
1606393665.5344634,232163,0.03500000014901161
1606393738.5187328,239379,0.12389380484819412
1606394055.1258028,269140,0.07900000363588333
1606394065.0522118,270140,0.10700000077486038
1606394124.5719705,275916,0.0729999989271164
1606394205.112931,282912,0.2574467957019806
1606394227.1900558,284798,0.1252821683883667
1606394229.3056073,284985,0.2139037400484085
1606394247.0558364,286406,0.27799999713897705
1606394301.0157816,291124,0.1568627506494522
1606394372.601133,297503,0.20842571556568146
1606394403.407049,300307,0.26990050077438354
1606394404.983167,300455,0.10135135054588318
1606394488.582677,307830,0.12426035851240158
1606394594.831034,317206,0.07500000298023224
1606394609.4877675,318485,0.04659498110413551
1606394736.2188034,329676,0.05400000140070915
1606394751.5289083,330978,0.10596026480197906
1606394769.921343,332606,0.15340909361839294
1606394830.5939393,338002,0.04600000008940697
1606394871.4438577,341586,0.040740739554166794
1606394894.3941443,343586,0.12999999523162842
1606394919.7795439,345801,0.10697674751281738
1606394956.961339,349099,0.07599999755620956
1606395001.7413607,353023,0.08399999886751175
1606395077.1918585,359516,0.23728813230991364
1606395133.4870198,364431,0.07354685664176941
1606395184.089026,368751,0.12200000137090683
1606395205.4555488,370584,0.12200000137090683
1606395252.8131309,374631,0.11999999731779099
1606395266.579379,375806,0.1120000034570694
1606395299.351011,378621,0.09700000286102295
1606395310.7908852,379597,0.08101851493120193
1606395322.434614,380597,0.09099999815225601
1606395368.001842,384683,0.09300000220537186
1606395379.67451,385683,0.11699999868869781
1606395556.2969334,393547,0.11299999803304672
1606395627.131328,399685,0.15199999511241913
1606395665.4676645,402925,0.09065934270620346
1606395707.8442433,406742,0.14399999380111694
1606395720.1312644,407848,0.31700000166893005
1606395810.7586138,415740,0.210999995470047
1606395864.9851837,420574,0.09099999815225601
1606395876.7103713,421574,0.13199999928474426
1606395889.8735132,422699,0.36000001430511475
1606395916.0951207,424952,0.20100000500679016
1606395928.5244908,426018,0.25757575035095215
1606396036.0184708,435309,0.0476190485060215
1606396062.6270661,437687,0.11640211939811707
1606396097.0198026,440801,0.057999998331069946
1606396126.0187132,443362,0.07130124419927597
1606396160.9500692,446362,0.17599999904632568
1606396200.710162,449847,0.11100000143051147
1606396211.947545,450847,0.13699999451637268
1606396253.0847905,454518,0.13300000131130219
1606396298.6879778,458442,0.18000000715255737
1606396473.700657,473666,0.14100000262260437
1606396537.4017625,479143,0.035999998450279236
1606396582.6052032,483020,0.21208666265010834
1606396609.796943,485424,0.23265306651592255
1606396620.8730996,486424,0.14399999380111694
1606396676.7852738,491370,0.024000000208616257
1606396735.2621105,496491,0.08192770928144455
1606396765.1739929,499075,0.08385743945837021
1606396786.2412572,500889,0.08547008782625198
1606396830.5467937,504889,0.07999999821186066
1606396835.015828,505282,0.030534351244568825
1606396873.3162105,508720,0.029680365696549416
1606396920.546933,512924,0.03863987699151039
1606396934.9762955,514345,0.07231040298938751
1606396936.29811,514479,0.11940298229455948
1606396945.2417178,515356,0.07297605276107788
1606396957.8705587,516554,0.05093378573656082
1606396968.4538984,517554,0.039000000804662704
1606397007.9636555,521456,0.03097345121204853
1606397045.7841537,525183,0.033012378960847855
1606397055.6665425,526183,0.04500000178813934
1606397067.2927632,527366,0.09289617836475372
1606397091.4692457,529739,0.32121211290359497
1606397093.811216,529958,0.11415524780750275
1606397095.7235246,530134,0.14204545319080353
1606397119.296042,532433,0.035087719559669495
1606397219.302105,534926,0.027000000700354576
1606397248.4600039,537880,0.027397260069847107
1606397251.08254,538136,0.02734375
1606397260.6697056,539136,0.02199999988079071
1606397357.3818524,548950,0.06356967985630035
1606397387.7235947,551976,0.015568862669169903
1606397400.0859601,553211,0.01702127605676651
1606397438.4549673,557043,0.08100000023841858
1606397542.3882186,567428,0.04123711213469505
1606397546.7571507,567883,0.024390242993831635
1606397561.3552356,569394,0.02657807245850563
1606397565.5573783,569800,0.02512562833726406
1606397585.35303,571892,0.029999999329447746
1606397592.7769988,572613,0.00917431153357029
1606397626.8763113,576025,0.033898305147886276
1606397647.1972337,578058,0.00826446246355772
1606397667.9461708,580156,0.039603959769010544
1606397681.4349174,581494,0.10447761416435242
1606397695.7247798,582935,0.04323570430278778
1606397723.1725302,585645,0.03488372266292572
1606397727.491835,586083,0.016574585810303688
1606397737.9711602,587171,0.02827763557434082
1606397766.3221722,590165,0.020999999716877937
1606397799.7083259,593522,0.020338982343673706
1606397802.8945951,593831,0.03559870645403862
1606397807.982038,594329,0.0058139534667134285
1606397841.331054,597634,0.03030303120613098
1606397850.6729064,598548,0.00657894741743803
1606397881.53673,601653,0.011510791257023811
1606397892.2811224,602717,0.0
1606397902.3186154,603714,0.022617124021053314
1606397904.3392522,603912,0.04040404036641121
1606397928.7893414,606376,0.02631578966975212
1606397930.208378,606507,0.015267175622284412
1606397949.7376866,608519,0.008356546051800251
1606397955.5281014,609115,0.018987340852618217
1606397958.1584759,609391,0.07608695328235626
1606397975.0393405,611090,0.026143791154026985
1606397976.907,611265,0.011428571306169033
1606397987.3627312,612291,0.033707864582538605
1606397988.3808718,612386,0.0
1606398032.3438938,616843,0.013698630034923553
1606398077.8520858,618164,0.013513513840734959
1606398086.8886578,618731,0.014999999664723873
1606398090.0797846,619043,0.04285714402794838
1606398098.328148,619842,0.03379223868250847
1606398136.9584923,623831,0.050448428839445114
1606398145.6368847,624713,0.02835051529109478
1606398181.7417843,628454,0.0
1606398186.897991,628968,0.036764707416296005
1606398226.0503979,632891,0.043478261679410934
1606398246.4730072,634938,0.00626304792240262
1606398285.8237169,638963,0.03700000047683716
1606398313.0527005,641873,0.03804347664117813
1606398319.568799,642501,0.019736841320991516
1606398324.5016475,642999,0.0030030030757188797
1606398334.2546334,644014,0.01515151560306549
1606398341.2641244,644728,0.0
1606398350.816521,645677,0.093544140458107
1606398366.9298906,647214,0.0
1606398367.5350878,647280,0.0
1606398402.0419075,650664,0.10280373692512512
1606398415.4769409,651981,0.0
1606398431.3949199,653533,0.0
1606398434.321068,653817,0.014084506779909134
1606398460.6615183,656476,0.01600000075995922
1606398468.9746952,657266,0.0
1606398507.4305096,661089,0.012048192322254181
1606398513.4483478,661691,0.018099548295140266
1606398551.2570531,665508,0.03125
1606398552.0638895,665599,0.010989011265337467
1606398556.7176263,666055,0.028169013559818268
1606398557.5907633,666136,0.02469135820865631
1606398558.3230112,666202,0.03030303120613098
1606398607.7140472,671175,0.0071428571827709675
1606398646.6253245,675101,0.0
1606398647.2118304,675167,0.0
1606398657.1162572,676141,0.00917431153357029
1606398674.9188585,676713,0.019999999552965164
1606398694.145704,678700,0.028322439640760422
1606398743.9163573,683629,0.03030303120613098
1606398753.8929427,684624,0.014722537249326706
1606398782.9421039,687508,0.009523809887468815
1606398808.9975193,690124,0.012747875414788723
1606398833.2070224,692566,0.016149068251252174
1606398839.5744054,693180,0.0
1606398874.0152173,696622,0.0
1606398900.93746,699322,0.03357314318418503
1606398928.8511262,702148,0.0
1606398949.578997,704234,0.0238450076431036
1606398961.6554193,705397,0.006756756920367479
1606398990.832386,708314,0.054054055362939835
1606399005.6399353,709822,0.02495543658733368
1606399015.166709,710822,0.04600000008940697
1606399017.2854145,711020,0.01515151560306549
1606399037.8965983,713062,0.09756097197532654
1606399051.5776668,714475,0.012048192322254181
1606399062.3439674,715614,0.0
1606399068.6277542,716251,0.006756756920367479
1606399069.7520425,716360,0.00917431153357029
1606399140.034313,723628,0.0181818176060915
1606399185.065147,728118,0.19209039211273193
1606399226.7178824,732382,0.0
1606399234.6753714,733211,0.06748466193675995
1606399238.518686,733622,0.012165450491011143
1606399248.2163372,734688,0.06199999898672104
1606399249.0476549,734766,0.012820512987673283
1606399409.499337,741363,0.0972222238779068
1606399414.0141983,741800,0.0
1606399418.1285515,742206,0.009803921915590763
1606399422.3532386,742623,0.01515151560306549
1606399425.8702734,742986,0.03030303120613098
1606399432.6443794,743664,0.03044496476650238
1606399443.913558,744826,0.010615711100399494
1606399454.1262534,745873,0.010615711100399494
1606399519.91783,752567,0.020304568111896515
1606399523.8442059,752930,0.09090909361839294
1606399554.4238672,756043,0.010309278033673763
1606399574.7851958,758095,0.04029304161667824
1606399575.7360759,758184,0.0
1606399582.047489,758823,0.016025641933083534
1606399583.3676178,758955,0.01515151560306549
1606399585.2833555,759146,0.015706805512309074
1606399596.6968431,760297,0.02255639061331749
1606399613.1591928,761956,0.04062499850988388
1606399654.9400709,766286,0.005291005130857229
1606399655.7203832,766353,0.02985074557363987
1606399668.061075,767604,0.02484472095966339
1606399721.0500631,773020,0.004316546954214573
1606399723.5530376,773282,0.007633587811142206
1606399725.6843445,773490,0.008064515888690948
1606399737.5691626,774661,0.06060606241226196
1606399749.6023474,775875,0.0
1606399755.5639217,776491,0.009740259498357773
1606399772.9416742,778288,0.03191489353775978
1606399777.6146767,778721,0.017241379246115685
1606399782.6543648,779214,0.037542663514614105
1606399790.3863556,779989,0.0
1606399813.5628917,782283,0.07575757801532745
1606399908.4202533,785051,0.009009009227156639
1606399909.1513069,785117,0.01515151560306549
1606399914.37928,785640,0.016460904851555824
1606399933.606261,787614,0.01123595517128706
1606399955.8209803,789797,0.013761468231678009
1606399956.6003735,789863,0.13636364042758942
1606399971.472314,791372,0.006191950291395187
1606399977.8766184,792000,0.01515151560306549
1606399984.1556902,792651,0.04040404036641121
1606399986.3285239,792869,0.01315789483487606
1606399992.437988,793470,0.04787234216928482
1606400004.6895347,794705,0.02292769029736519
1606400012.9436982,795572,0.018707482144236565
1606400035.880139,797970,0.008333333767950535
1606400059.2638097,800306,0.03821656107902527
1606400062.5554662,800608,0.04545454680919647
1606400068.4704177,801245,0.03030303120613098
1606400076.3645513,802032,0.01515151560306549
1606400104.364799,804959,0.0
1606400117.391262,806379,0.02666666731238365
1606400118.126453,806445,0.10606060922145844
1606400119.1781657,806547,0.019607843831181526
1606400121.9004915,806801,0.0
1606400127.6855981,807370,0.1666666716337204
1606400144.1549158,809022,0.014598540030419827
1606400183.5684361,813243,0.10606060922145844
1606400214.1723332,816361,0.010948904789984226
1606400230.2616227,818076,0.021164020523428917
1606400240.2809968,819096,0.019693654030561447
1606400245.430996,819596,0.04827586188912392
1606400258.4367874,820926,0.018145160749554634
1606400270.8116915,822212,0.028999999165534973
1606400271.3970275,822279,0.05970149114727974
1606400273.7091565,822505,0.02654867246747017
1606400286.0993643,823840,0.1130952388048172
1606400311.6215494,826404,0.027522936463356018
1606400325.8982174,827860,0.12121212482452393
1606400337.0789633,828974,0.039007093757390976
1606400351.1294007,830364,0.04477611929178238
1606400353.3228455,830585,0.004524887073785067
1606400370.7555528,832364,0.02380952425301075
1606400389.364142,833163,0.0714285746216774
1606400420.8105352,836406,0.02631578966975212
1606400430.9280157,837370,0.02380952425301075
1606400433.5064921,837616,0.06060606241226196
1606400438.1154516,838057,0.07575757801532745
1606400471.7852726,841516,0.017000000923871994
1606400472.6949275,841600,0.0
1606400477.083898,842033,0.05970149114727974
1606400490.7092206,843442,0.0
1606400494.8262258,843825,0.0
1606400536.4576719,847913,0.0
1606400550.257243,849319,0.16417910158634186
1606400564.3749406,850656,0.21212121844291687
1606400567.0034597,850868,0.014150943607091904
1606400568.6064959,851013,0.0
1606400635.3952243,857544,0.10606060922145844
1606400644.1999233,858364,0.030456852167844772
1606400664.48713,860357,0.0
1606400681.501504,862127,0.04477611929178238
1606400691.1267233,863128,0.008474576286971569
1606400696.1037343,863632,0.014150943607091904
1606400698.3412695,863849,0.10606060922145844
1606400724.8353713,866409,0.007915567606687546
1606400727.969691,866627,0.0
1606400746.331736,867693,0.024000000208616257
1606400753.602686,868008,0.04545454680919647
1606400758.8382962,868276,0.05925925821065903
1606400763.594504,868484,0.13636364042758942
1606400786.0067303,870041,0.0
1606400787.627841,870194,0.0
1606400810.0273218,872268,0.0
1606400810.8880792,872336,0.13235294818878174
1606400812.3398526,872460,0.04032257944345474
1606400838.0665486,874682,0.07575757801532745
1606400873.7597115,875215,0.06060606241226196
1606400878.2985005,875640,0.0
1606400890.4540398,876778,0.028708133846521378
1606400900.9847445,877803,0.012658228166401386
1606400909.1720479,878624,0.03125
1606400912.0164437,878894,0.0
1606400931.9580307,880774,0.020618556067347527
1606400935.4313803,881079,0.025104602798819542
1606400948.24555,882211,0.07599999755620956
1606400955.4165254,882822,0.03340292349457741
1606400965.7349873,883849,0.07865168899297714
1606400968.1518426,884060,0.06060606241226196
1606400975.822559,884787,0.05797101557254791
1606401025.6438203,889452,0.0
1606401071.7407045,894117,0.03069053776562214
1606401081.816296,895117,0.020999999716877937
1606401089.832483,895902,0.05186385661363602
1606401091.3801663,896049,0.0
1606401097.7700443,896634,0.08438818901777267
1606401100.8176885,896912,0.0
1606401114.668809,898226,0.0
1606401117.9120135,898511,0.13636364042758942
1606401124.105738,899077,0.1515151560306549
1606401127.529028,899393,0.03030303120613098
1606401142.3207588,900761,0.0
1606401158.9724386,902347,0.025773195549845695
1606401164.3165522,902832,0.026490066200494766
1606401178.6827562,904371,0.014492753893136978
1606401191.5338078,905770,0.07999999821186066
1606401192.2858326,905836,0.03030303120613098
1606401236.4802058,910322,0.0
1606401239.8848803,910633,0.0
1606401246.7502275,911271,0.02654867246747017
1606401248.4903996,911424,0.0
1606401265.79112,913185,0.1120000034570694
1606401267.3915768,913317,0.0
1606401274.952308,914027,0.0
1606401293.9328709,915880,0.09090909361839294
1606401295.4959984,916011,0.0
1606401300.416607,916484,0.07575757801532745
1606401302.6302404,916695,0.014705882407724857
1606401304.4429123,916867,0.0
1606401312.5387871,917692,0.014150943607091904
1606401340.288265,920517,0.010526316240429878
1606401343.959354,920882,0.029304029420018196
1606401346.7157376,921130,0.0
1606401348.1014714,921268,0.028985507786273956
1606401354.3061018,921832,0.00561797758564353
1606401372.465438,923728,0.0883575901389122
1606401395.4521005,925069,0.022160664200782776
1606401401.6625235,925630,0.11940298229455948
1606401445.1733577,929844,0.008064515888690948
1606401459.3040113,931209,0.020190022885799408
1606401461.7410166,931427,0.06060606241226196
1606401484.3910441,933626,0.02985074557363987
1606401486.3518002,933801,0.07428571581840515
1606401498.966344,935061,0.003846153849735856
1606401503.13402,935410,0.11290322244167328
1606401504.1563125,935502,0.010869565419852734
1606401505.5704443,935634,0.1515151560306549
1606401507.9135623,935831,0.10447761416435242
1606401508.5780306,935897,0.25757575035095215
1606401520.5577736,937008,0.0
1606401527.5009632,937669,0.05348837375640869
1606401547.3939788,939753,0.0
1606401586.1477947,943322,0.11594203114509583
1606401611.2800975,945832,0.020179372280836105
1606401625.1859498,947157,0.0211267601698637
1606401639.219667,948430,0.046357616782188416
1606401642.9220617,948753,0.03030303120613098
1606401648.0727975,949246,0.0039840638637542725
1606401648.8616326,949313,0.05970149114727974
1606401650.4805942,949482,0.005917159840464592
1606401693.4995522,953717,0.0
1606401695.794942,953930,0.0
1606401697.0372715,954043,0.0
1606401700.7184935,954374,0.011320754885673523
1606401720.0541859,956118,0.02380952425301075
1606401724.975243,956590,0.006355931982398033
1606401734.5856998,957569,0.016429353505373
1606401744.0827513,958438,0.013513513840734959
1606401771.0806348,961098,0.015810277312994003
1606401810.93002,964862,0.01515151560306549
1606401850.1115046,968665,0.0
1606401853.1062186,968934,0.0
1606401854.540287,969077,0.00699300691485405
1606401857.2066927,969315,0.0
1606401906.6787515,970882,0.008310249075293541
1606401912.956257,971081,0.0
1606401924.4839313,972111,0.04545454680919647
1606401946.2544048,974166,0.014084506779909134
1606401955.553206,975013,0.014925372786819935
1606401956.939111,975147,0.0
1606401994.5370495,978964,0.0
1606402018.2696083,981178,0.0
1606402033.121173,982534,0.0
1606402033.999274,982609,0.06666667014360428
1606402038.2915006,983019,0.19402985274791718
1606402041.7380195,983338,0.0051282052882015705
1606402053.4204414,984454,0.014170040376484394
1606402110.7287276,989975,0.0033057851251214743
1606402111.583508,990041,0.12121212482452393
1606402133.862846,992068,0.008771929889917374
1606402136.876443,992331,0.020304568111896515
1606402142.8152473,992873,0.0
1606402152.5780728,993873,0.01600000075995922
1606402189.9346573,997503,0.01515151560306549
1606402195.561806,998057,0.0
1606402211.0591419,999564,0.0
1606402225.9558327,1001014,0.04583333432674408
1606402242.1772168,1002598,0.0359589047729969
1606402252.1627219,1003568,0.04411764815449715
1606402261.067778,1004372,0.004683840554207563
1606402288.3498588,1006942,0.03030303120613098
1606402302.36356,1008352,0.06599999964237213
1606402313.6255574,1009529,0.10294117778539658
1606402321.8741062,1010401,0.0
1606402337.1496823,1011964,0.0
1606402354.9116812,1013668,0.0020366599783301353
1606402364.1468914,1014668,0.004999999888241291
1606402386.3864908,1016893,0.0034246575087308884
1606402387.9742374,1017025,0.22727273404598236
1606402406.4759722,1018795,0.006430868059396744
1606402407.907656,1018903,0.009259259328246117
1606402409.2764025,1019036,0.0
1606402424.3507652,1020345,0.0
1606402494.957601,1021234,0.016949152573943138
1606402514.8357072,1022508,0.0
1606402520.524822,1023057,0.023679416626691818
1606402564.1965814,1027314,0.0
1606402573.074287,1028199,0.018965518102049828
1606402583.3897786,1029176,0.01976284570991993
1606402584.179705,1029242,0.21212121844291687
1606402602.6744416,1030948,0.0
1606402623.4247458,1032921,0.005319148767739534
1606402634.3068419,1033969,0.0
1606402657.5177073,1036295,0.10499999672174454
1606402716.0481875,1041905,0.1818181872367859
1606402731.8454669,1043524,0.0
1606402734.3063939,1043760,0.014925372786819935
1606402741.1107118,1044378,0.006211180239915848
1606402755.6292617,1045656,0.15714286267757416
1606402779.9895096,1047962,0.019417475908994675
1606402790.986293,1049074,0.0
1606402805.541091,1050501,0.00773480674251914
1606402862.668136,1056059,0.020075282081961632
1606402900.5897546,1059564,0.0
1606402908.7409835,1060418,0.026932084932923317
1606402920.7756474,1061624,0.0
1606402937.608931,1063258,0.0
1606402961.799636,1065493,0.23404255509376526
1606402968.9053462,1066201,0.015536722727119923
1606402969.6251125,1066278,0.0
1606402971.7196403,1066479,0.0
1606402976.2701766,1066922,0.07900676876306534
1606402995.3793344,1068737,0.10337552428245544
1606403048.536519,1073887,0.0
1606403049.3104112,1073955,0.22058823704719543
1606403050.0673618,1074021,0.01515151560306549
1606403079.919731,1077052,0.03030303120613098
1606403198.4665704,1082630,0.02222222276031971
1606403200.9618948,1082867,0.0
1606403225.4567604,1085158,0.014388489536941051
1606403234.871976,1086158,0.3179999887943268
1606403240.2106924,1086649,0.0
1606403243.2465694,1086923,0.0
1606403244.4057364,1087026,0.0
1606403256.0740523,1088108,0.0
1606403296.0382743,1091913,0.003759398590773344
1606403310.5158474,1093308,0.0
1606403315.546209,1093780,0.171171173453331
1606403322.9647994,1094435,0.004999999888241291
1606403349.4974623,1096937,0.004273504484444857
1606403350.3305914,1097013,0.0
1606403373.2787426,1099216,0.009615384973585606
1606403376.0082097,1099495,0.09677419066429138
1606403399.6705658,1101649,0.011904762126505375
1606403418.1759565,1103591,0.44907405972480774
1606403426.1386552,1104310,0.0
1606403429.3573363,1104618,0.00826446246355772
1606403438.8617408,1105586,0.35890015959739685
1606403496.5652158,1111123,0.004962779115885496
1606403502.0744724,1111644,0.009433962404727936
1606403504.1366363,1111841,0.0
1606403506.470066,1112070,0.0
1606403549.8937044,1116379,0.0
1606403582.8362417,1119477,0.005847953259944916
1606403599.227057,1121013,0.00753012066707015
1606403635.6775467,1124451,0.00319488812237978
1606403649.1842735,1125735,0.0
1606403652.2236538,1126024,0.0069204154424369335
1606403655.9629862,1126376,0.01515151560306549
1606403715.9303906,1132136,0.0810810774564743
1606403731.8819401,1133607,0.039000000804662704
1606403752.9075027,1134992,0.0
1606403764.679334,1136177,0.0054054055362939835
1606403766.4709952,1136325,0.014705882407724857
1606403773.3485506,1136934,0.0
1606403775.6121757,1137131,0.0
1606403796.0885468,1139139,0.10100000351667404
1606403801.3747768,1139626,0.0
1606403816.0874405,1141030,0.006756756920367479
1606403822.7031515,1141662,0.0
1606403827.0040445,1142078,0.0
1606403841.0650053,1143486,0.004694835748523474
1606403868.1828992,1146109,0.0
1606403870.9765754,1146374,0.0
1606403871.7683372,1146441,0.0
1606403881.8595827,1147441,0.05700000002980232
1606403926.4728525,1151951,0.11804766952991486
1606403976.4803677,1156680,0.1753794252872467
1606403988.2217464,1157841,0.45100000500679016
1606403992.981347,1158286,0.06666667014360428
1606404006.181186,1159602,0.009493670426309109
1606404022.2979045,1161021,0.0
1606404044.8382866,1163264,0.24300000071525574
1606404090.7071621,1167668,0.008810572326183319
1606404098.1808467,1168314,0.0
1606404157.2591007,1173968,0.007936508394777775
1606404200.5088038,1178052,0.032258063554763794
1606404202.7403743,1178267,0.0
1606404219.4030654,1179806,0.0038910505827516317
1606404225.8838074,1180472,0.007507507689297199
1606404229.017171,1180734,0.0
1606404236.8582015,1181505,0.04896421730518341
1606404252.720983,1183066,0.0
1606404277.599892,1185381,0.1720000058412552
1606404292.681497,1186690,0.15199999511241913
1606404349.2064288,1191706,0.12099999934434891
1606404383.0561278,1194594,0.0042372881434857845
1606404408.920601,1197176,0.0027777778450399637
1606404410.542152,1197312,0.0
1606404446.4143481,1199880,0.0
1606404451.4307675,1200330,0.024793388321995735
1606404550.5588765,1209706,0.003916448913514614
1606404553.9180546,1210002,0.0
1606404577.2952676,1212143,0.0
1606404582.893568,1212638,0.0
1606404585.0282817,1212824,0.0
1606404590.3990123,1213333,0.0
1606404591.3147328,1213412,0.012658228166401386
1606404626.7334924,1216911,0.07593582570552826
1606404664.062099,1220476,0.0
1606404680.220153,1222112,0.0
1606404704.0806935,1224473,0.0
1606404706.2281606,1224644,0.0
1606404713.8404908,1225388,0.0015384615398943424
1606404747.235952,1228597,0.0
1606404792.8962667,1232822,0.05220417678356171
1606404799.4486785,1233401,0.0
1606404809.252132,1234239,0.0
1606404830.718393,1236123,0.0
1606404852.1894362,1238157,0.0
1606404853.1658702,1238234,0.0
1606404866.0054758,1239405,0.01247771829366684
1606404884.4644048,1241052,0.007299270015209913
1606404924.6726875,1244864,0.0
1606404970.4875405,1249147,0.0
1606404977.3371894,1249757,0.0
1606404993.9825072,1251290,0.0
1606405038.3705232,1255434,0.0024570024106651545
1606405042.7519786,1255840,0.0
1606405062.0150056,1257840,0.03400000184774399
1606405067.8337665,1258400,0.0
1606405085.7296383,1260217,0.0
1606405172.6100016,1265840,0.0
1606405196.402724,1268314,0.007029877044260502
1606405251.5088882,1273689,0.00374531839042902
1606405267.2658584,1275187,0.002217294881120324
1606405289.2584596,1277403,0.0
1606405311.749935,1279614,0.026000000536441803
1606405329.8529565,1281355,0.0
1606405344.0162027,1282716,0.008810572326183319
1606405357.9683366,1284179,0.0
1606405372.1123438,1285575,0.007155634928494692
1606405378.5785615,1286204,0.0031796502880752087
1606405405.6431842,1288967,0.0
1606405436.9299827,1292107,0.004999999888241291
1606405461.8028724,1294604,0.011299435049295425
1606405467.8073878,1295189,0.0
1606405495.0114026,1297864,0.004608294926583767
1606405525.9925773,1300911,0.0
1606405537.7309198,1302140,0.0043668122962117195
1606405590.6118095,1307549,0.10999999940395355
1606405594.0691702,1307873,0.0
1606405596.8254797,1308114,0.0
1606405617.276881,1310123,0.0
1606405683.7978628,1316907,0.007575757801532745
1606405685.2670863,1317051,0.01515151560306549
1606405699.4441037,1318423,0.0066225165501236916
1606405713.9874997,1319848,0.0
1606405721.6135883,1320596,0.0
1606405739.3399694,1322341,0.010989011265337467
1606405755.0426054,1323813,0.0
1606405790.945143,1327330,0.012500000186264515
1606405796.3828766,1327802,0.014705882407724857
1606405852.6811173,1333651,0.008130080997943878
1606405854.5960805,1333826,0.0
1606405879.1772618,1336261,0.004219409078359604
1606405887.0316987,1336335,0.0
1606405933.8578184,1340904,0.026431718841195107
1606405952.6076317,1342707,0.0
1606405964.5644796,1344008,0.0
1606405967.22189,1344274,0.0
1606405979.2898386,1345547,0.0
1606405986.7976425,1346284,0.0
1606406020.9487305,1349746,0.004385964944958687
1606406041.904525,1351900,0.0
1606406048.3498275,1352564,0.0
1606406086.3928638,1356492,0.0
1606406087.8197381,1356615,0.008130080997943878
1606406105.6044517,1358423,0.0
1606406121.7941928,1360024,0.0
1606406226.7309713,1370342,0.0010000000474974513
1606406251.1657917,1372658,0.0
1606406265.678853,1374072,0.0
1606406356.1093507,1382516,0.0
1606406383.288874,1385308,0.006000000052154064
1606406406.8305793,1387517,0.0
1606406416.180849,1388517,0.061000000685453415
1606406419.3631375,1388815,0.0
1606406448.96965,1391643,0.002247191034257412
1606406454.2762823,1392131,0.0
1606406465.898836,1393214,0.04600000008940697
1606406494.6158717,1395735,0.008130080997943878
1606406524.8236434,1398555,0.0
1606406554.668279,1401118,0.0
1606406597.8212574,1405050,0.08299999684095383
1606406615.7357244,1406741,0.0
1606406630.5354404,1408104,0.0
1606406694.383458,1414213,0.01881331391632557
1606406706.2182555,1415417,0.0049019609577953815
1606406714.7126515,1416127,0.012820512987673283
1606406778.6608896,1419892,0.0
1606406794.8677707,1421485,0.0
1606406810.6348155,1422901,0.0027434842195361853
1606406822.3819497,1424042,0.020999999716877937
1606406851.6157615,1426615,0.007366482634097338
1606406867.6684175,1427988,0.002680965233594179
1606406883.0848484,1429387,0.07366985082626343
1606406941.2788374,1434729,0.004672897048294544
1606406992.3054156,1439531,0.12999999523162842
1606407016.1329832,1441741,0.0
1606407051.4405088,1445106,0.22200000286102295
1606407151.1285255,1454525,0.2240000069141388
1606407152.1028728,1454609,0.0
1606407152.9242198,1454689,0.0
1606407177.6613758,1457013,0.0
1606407215.8129718,1460572,0.0
1606407258.3487926,1464762,0.0
1606407285.452211,1467540,0.0
1606407289.2770565,1467896,0.002808988792821765
1606407307.7767386,1469768,0.00671140942722559
1606407365.3396616,1475058,0.0
1606407391.874169,1477622,0.0
1606407432.129719,1481681,0.0071428571827709675
1606407438.6076574,1482290,0.014925372786819935
1606407540.8712707,1492413,0.22300000488758087
1606407559.283065,1494210,0.0
1606407596.1212842,1497889,0.0052770450711250305
1606407619.1958723,1500146,0.0
1606407697.4463394,1503897,0.0
1606407729.722369,1506489,0.05999999865889549
1606407757.1540747,1509045,0.002114164875820279
1606407767.0621662,1510045,0.03999999910593033
1606407840.4079015,1516983,0.0036496350076049566
1606407850.5175693,1517983,0.06800000369548798
1606407909.8116164,1523499,0.02467343956232071
1606407915.6932535,1524037,0.0
1606407917.865748,1524230,0.0
1606407970.382256,1529290,0.0061349691823124886
1606407986.5263746,1530653,0.10199999809265137
1606407997.3144553,1531653,0.03500000014901161
1606408002.746998,1532169,0.0019379844889044762
1606408005.1792345,1532373,0.0049019609577953815
1606408046.5155938,1536186,0.0022321429569274187
1606408193.3975048,1550587,0.0
1606408312.8059971,1562769,0.0021598271559923887
1606408335.0055957,1564942,0.008474576286971569
1606408339.8158853,1565418,0.0
1606408354.571858,1566852,0.0051369862630963326
1606408412.2114997,1572736,0.0066489363089203835
1606408492.9790833,1580902,0.0052083334885537624
1606408741.8861232,1606896,0.003000000026077032
1606408823.5919397,1615359,0.006837606895714998
1606408832.883643,1616359,0.1599999964237213
1606408901.168877,1623499,0.010999999940395355
1606408904.5620432,1623826,0.0030581040773540735
1606408915.7842429,1625018,0.02238805964589119
1606408926.126979,1626171,0.004999999888241291
1606409009.4300508,1627936,0.0
1606409014.4397588,1628456,0.0
1606409022.8921375,1629344,0.0
1606409144.7599258,1642259,0.0022522523067891598
1606409172.9667535,1645287,0.0028943559154868126
1606409189.4231622,1646920,0.0
1606409200.3814495,1648059,0.0
1606409231.9900877,1651454,0.017999999225139618
1606409302.0213504,1658856,0.004000000189989805
1606409350.1223247,1663831,0.003086419776082039
1606409364.8278449,1665311,0.002877697814255953
1606409371.7404864,1666066,0.00397351011633873
1606409431.5584228,1672320,0.004000000189989805
1606409473.2638264,1676750,0.0
1606409553.2907722,1685262,0.0
1606409593.8307629,1689592,0.0
1606409612.7787678,1691540,0.0
1606409629.7668703,1693327,0.0032051282469183207
1606409663.3101318,1696876,0.0
1606409675.8249488,1698203,0.0
1606409735.7023094,1704756,0.0031847134232521057
1606409773.447132,1708756,0.0020000000949949026
1606409820.6230474,1713838,0.005263158120214939
1606409839.654913,1715741,0.0
1606409876.087444,1719493,0.001179245300590992
1606409934.9006324,1725660,0.008999999612569809
1606409961.0046167,1728298,0.0
1606409974.874079,1729685,0.0060240961611270905
1606410015.7330186,1733955,0.0
1606410091.2768376,1741809,0.006465517450124025
1606410142.6333039,1744835,0.0
1606410155.6081588,1745909,0.0
1606410168.9633505,1747319,0.0
1606410178.238893,1748319,0.0
1606410198.7397153,1750490,0.0860000029206276
1606410204.2312498,1751043,0.0
1606410293.392854,1760299,0.027000000700354576
1606410329.951461,1764172,0.039000000804662704
1606410331.1472995,1764293,0.0
1606410339.578056,1765177,0.005033556837588549
1606410367.3737612,1768008,0.020618556067347527
1606410382.3995705,1769635,0.0
1606410432.2453055,1775047,0.0
1606410458.7087088,1777816,0.0
1606410504.7226584,1782745,0.0029069767333567142
1606410564.5164325,1788947,0.0
1606410593.349542,1791908,0.0
1606410611.473032,1793723,0.0
1606410634.3769777,1796154,0.0
1606410679.9819162,1800985,0.0
1606410688.4542785,1801856,0.0
1606410764.5478535,1810128,0.0017452007159590721
1606410778.698889,1811569,0.0
1606410782.7246842,1811966,0.0
1606410885.1675255,1822614,0.04800000041723251
1606410892.0814497,1823375,0.06176084280014038
1606410914.236206,1825779,0.007092198356986046
1606410944.1156528,1828837,0.0020790020935237408
1606410956.7537422,1830184,0.0028818442951887846
1606410988.1680982,1833322,0.004716981202363968
1606411001.444022,1834732,0.002439024392515421
1606411008.6015146,1835510,0.012853470630943775
1606411089.9731002,1844394,0.0
1606411106.0040512,1846058,0.004999999888241291
1606411160.3901045,1851658,0.0
1606411168.3012614,1852440,0.0
1606411226.6631062,1858645,0.00148148147854954
1606411240.1106648,1860069,0.0
1606411252.3506956,1861352,0.012000000104308128
1606411267.3171663,1862942,0.0
1606411343.159607,1868554,0.0015649452107027173
1606411444.3955064,1879037,0.0022675737272948027
1606411468.3283358,1881502,0.0035335689317435026
1606411517.2034612,1886569,0.0035799522884190083
1606411556.6049724,1890866,0.00800000037997961
1606411583.684953,1893634,0.0021929824724793434
1606411605.6286225,1895897,0.009803921915590763
1606411622.1672719,1897675,0.0025706940796226263
1606411649.017787,1900600,0.0010526315309107304
1606411704.9877632,1906758,0.0
1606411709.1892831,1907203,0.0
1606411712.3566637,1907532,0.0
1606411754.5866156,1911881,0.007000000216066837
1606411868.5073705,1923828,0.006688963156193495
1606411894.2187753,1926599,0.006493506487458944
1606411920.855201,1929446,0.014000000432133675
1606411950.3714433,1932444,0.0034305318258702755
1606411997.9346478,1937368,0.0075107295997440815
1606412026.9831092,1940423,0.0061349691823124886
1606412059.4067335,1943980,0.0
1606412091.7870433,1947472,0.006000000052154064
1606412096.5095842,1947928,0.0021929824724793434
1606412143.4083827,1952846,0.0
1606412163.1059356,1954934,0.0
1606412172.2341082,1955934,0.004000000189989805
1606412183.4341035,1957184,0.007000000216066837
1606412202.5264664,1959255,0.0
1606412206.1866488,1959636,0.0
1606412208.4620318,1959869,0.0
1606412244.8533483,1963759,0.003289473708719015
1606412255.3843377,1964808,0.0
1606412273.237065,1966654,0.0
1606412282.991718,1967654,0.0
1606412289.953948,1968370,0.004189944360405207
1606412291.6129172,1968516,0.006849315017461777
1606412298.5423174,1969218,0.0021367522422224283
1606412310.4533284,1970423,0.0015873016091063619
1606412312.6106443,1970628,0.0
1606412352.6579185,1974886,0.0014836795162409544
1606412476.087413,1978527,0.006000000052154064
1606412498.8424442,1979888,0.0011574074160307646
1606412515.5746918,1981704,0.0
1606412581.8356066,1988117,0.0
1606412643.4811919,1994055,0.0020000000949949026
1606412649.736345,1994680,0.0
1606412660.0264843,1995680,0.0010000000474974513
1606412706.9031453,2000184,0.0010000000474974513
1606412748.755579,2003962,0.0036144577898085117
1606412778.2224038,2006705,0.0016313213855028152
1606412831.766643,2011816,0.0
1606412891.9826498,2017585,0.004629629664123058
1606412926.0495245,2020872,0.0026525198481976986
1606412933.2053027,2021517,0.0031347961630672216
1606412944.4094439,2022532,0.0
1606412992.3283925,2027293,0.002369668334722519
1606413024.3786035,2030122,0.00272479560226202
1606413046.057899,2032048,0.0
1606413059.28286,2033271,0.002816901309415698
1606413062.0665853,2033517,0.004065040498971939
1606413172.0919766,2044130,0.0010729613713920116
1606413232.5955904,2049706,0.0015797788510099053
1606413320.339662,2057877,0.001669449033215642
1606413334.41292,2059186,0.0
1606413353.6066794,2060940,0.0
1606413420.3327148,2067257,0.0
1606413456.079057,2070673,0.002751031657680869
1606413504.4043484,2075521,0.002673796843737364
1606413509.8393865,2076050,0.0037807184271514416
1606413520.2907476,2077020,0.0069444444961845875
1606413534.5496213,2078381,0.0019841270986944437
1606413538.649963,2078760,0.0026385225355625153
1606413626.7581563,2086963,0.01149425283074379
1606413676.2838838,2091765,0.005263158120214939
1606413868.2807498,2101288,0.0020000000949949026
1606413922.5881336,2106488,0.006036217324435711
1606413951.6458673,2109221,0.0021739129442721605
1606413972.568893,2111262,0.0020000000949949026
1606413976.8093407,2111615,0.0
1606414009.9569402,2114664,0.009900989942252636
1606414080.0861287,2121271,0.0020000000949949026
1606414088.8744671,2122037,0.0032786885276436806
1606414091.9584827,2122316,0.0
1606414102.0314133,2123316,0.004000000189989805
1606414150.2301757,2128030,0.0
1606414185.3293889,2131433,0.0
1606414270.229071,2139221,0.0014771048445254564
1606414365.6912463,2147945,0.0042553190141916275
1606414402.9810562,2151358,0.008474576286971569
1606414437.8273172,2154455,0.0020000000949949026
1606414442.857279,2154902,0.0022371364757418633
1606414485.2080648,2159123,0.0020000000949949026
1606414540.6458502,2164423,0.0021668472327291965
1606414557.7180266,2165988,0.0
1606414568.3688037,2166954,0.0
1606414604.4545307,2170124,0.001398601452820003
1606414607.1558359,2170380,0.0
1606414619.5213325,2171519,0.0020242915488779545
1606414649.559709,2174211,0.0011135857785120606
1606414775.751499,2186481,0.0
1606414809.3722765,2189891,0.0020000000949949026
1606414839.8565247,2192800,0.0010000000474974513
1606414862.866192,2194961,0.002020202111452818
1606414895.19423,2198149,0.003000000026077032
1606414911.389706,2199622,0.0
1606415036.882179,2207716,0.0
1606415098.2397635,2213126,0.0018975331913679838
1606415109.093879,2214180,0.0
1606415113.9378173,2214666,0.0
1606415192.096377,2222031,0.0031847134232521057
1606415207.4087634,2223481,0.0
1606415213.0637074,2223983,0.0
1606415224.3112674,2224988,0.0018348623998463154
1606415237.109963,2226162,0.0
1606415241.0936103,2226557,0.0025316455867141485
1606415262.5068402,2228615,0.0018382353009656072
1606415266.1699367,2228977,0.0
1606415331.6283996,2234965,0.0
1606415360.8014033,2237714,0.0025510203558951616
1606415384.3335981,2240022,0.004338394850492477
1606415507.27077,2251334,0.002801120514050126
1606415572.97548,2257531,0.0010000000474974513
1606415601.4760387,2260203,0.0
1606415630.2034342,2262859,0.0
1606415640.9736679,2263696,0.002785515272989869
1606415644.9811041,2264057,0.0
1606415697.4640315,2268911,0.0
1606415704.2401495,2269557,0.0
1606415768.6674118,2275560,0.0
1606415784.8343334,2277120,0.0
1606415864.4836752,2284911,0.0028901733458042145
1606415873.7890198,2285911,0.0
1606415881.8484657,2286729,0.0
1606415885.82926,2287140,0.0
1606415939.4632428,2292491,0.0
1606415982.3989336,2296792,0.0
1606416002.9050481,2298838,0.0
1606416021.9953535,2300726,0.0
1606416062.6307,2304726,0.005347593687474728
1606416158.3998482,2307548,0.0013586956774815917
1606416164.5004106,2308156,0.0
1606416173.093897,2309009,0.0
1606416230.6271803,2315001,0.0020000000949949026
1606416260.4733784,2317953,0.0
1606416271.588109,2319009,0.0038910505827516317
1606416321.5076778,2323951,0.0
1606416328.4133456,2324683,0.0013661201810464263
1606416341.2246418,2326046,0.0010245901066809893
1606416374.5761278,2329450,0.0
1606416441.8431556,2336406,0.0
1606416472.5317335,2339614,0.0
1606416539.9778981,2346341,0.0024570024106651545
1606416583.5307918,2350860,0.0020325202494859695
1606416592.3856251,2351791,0.0
1606416598.543677,2352356,0.0
1606416607.8367352,2353356,0.003000000026077032
1606416621.785219,2354768,0.0
1606416661.649393,2358885,0.0
1606416696.0777826,2362329,0.0
1606416715.282955,2364201,0.0044052861630916595
1606416729.916188,2365604,0.002773925196379423
1606416739.8413954,2366582,0.005181347019970417
1606416798.1907918,2372301,0.002919707912951708
1606416815.870671,2374000,0.0
1606416872.0033145,2379499,0.0010000000474974513
1606416890.3125968,2381224,0.002610966097563505
1606416904.6015193,2382563,0.0024271844886243343
1606416931.6538033,2385127,0.0
1606416935.8110783,2385491,0.0
1606416963.0421138,2387855,0.0
1606417013.4508529,2392365,0.0
1606417055.2634041,2396371,0.0
1606417070.1618598,2397791,0.005244755186140537
1606417086.915658,2399409,0.0016181230312213302
1606417097.6631546,2400409,0.0010000000474974513
1606417151.8233442,2404877,0.0
1606417162.5522242,2405877,0.0
1606417171.8741577,2406695,0.006112469360232353
1606417212.8901637,2410373,0.004524887073785067
1606417340.9882588,2416464,0.0
1606417362.8916037,2418626,0.0
1606417419.6966214,2424164,0.0010000000474974513
1606417436.5749674,2425868,0.0014204545877873898
1606417492.9226468,2431110,0.0021551724057644606
1606417504.5342991,2432103,0.00561797758564353
1606417596.294783,2440898,0.0
1606417659.958067,2446977,0.0
1606417669.1929734,2447833,0.0017953321803361177
1606417700.047817,2450727,0.0
1606417714.1521425,2452081,0.0
1606417767.9884248,2457127,0.0013297871919348836
1606417785.0150704,2458508,0.0023980815894901752
1606417796.720655,2459508,0.0010000000474974513
