Wall time,Step,Value
1606391444.8623042,3031,0.15373766422271729
1606391513.007182,10841,0.14870689809322357
1606391546.5090954,14806,0.16500000655651093
1606391626.8131876,24225,0.1458333283662796
1606391637.1913505,25461,0.12889812886714935
1606391649.030918,26869,0.1281464546918869
1606391691.0542145,31911,0.1550741195678711
1606391705.7511094,33682,0.15991471707820892
1606391773.8684092,41838,0.13829787075519562
1606391780.2535667,42599,0.13945578038692474
1606391909.2325323,56840,0.03500000014901161
1606391942.982083,60298,0.04590163752436638
1606391969.1771014,62856,0.040059346705675125
1606391978.834677,63856,0.032999999821186066
1606392011.0170095,67115,0.016949152573943138
1606392085.9906695,74752,0.03700000047683716
1606392151.515259,81257,0.05714285746216774
1606392224.6421518,88741,0.0451388880610466
1606392253.4328034,91611,0.08799999952316284
1606392271.0223703,93296,0.052000001072883606
1606392316.7837944,97893,0.0234375
1606392326.6441655,98893,0.08799999952316284
1606392379.3842337,104102,0.05037783458828926
1606392405.7273867,106763,0.041999999433755875
1606392419.5920465,108186,0.09692671149969101
1606392425.1919093,108722,0.125
1606392452.3951182,111403,0.033096928149461746
1606392504.197845,116677,0.03030303120613098
1606392571.077315,122377,0.07500000298023224
1606392574.0433095,122676,0.12374582141637802
1606392611.638504,126481,0.04899999871850014
1606392668.386336,132231,0.04843304678797722
1606392712.5778406,136657,0.0955347865819931
1606392732.8529937,138729,0.0
1606392837.5020208,149198,0.06599999964237213
1606392882.7430034,153727,0.0949999988079071
1606392909.4066658,156342,0.15789473056793213
1606392948.5142708,160284,0.07642626762390137
1606392979.6876473,163411,0.05000000074505806
1606393000.0953918,165411,0.10499999672174454
1606393118.6557455,177273,0.08828523010015488
1606393145.1123211,179950,0.08100000023841858
1606393154.9589772,180950,0.03999999910593033
1606393183.1559305,183739,0.05188679322600365
1606393222.331371,187667,0.04600000008940697
1606393241.9255595,189667,0.04699999839067459
1606393291.1167758,194603,0.04899999871850014
1606393300.9165447,195603,0.06199999898672104
1606393389.7412946,204490,0.07100000232458115
1606393454.5976088,210947,0.08365018665790558
1606393506.314957,216127,0.04958677664399147
1606393632.2855062,228787,0.027000000700354576
1606393665.53393,232163,0.03400000184774399
1606393738.518248,239379,0.08407079428434372
1606394055.1252518,269140,0.057999998331069946
1606394065.0517087,270140,0.054999999701976776
1606394124.5714104,275916,0.08299999684095383
1606394205.112348,282912,0.03085106424987316
1606394227.1894736,284798,0.042889390140771866
1606394229.3053453,284985,0.04278074949979782
1606394247.054965,286406,0.02800000086426735
1606394301.0154939,291124,0.07058823853731155
1606394372.600731,297503,0.09977827221155167
1606394403.4065187,300307,0.11442785710096359
1606394404.9828353,300455,0.10810811072587967
1606394488.5823727,307830,0.047337278723716736
1606394594.8303983,317206,0.023000000044703484
1606394609.4874246,318485,0.017921147868037224
1606394736.2182348,329676,0.06700000166893005
1606394751.5286064,330978,0.04304635897278786
1606394769.920974,332606,0.05303030461072922
1606394830.5933652,338002,0.03700000047683716
1606394871.4435792,341586,0.018518518656492233
1606394894.3935785,343586,0.028999999165534973
1606394919.779207,345801,0.041860464960336685
1606394956.9607682,349099,0.03400000184774399
1606395001.740785,353023,0.03400000184774399
1606395077.1915672,359516,0.016949152573943138
1606395133.4864976,364431,0.048635825514793396
1606395184.0884624,368751,0.07199999690055847
1606395205.4549809,370584,0.0560000017285347
1606395252.81257,374631,0.032999999821186066
1606395266.5787084,375806,0.019999999552965164
1606395299.350357,378621,0.03099999949336052
1606395310.790511,379597,0.0416666679084301
1606395322.434102,380597,0.054999999701976776
1606395368.0012755,384683,0.05299999937415123
1606395379.6739376,385683,0.03500000014901161
1606395556.2963595,393547,0.03200000151991844
1606395627.1305962,399685,0.0989999994635582
1606395665.467204,402925,0.06593406945466995
1606395707.8436522,406742,0.04100000113248825
1606395720.1306674,407848,0.03400000184774399
1606395810.7579908,415740,0.04800000041723251
1606395864.9846845,420574,0.06700000166893005
1606395876.7098126,421574,0.06800000369548798
1606395889.873285,422699,0.00800000037997961
1606395916.0944448,424952,0.061000000685453415
1606395928.5242505,426018,0.04545454680919647
1606396036.0181718,435309,0.10158730298280716
1606396062.6267285,437687,0.20105819404125214
1606396097.0191915,440801,0.1860000044107437
1606396126.018279,443362,0.044563278555870056
1606396160.949461,446362,0.07500000298023224
1606396200.709677,449847,0.09300000220537186
1606396211.9470246,450847,0.11800000071525574
1606396253.08403,454518,0.13600000739097595
1606396298.6874094,458442,0.13600000739097595
1606396473.700007,473666,0.04899999871850014
1606396537.4012034,479143,0.023000000044703484
1606396582.6046326,483020,0.18472063541412354
1606396609.7965734,485424,0.140816330909729
1606396620.8724577,486424,0.12600000202655792
1606396676.7846584,491370,0.11400000005960464
1606396735.2617702,496491,0.0746987983584404
1606396765.173638,499075,0.08385743945837021
1606396786.2410185,500889,0.05982905998826027
1606396830.5462234,504889,0.07800000160932541
1606396835.015484,505282,0.07633587718009949
1606396873.315825,508720,0.07534246891736984
1606396920.5464787,512924,0.103554867208004
1606396934.9755824,514345,0.07760141044855118
1606396936.2978683,514479,0.2985074520111084
1606396945.2411783,515356,0.09007981419563293
1606396957.8701184,516554,0.09168081730604172
1606396968.4533904,517554,0.061000000685453415
1606397007.9631908,521456,0.04535398259758949
1606397045.7837012,525183,0.05777166411280632
1606397055.6659846,526183,0.05999999865889549
1606397067.2925305,527366,0.054644808173179626
1606397091.4688938,529739,0.072727270424366
1606397093.8109667,529958,0.13698630034923553
1606397095.7232769,530134,0.04545454680919647
1606397119.2958405,532433,0.07017543911933899
1606397219.3015776,534926,0.08100000023841858
1606397248.4598224,537880,0.04109589010477066
1606397251.0823116,538136,0.03515625
1606397260.669197,539136,0.03999999910593033
1606397357.3815198,548950,0.09779950976371765
1606397387.7231193,551976,0.10059880465269089
1606397400.0856886,553211,0.11063829809427261
1606397438.454441,557043,0.14800000190734863
1606397542.387963,567428,0.07560137659311295
1606397546.7569692,567883,0.26829269528388977
1606397561.3549407,569394,0.2059800624847412
1606397565.5571036,569800,0.12060301750898361
1606397585.3524594,571892,0.10100000351667404
1606397592.776597,572613,0.07339449226856232
1606397626.8761,576025,0.14406779408454895
1606397647.1970236,578058,0.11570248007774353
1606397667.9459844,580156,0.12871287763118744
1606397681.4347184,581494,0.05970149114727974
1606397695.7243464,582935,0.23849372565746307
1606397723.1723301,585645,0.11627907305955887
1606397727.4916084,586083,0.13812154531478882
1606397737.9708636,587171,0.07969151437282562
1606397766.3216503,590165,0.09700000286102295
1606397799.7080595,593522,0.11864406615495682
1606397802.8943253,593831,0.09061488509178162
1606397807.9818254,594329,0.151162788271904
1606397841.3308733,597634,0.1818181872367859
1606397850.6726995,598548,0.17105263471603394
1606397881.5362892,601653,0.12661869823932648
1606397892.2809033,602717,0.0923076942563057
1606397902.3182487,603714,0.09046849608421326
1606397904.3390257,603912,0.09595959633588791
1606397928.789118,606376,0.04605263099074364
1606397930.2081707,606507,0.19083969295024872
1606397949.7374194,608519,0.2646239697933197
1606397955.5278788,609115,0.13291139900684357
1606397958.1582198,609391,0.07246376574039459
1606397975.039126,611090,0.2679738700389862
1606397976.906766,611265,0.18285714089870453
1606397987.362537,612291,0.06741572916507721
1606397988.3806777,612386,0.0736842080950737
1606398032.343001,616843,0.06506849080324173
1606398077.8517148,618164,0.07027027010917664
1606398086.8883538,618731,0.2150000035762787
1606398090.0795937,619043,0.0714285746216774
1606398098.3276863,619842,0.1163954958319664
1606398136.958024,623831,0.05269058421254158
1606398145.6365688,624713,0.1520618498325348
1606398181.7415829,628454,0.1149425283074379
1606398186.897788,628968,0.15441176295280457
1606398226.0501027,632891,0.260869562625885
1606398246.472651,634938,0.27139875292778015
1606398285.8232062,638963,0.1720000058412552
1606398313.0524616,641873,0.15760870277881622
1606398319.5684624,642501,0.09868421405553818
1606398324.501367,642999,0.1411411464214325
1606398334.2544382,644014,0.07575757801532745
1606398341.2639477,644728,0.1515151560306549
1606398350.8158875,645677,0.11594203114509583
1606398366.9296489,647214,0.1316872388124466
1606398367.5348732,647280,0.07575757801532745
1606398402.041504,650664,0.08722741156816483
1606398415.4767537,651981,0.07575757801532745
1606398431.394711,653533,0.1595744639635086
1606398434.3207977,653817,0.23943662643432617
1606398460.6609697,656476,0.10599999874830246
1606398468.974506,657266,0.09589041024446487
1606398507.4302294,661089,0.1927710771560669
1606398513.4480326,661691,0.2873303294181824
1606398551.256792,665508,0.19140625
1606398552.0636823,665599,0.07692307978868484
1606398556.717453,666055,0.3239436745643616
1606398557.590554,666136,0.23456789553165436
1606398558.3227806,666202,0.01515151560306549
1606398607.713785,671175,0.26428571343421936
1606398646.6251047,675101,0.17142857611179352
1606398647.211665,675167,0.01515151560306549
1606398657.116033,676141,0.26605504751205444
1606398674.9185224,676713,0.2822222113609314
1606398694.1448684,678700,0.3082788586616516
1606398743.9161706,683629,0.12121212482452393
1606398753.8924096,684624,0.23442809283733368
1606398782.9419024,687508,0.02857142873108387
1606398808.997059,690124,0.25354108214378357
1606398833.20649,692566,0.1937888264656067
1606398839.574214,693180,0.014925372786819935
1606398874.015021,696622,0.03030303120613098
1606398900.9371548,699322,0.10551558434963226
1606398928.8509445,702148,0.12612612545490265
1606398949.5785515,704234,0.25037258863449097
1606398961.6552064,705397,0.1756756752729416
1606398990.8321767,708314,0.2432432472705841
1606399005.639537,709822,0.06595365703105927
1606399015.1661959,710822,0.22499999403953552
1606399017.2851946,711020,0.04545454680919647
1606399037.8964055,713062,0.31707316637039185
1606399051.5774224,714475,0.1807228922843933
1606399062.3437753,715614,0.01515151560306549
1606399068.627529,716251,0.21621622145175934
1606399069.7518423,716360,0.12844036519527435
1606399140.034101,723628,0.21212121844291687
1606399185.064926,728118,0.11864406615495682
1606399226.717697,732382,0.014925372786819935
1606399234.6751482,733211,0.20245398581027985
1606399238.518353,733622,0.17761556804180145
1606399248.2153702,734688,0.27399998903274536
1606399249.0474567,734766,0.1794871836900711
1606399409.499159,741363,0.1527777761220932
1606399414.0139744,741800,0.09090909361839294
1606399418.1283588,742206,0.1568627506494522
1606399422.353053,742623,0.06060606241226196
1606399425.87007,742986,0.3787878751754761
1606399432.6440675,743664,0.2576112449169159
1606399443.9132364,744826,0.25477707386016846
1606399454.1259499,745873,0.2271762192249298
1606399519.9176092,752567,0.13197968900203705
1606399523.8439035,752930,0.07162534445524216
1606399554.4236703,756043,0.05154639109969139
1606399574.7849374,758095,0.1538461595773697
1606399575.73588,758184,0.06741572916507721
1606399582.0472183,758823,0.10256410390138626
1606399583.3674212,758955,0.10606060922145844
1606399585.283113,759146,0.14136125147342682
1606399596.6966157,760297,0.0827067643404007
1606399613.158783,761956,0.1484375
1606399654.939835,766286,0.190476194024086
1606399655.7201777,766353,0.19402985274791718
1606399668.0608115,767604,0.17391304671764374
1606399721.0494037,773020,0.21438848972320557
1606399723.5527673,773282,0.13740457594394684
1606399725.6841471,773490,0.14516128599643707
1606399737.5689623,774661,0.12121212482452393
1606399749.6021478,775875,0.03030303120613098
1606399755.5635574,776491,0.22077922523021698
1606399772.941414,778288,0.22695034742355347
1606399777.6144886,778721,0.12068965286016464
1606399782.6541069,779214,0.266211599111557
1606399790.386147,779989,0.09836065769195557
1606399813.5626943,782283,0.03030303120613098
1606399908.4200552,785051,0.0810810774564743
1606399909.1511266,785117,0.06060606241226196
1606399914.3790145,785640,0.12757201492786407
1606399933.6060662,787614,0.13483145833015442
1606399955.8207374,789797,0.15596330165863037
1606399956.6001842,789863,0.1515151560306549
1606399971.4720075,791372,0.13312692940235138
1606399977.8763995,792000,0.03030303120613098
1606399984.1554894,792651,0.09090909361839294
1606399986.328307,792869,0.10526315867900848
1606399992.4377396,793470,0.17553190886974335
1606400004.6891496,794705,0.18871252238750458
1606400012.9433281,795572,0.19217686355113983
1606400035.8799274,797970,0.15833333134651184
1606400059.2635295,800306,0.18471337854862213
1606400062.5552776,800608,0.06060606241226196
1606400068.4702346,801245,0.19696970283985138
1606400076.3643832,802032,0.06060606241226196
1606400104.364596,804959,0.1984127014875412
1606400117.391003,806379,0.15555556118488312
1606400118.1262608,806445,0.07575757801532745
1606400119.1779766,806547,0.1568627506494522
1606400121.9002569,806801,0.09600000083446503
1606400127.6853962,807370,0.01515151560306549
1606400144.1546836,809022,0.16058394312858582
1606400183.5682414,813243,0.12121212482452393
1606400214.1720693,816361,0.262773722410202
1606400230.2611728,818076,0.29894179105758667
1606400240.2806776,819096,0.21663019061088562
1606400245.4307232,819596,0.19310344755649567
1606400258.4364638,820926,0.16532258689403534
1606400270.8112206,822212,0.22499999403953552
1606400271.3968499,822279,0.16417910158634186
1606400273.7089226,822505,0.1504424810409546
1606400286.0990772,823840,0.125
1606400311.6213408,826404,0.11926605552434921
1606400325.8980408,827860,0.01515151560306549
1606400337.0786679,828974,0.1595744639635086
1606400351.1292078,830364,0.13432836532592773
1606400353.3225915,830585,0.1538461595773697
1606400370.755326,832364,0.130952388048172
1606400389.363907,833163,0.12087912112474442
1606400420.8103356,836406,0.061403509229421616
1606400430.927816,837370,0.0357142873108387
1606400433.5062895,837616,0.0
1606400438.1152039,838057,0.07575757801532745
1606400471.7847652,841516,0.3449999988079071
1606400472.6946685,841600,0.1785714328289032
1606400477.0836222,842033,0.0746268630027771
1606400490.7089753,843442,0.12322274595499039
1606400494.826046,843825,0.16883116960525513
1606400536.4574866,847913,0.027027027681469917
1606400550.2570152,849319,0.0
1606400564.3746943,850656,0.03030303120613098
1606400567.0032032,850868,0.1462264209985733
1606400568.60624,851013,0.11724138259887695
1606400635.3950286,857544,0.01515151560306549
1606400644.1996846,858364,0.17258882522583008
1606400664.4869356,860357,0.03030303120613098
1606400681.5013278,862127,0.10447761416435242
1606400691.1264415,863128,0.16525423526763916
1606400696.1034074,863632,0.19575472176074982
1606400698.3410842,863849,0.13636364042758942
1606400724.8350527,866409,0.16886544227600098
1606400727.9694803,866627,0.07575757801532745
1606400746.3300319,867693,0.32499998807907104
1606400753.6022892,868008,0.1666666716337204
1606400758.8376408,868276,0.13333334028720856
1606400763.5942194,868484,0.06060606241226196
1606400786.0065095,870041,0.07000000029802322
1606400787.6276407,870194,0.16091954708099365
1606400810.0270967,872268,0.08749999850988388
1606400810.8878524,872336,0.014705882407724857
1606400812.3396409,872460,0.29032257199287415
1606400838.0663,874682,0.13636364042758942
1606400873.759509,875215,0.09090909361839294
1606400878.2982645,875640,0.21290323138237
1606400890.4537213,876778,0.2248803824186325
1606400900.9844875,877803,0.17721518874168396
1606400909.171808,878624,0.09375
1606400912.0162034,878894,0.125
1606400931.9578109,880774,0.1340206116437912
1606400935.4311056,881079,0.26778241991996765
1606400948.244863,882211,0.3100000023841858
1606400955.4161441,882822,0.19624216854572296
1606400965.7347798,883849,0.2921348214149475
1606400968.151653,884060,0.10606060922145844
1606400975.8223703,884787,0.08695652335882187
1606401025.6435397,889452,0.07236842066049576
1606401071.7403934,894117,0.3120204508304596
1606401081.8154507,895117,0.3659999966621399
1606401089.8318617,895902,0.2593192756175995
1606401091.3799558,896049,0.08163265138864517
1606401097.7697964,896634,0.13502109050750732
1606401100.8174834,896912,0.15189872682094574
1606401114.6685627,898226,0.09444444626569748
1606401117.9117966,898511,0.1818181872367859
1606401124.1055422,899077,0.01515151560306549
1606401127.5288348,899393,0.01515151560306549
1606401142.3205519,900761,0.1780821979045868
1606401158.9721963,902347,0.20618556439876556
1606401164.316322,902832,0.2715231776237488
1606401178.682565,904371,0.08695652335882187
1606401191.5332873,905770,0.2720000147819519
1606401192.285661,905836,0.13636364042758942
1606401236.479999,910322,0.09090909361839294
1606401239.884685,910633,0.11249999701976776
1606401246.7499707,911271,0.28761062026023865
1606401248.4901698,911424,0.10457516461610794
1606401265.7905207,913185,0.3009999990463257
1606401267.3913698,913317,0.06060606241226196
1606401274.9521186,914027,0.15068493783473969
1606401293.9326792,915880,0.07575757801532745
1606401295.4957721,916011,0.1679389327764511
1606401300.4162676,916484,0.1818181872367859
1606401302.629889,916695,0.3235294222831726
1606401304.4427123,916867,0.13432836532592773
1606401312.5384963,917692,0.2146226465702057
1606401340.2880528,920517,0.2526315748691559
1606401343.9590104,920882,0.17216117680072784
1606401346.7155418,921130,0.12121212482452393
1606401348.1012406,921268,0.07246376574039459
1606401354.3058424,921832,0.12921348214149475
1606401372.4649374,923728,0.37214136123657227
1606401395.4518042,925069,0.1772853136062622
1606401401.6623452,925630,0.08955223858356476
1606401445.173126,929844,0.17741934955120087
1606401459.3035104,931209,0.3028503656387329
1606401461.7407806,931427,0.13636364042758942
1606401484.3908336,933626,0.0746268630027771
1606401486.351552,933801,0.17714285850524902
1606401498.9660661,935061,0.15000000596046448
1606401503.133774,935410,0.04032257944345474
1606401504.1560996,935502,0.06521739065647125
1606401505.5702412,935634,0.10606060922145844
1606401507.9133568,935831,0.02985074557363987
1606401508.5778246,935897,0.13636364042758942
1606401520.5575657,937008,0.056338027119636536
1606401527.5006478,937669,0.16744185984134674
1606401547.3937538,939753,0.13829787075519562
1606401586.1475985,943322,0.1304347813129425
1606401611.2797976,945832,0.16816143691539764
1606401625.1857028,947157,0.10563380271196365
1606401639.2191625,948430,0.28609272837638855
1606401642.9218595,948753,0.1666666716337204
1606401648.0725305,949246,0.11155378818511963
1606401648.8613663,949313,0.1492537260055542
1606401650.4803786,949482,0.0710059180855751
1606401693.4992898,953717,0.13364055752754211
1606401695.7946615,953930,0.18309858441352844
1606401697.0370476,954043,0.13274335861206055
1606401700.7182078,954374,0.16603773832321167
1606401720.0539596,956118,0.130952388048172
1606401724.9748924,956590,0.19703389704227448
1606401734.585139,957569,0.27710843086242676
1606401744.0825412,958438,0.013513513840734959
1606401771.080165,961098,0.21607378125190735
1606401810.9298134,964862,0.09090909361839294
1606401850.1112964,968665,0.15447154641151428
1606401853.1060128,968934,0.12121212482452393
1606401854.5400443,969077,0.11888112127780914
1606401857.2064652,969315,0.10759493708610535
1606401906.678412,970882,0.1717451512813568
1606401912.9560096,971081,0.1666666716337204
1606401924.4836915,972111,0.13636364042758942
1606401946.2541976,974166,0.11971831321716309
1606401955.5529993,975013,0.13432836532592773
1606401956.938911,975147,0.15671642124652863
1606401994.5367432,978964,0.14814814925193787
1606402018.2693715,981178,0.1515151560306549
1606402033.1209822,982534,0.14754098653793335
1606402033.999072,982609,0.18666666746139526
1606402038.2913005,983019,0.13432836532592773
1606402041.7377698,983338,0.1794871836900711
1606402053.4200714,984454,0.22874493896961212
1606402110.7283082,989975,0.21983471512794495
1606402111.583286,990041,0.12121212482452393
1606402133.8625348,992068,0.179824560880661
1606402136.8761942,992331,0.0964467003941536
1606402142.8150177,992873,0.13235294818878174
1606402152.5774498,993873,0.21799999475479126
1606402189.934465,997503,0.1818181872367859
1606402195.5614805,998057,0.12716762721538544
1606402211.0589337,999564,0.01515151560306549
1606402225.9552937,1001014,0.14374999701976776
1606402242.176769,1002598,0.0976027399301529
1606402252.1625319,1003568,0.19117647409439087
1606402261.0672295,1004372,0.13114753365516663
1606402288.3496406,1006942,0.09090909361839294
1606402302.3627388,1008352,0.13699999451637268
1606402313.6253448,1009529,0.07352941483259201
1606402321.8738403,1010401,0.20529800653457642
1606402337.1494193,1011964,0.1428571492433548
1606402354.911372,1013668,0.28513237833976746
1606402364.1463,1014668,0.18000000715255737
1606402386.3862126,1016893,0.16438356041908264
1606402387.9740522,1017025,0.06060606241226196
1606402406.4756927,1018795,0.14469453692436218
1606402407.9073932,1018903,0.12037037312984467
1606402409.2761738,1019036,0.15789473056793213
1606402424.350535,1020345,0.19411765038967133
1606402494.9570925,1021234,0.21571648120880127
1606402514.8354032,1022508,0.08673469722270966
1606402520.5244339,1023057,0.1803278625011444
1606402564.1963894,1027314,0.09090909361839294
1606402573.0738993,1028199,0.13620689511299133
1606402583.3895032,1029176,0.12648221850395203
1606402584.1794972,1029242,0.12121212482452393
1606402602.6741967,1030948,0.16352201998233795
1606402623.424493,1032921,0.11170212924480438
1606402634.3065562,1033969,0.11244980245828629
1606402657.5171127,1036295,0.2409999966621399
1606402716.04793,1041905,0.07575757801532745
1606402731.8449397,1043524,0.3019999861717224
1606402734.30619,1043760,0.13432836532592773
1606402741.110487,1044378,0.1677018702030182
1606402755.6290543,1045656,0.12857143580913544
1606402779.9893234,1047962,0.1553398072719574
1606402790.986094,1049074,0.0972222238779068
1606402805.540488,1050501,0.10607735067605972
1606402862.6676636,1056059,0.11292346566915512
1606402900.5894659,1059564,0.18831168115139008
1606402908.7401412,1060418,0.12177985906600952
1606402920.7754428,1061624,0.12318840622901917
1606402937.608656,1063258,0.1428571492433548
1606402961.7992215,1065493,0.14589665830135345
1606402968.9048648,1066201,0.16807909309864044
1606402969.6249022,1066278,0.025974025949835777
1606402971.7193778,1066479,0.1492537260055542
1606402976.2698708,1066922,0.1173814907670021
1606402995.3789892,1068737,0.08016877621412277
1606403048.536317,1073887,0.2985074520111084
1606403049.3102224,1073955,0.07352941483259201
1606403050.0671475,1074021,0.24242424964904785
1606403079.9195132,1077052,0.21212121844291687
1606403198.4663606,1082630,0.08888889104127884
1606403200.9616804,1082867,0.1192052960395813
1606403225.4565125,1085158,0.1366906464099884
1606403234.8714411,1086158,0.16200000047683716
1606403240.2105129,1086649,0.04477611929178238
1606403243.2463748,1086923,0.04545454680919647
1606403244.4055293,1087026,0.09708737581968307
1606403256.0738149,1088108,0.012195121496915817
1606403296.0380106,1091913,0.12406015396118164
1606403310.5156257,1093308,0.08805031329393387
1606403315.545995,1093780,0.045045044273138046
1606403322.9645436,1094435,0.10999999940395355
1606403349.4972234,1096937,0.09401709586381912
1606403350.3303835,1097013,0.1184210553765297
1606403373.2785158,1099216,0.048076923936605453
1606403376.0079415,1099495,0.08960573375225067
1606403399.6703708,1101649,0.1190476194024086
1606403418.1755266,1103591,0.1145833358168602
1606403426.138458,1104310,0.06896551698446274
1606403429.3570883,1104618,0.09090909361839294
1606403438.8612516,1105586,0.08683068305253983
1606403496.5648723,1111123,0.14143919944763184
1606403502.074171,1111644,0.14779874682426453
1606403504.1362536,1111841,0.17258882522583008
1606403506.4698076,1112070,0.1572052389383316
1606403549.8934243,1116379,0.12937062978744507
1606403582.8360026,1119477,0.046783626079559326
1606403599.2265966,1121013,0.1340361386537552
1606403635.6772597,1124451,0.1373801976442337
1606403649.1840868,1125735,0.06521739065647125
1606403652.2233644,1126024,0.19723182916641235
1606403655.9627433,1126376,0.10606060922145844
1606403715.930014,1132136,0.19279278814792633
1606403731.881343,1133607,0.11999999731779099
1606403752.9072833,1134992,0.08633093535900116
1606403764.6790955,1136177,0.1621621549129486
1606403766.4707778,1136325,0.13235294818878174
1606403773.3483212,1136934,0.08053690940141678
1606403775.6119683,1137131,0.04273504391312599
1606403796.0879955,1139139,0.14800000190734863
1606403801.3744195,1139626,0.15400411188602448
1606403816.087213,1141030,0.10135135054588318
1606403822.7029593,1141662,0.1190476194024086
1606403827.00385,1142078,0.05263157933950424
1606403841.064763,1143486,0.15023474395275116
1606403868.1826904,1146109,0.12121212482452393
1606403870.9763725,1146374,0.104347825050354
1606403871.7681084,1146441,0.04477611929178238
1606403881.8590798,1147441,0.2160000056028366
1606403926.4723516,1151951,0.24290579557418823
1606403976.4799688,1156680,0.16694772243499756
1606403988.2211988,1157841,0.10499999672174454
1606403992.9811087,1158286,0.13333334028720856
1606404006.1808326,1159602,0.13924050331115723
1606404022.297666,1161021,0.1034482792019844
1606404044.8369918,1163264,0.23600000143051147
1606404090.706909,1167668,0.10572687536478043
1606404098.1806154,1168314,0.0972972959280014
1606404157.2585976,1173968,0.3115079402923584
1606404200.508578,1178052,0.07741935551166534
1606404202.7399,1178267,0.13488371670246124
1606404219.402763,1179806,0.143968865275383
1606404225.8834164,1180472,0.2387387454509735
1606404229.0169473,1180734,0.13775509595870972
1606404236.8577654,1181505,0.1807909607887268
1606404252.7207384,1183066,0.113772451877594
1606404277.5988603,1185381,0.21199999749660492
1606404292.680392,1186690,0.21699999272823334
1606404349.204556,1191706,0.28299999237060547
1606404383.0558462,1194594,0.13135592639446259
1606404408.9202936,1197176,0.11388888955116272
1606404410.5419295,1197312,0.029411764815449715
1606404446.4140923,1199880,0.17241379618644714
1606404451.430443,1200330,0.04958677664399147
1606404550.558358,1209706,0.15665796399116516
1606404553.9178107,1210002,0.10071942210197449
1606404577.294931,1212143,0.11600928008556366
1606404582.8933434,1212638,0.10924369841814041
1606404585.0280254,1212824,0.07526881992816925
1606404590.39869,1213333,0.1312849223613739
1606404591.3145134,1213412,0.07594936341047287
1606404626.73293,1216911,0.11764705926179886
1606404664.0618248,1220476,0.12635378539562225
1606404680.2199316,1222112,0.043478261679410934
1606404704.0804784,1224473,0.10447761416435242
1606404706.227956,1224644,0.13414634764194489
1606404713.8400476,1225388,0.2199999988079071
1606404747.2354543,1228597,0.1041666641831398
1606404792.895761,1232822,0.18213456869125366
1606404799.4484084,1233401,0.1304347813129425
1606404809.251915,1234239,0.125
1606404830.718158,1236123,0.0902777761220932
1606404852.1892004,1238157,0.13235294818878174
1606404853.165662,1238234,0.15584415197372437
1606404866.005026,1239405,0.17112299799919128
1606404884.46415,1241052,0.08029197156429291
1606404924.67246,1244864,0.0859375
1606404970.4870436,1249147,0.09714286029338837
1606404977.336916,1249757,0.07070706784725189
1606404993.9820924,1251290,0.07999999821186066
1606405038.3701923,1255434,0.1621621549129486
1606405042.7517142,1255840,0.15813954174518585
1606405062.0144405,1257840,0.1770000010728836
1606405067.8335228,1258400,0.07894736528396606
1606405085.729445,1260217,0.06849315017461777
1606405172.6097746,1265840,0.10989011079072952
1606405196.4023175,1268314,0.23725834488868713
1606405251.5086315,1273689,0.10112359374761581
1606405267.265536,1275187,0.11086474359035492
1606405289.2581656,1277403,0.06481481343507767
1606405311.7494352,1279614,0.10300000011920929
1606405329.8527331,1281355,0.056603774428367615
1606405344.0158615,1282716,0.07709251344203949
1606405357.967984,1284179,0.15118791162967682
1606405372.1114995,1285575,0.11449015885591507
1606405378.5781345,1286204,0.1780604124069214
1606405405.642778,1288967,0.09533073753118515
1606405436.9293563,1292107,0.1599999964237213
1606405461.8025928,1294604,0.12429378181695938
1606405467.807198,1295189,0.0
1606405495.010929,1297864,0.09216590225696564
1606405525.9923933,1300911,0.0
1606405537.73062,1302140,0.12227074056863785
1606405590.61122,1307549,0.12999999523162842
1606405594.0689433,1307873,0.07894736528396606
1606405596.825248,1308114,0.07971014827489853
1606405617.276623,1310123,0.0776699036359787
1606405683.7976377,1316907,0.06818182021379471
1606405685.2669077,1317051,0.01515151560306549
1606405699.4438727,1318423,0.0397351011633873
1606405713.9872549,1319848,0.08646616339683533
1606405721.6133308,1320596,0.09489051252603531
1606405739.3397725,1322341,0.032967034727334976
1606405755.0423775,1323813,0.06043956056237221
1606405790.9449482,1327330,0.07500000298023224
1606405796.3825905,1327802,0.04411764815449715
1606405852.6808903,1333651,0.04065040498971939
1606405854.59584,1333826,0.09714286029338837
1606405879.1770122,1336261,0.04641350358724594
1606405887.0313194,1336335,0.0
1606405933.8573308,1340904,0.08223201334476471
1606405952.607305,1342707,0.07073170691728592
1606405964.5638478,1344008,0.0860000029206276
1606405967.2216656,1344274,0.06622516363859177
1606405979.289625,1345547,0.09090909361839294
1606405986.7973874,1346284,0.05347593501210213
1606406020.9484951,1349746,0.03947368264198303
1606406041.9042156,1351900,0.08799999952316284
1606406048.3495963,1352564,0.04060913622379303
1606406086.3926637,1356492,0.0533333346247673
1606406087.8195226,1356615,0.08130080997943878
1606406105.6041923,1358423,0.0313725508749485
1606406121.7939818,1360024,0.014705882407724857
1606406226.730384,1370342,0.04899999871850014
1606406251.1655211,1372658,0.0809859186410904
1606406265.6784942,1374072,0.10869564861059189
1606406356.1091466,1382516,0.0470588244497776
1606406383.288378,1385308,0.12700000405311584
1606406406.8302877,1387517,0.11510791629552841
1606406416.1802661,1388517,0.05999999865889549
1606406419.3626738,1388815,0.08724832534790039
1606406448.969328,1391643,0.10112359374761581
1606406454.2760742,1392131,0.11538461595773697
1606406465.8981829,1393214,0.08799999952316284
1606406494.6156163,1395735,0.09756097197532654
1606406524.8234277,1398555,0.02298850566148758
1606406554.6679642,1401118,0.05447470769286156
1606406597.820692,1405050,0.12999999523162842
1606406615.7354162,1406741,0.0865921750664711
1606406630.5351543,1408104,0.06167401000857353
1606406694.3827498,1414213,0.10274963825941086
1606406706.2179952,1415417,0.09803921729326248
1606406714.7124112,1416127,0.06410256773233414
1606406778.660507,1419892,0.09925093501806259
1606406794.8675008,1421485,0.08421052992343903
1606406810.6341538,1422901,0.07544581592082977
1606406822.3813853,1424042,0.12200000137090683
1606406851.6153579,1426615,0.15285451710224152
1606406867.6680582,1427988,0.10723860561847687
1606406883.0843813,1429387,0.15961800515651703
1606406941.2784953,1434729,0.11915887892246246
1606406992.3049552,1439531,0.12250000238418579
1606407016.132718,1441741,0.054054055362939835
1606407051.4398792,1445106,0.1379999965429306
1606407151.1279502,1454525,0.16500000655651093
1606407152.1026309,1454609,0.095238097012043
1606407152.9239666,1454689,0.05000000074505806
1606407177.6611664,1457013,0.15189872682094574
1606407215.8127627,1460572,0.03529411926865578
1606407258.3485284,1464762,0.06213017925620079
1606407285.451972,1467540,0.04968944191932678
1606407289.2764566,1467896,0.12640449404716492
1606407307.77642,1469768,0.05369127541780472
1606407365.3394563,1475058,0.014084506779909134
1606407391.8739033,1477622,0.07258064299821854
1606407432.1293702,1481681,0.08392857015132904
1606407438.6074464,1482290,0.02985074557363987
1606407540.87068,1492413,0.07800000160932541
1606407559.2828205,1494210,0.09139785170555115
1606407596.120974,1497889,0.11873351037502289
1606407619.1955597,1500146,0.0765027329325676
1606407697.4459202,1503897,0.07021791487932205
1606407729.7217178,1506489,0.10400000214576721
1606407757.1535242,1509045,0.06976744532585144
1606407767.0616193,1510045,0.04100000113248825
1606407840.4076126,1516983,0.054744526743888855
1606407850.5169804,1517983,0.1120000034570694
1606407909.8111653,1523499,0.09869375824928284
1606407915.6929803,1524037,0.04621848836541176
1606407917.865491,1524230,0.041450776159763336
1606407970.3820078,1529290,0.03680981695652008
1606407986.5257306,1530653,0.10499999672174454
1606407997.3139095,1531653,0.08699999749660492
1606408002.7464213,1532169,0.09302325546741486
1606408005.178972,1532373,0.04411764815449715
1606408046.5152504,1536186,0.0647321417927742
1606408193.3971531,1550587,0.06896551698446274
1606408312.8056448,1562769,0.07559395581483841
1606408335.0053587,1564942,0.050847455859184265
1606408339.8150718,1565418,0.0714285746216774
1606408354.5714722,1566852,0.07020547986030579
1606408412.2110054,1572736,0.08244680613279343
1606408492.9784124,1580902,0.1493055522441864
1606408741.8854249,1606896,0.10899999737739563
1606408823.5915759,1615359,0.10427350550889969
1606408832.8831065,1616359,0.10300000011920929
1606408901.1683931,1623499,0.10400000214576721
1606408904.5617747,1623826,0.10091742873191833
1606408915.7838683,1625018,0.1473880559206009
1606408926.1264029,1626171,0.15299999713897705
1606409009.4298246,1627936,0.0520833320915699
1606409014.4393573,1628456,0.1288461536169052
1606409022.8918211,1629344,0.0684104636311531
1606409144.759598,1642259,0.06981982290744781
1606409172.9663367,1645287,0.1635311096906662
1606409189.4227045,1646920,0.09195402264595032
1606409200.3811567,1648059,0.08128079026937485
1606409231.98956,1651454,0.1860000044107437
1606409302.0208664,1658856,0.1420000046491623
1606409350.1219263,1663831,0.07253086566925049
1606409364.8274424,1665311,0.09352517873048782
1606409371.739823,1666066,0.0980132445693016
1606409431.5579088,1672320,0.08100000023841858
1606409473.2633991,1676750,0.09640287607908249
1606409553.290472,1685262,0.09293680638074875
1606409593.8305078,1689592,0.08163265138864517
1606409612.7784889,1691540,0.06896551698446274
1606409629.7665615,1693327,0.06089743599295616
1606409663.309864,1696876,0.05448717996478081
1606409675.8245914,1698203,0.07949791103601456
1606409735.7016594,1704756,0.1082802563905716
1606409773.446584,1708756,0.09700000286102295
1606409820.6227577,1713838,0.06842105090618134
1606409839.6546023,1715741,0.08379888534545898
1606409876.0869884,1719493,0.06839622557163239
1606409934.899374,1725660,0.09700000286102295
1606409961.004255,1728298,0.09137056022882462
1606409974.8738356,1729685,0.05421686917543411
1606410015.7326205,1733955,0.103515625
1606410091.2763312,1741809,0.15301723778247833
1606410142.633004,1744835,0.09022556245326996
1606410155.607877,1745909,0.11382114142179489
1606410168.9630585,1747319,0.07073170691728592
1606410178.2383833,1748319,0.11299999803304672
1606410198.739111,1750490,0.12200000137090683
1606410204.2308774,1751043,0.08679927885532379
1606410293.392326,1760299,0.08299999684095383
1606410329.9509175,1764172,0.08699999749660492
1606410331.1470597,1764293,0.07438016682863235
1606410339.5776913,1765177,0.08892617374658585
1606410367.373262,1768008,0.12242268025875092
1606410382.3993187,1769635,0.054054055362939835
1606410432.2449996,1775047,0.05339805781841278
1606410458.7083497,1777816,0.050193049013614655
1606410504.7223556,1782745,0.037790697067976
1606410564.5160375,1788947,0.11169284582138062
1606410593.349192,1791908,0.0662650614976883
1606410611.4727142,1793723,0.06474819779396057
1606410634.3766446,1796154,0.03455723449587822
1606410679.9814367,1800985,0.09227683395147324
1606410688.453944,1801856,0.07017543911933899
1606410764.5474248,1810128,0.10296683758497238
1606410778.6986182,1811569,0.05150214582681656
1606410782.724405,1811966,0.03526448458433151
1606410885.1669998,1822614,0.08399999886751175
1606410892.0810394,1823375,0.09592641144990921
1606410914.2356977,1825779,0.09574468433856964
1606410944.1153255,1828837,0.11850311607122421
1606410956.753459,1830184,0.06628242135047913
1606410988.1678472,1833322,0.08962263911962509
1606411001.4436967,1834732,0.053658537566661835
1606411008.601113,1835510,0.06683804839849472
1606411089.9728708,1844394,0.014184396713972092
1606411106.0033677,1846058,0.1589999943971634
1606411160.3897293,1851658,0.08059210330247879
1606411168.3010597,1852440,0.04316546767950058
1606411226.6626616,1858645,0.057777777314186096
1606411240.1104167,1860069,0.016129031777381897
1606411252.3501515,1861352,0.11800000071525574
1606411267.3163233,1862942,0.0389830507338047
1606411343.15904,1868554,0.11580594629049301
1606411444.395205,1879037,0.06122449040412903
1606411468.3277352,1881502,0.11896348744630814
1606411517.203027,1886569,0.19212409853935242
1606411556.603808,1890866,0.15800000727176666
1606411583.6846068,1893634,0.0416666679084301
1606411605.62843,1895897,0.04901960864663124
1606411622.1667893,1897675,0.12467866390943527
1606411649.0171797,1900600,0.1926315724849701
1606411704.9874842,1906758,0.03684210404753685
1606411709.1889362,1907203,0.03820224851369858
1606411712.3563774,1907532,0.036474164575338364
1606411754.5861027,1911881,0.15199999511241913
1606411868.5071237,1923828,0.05016722530126572
1606411894.218458,1926599,0.0476190485060215
1606411920.8546557,1929446,0.2280000001192093
1606411950.3710766,1932444,0.08747855573892593
1606411997.9341373,1937368,0.16952790319919586
1606412026.9828167,1940423,0.02760736271739006
1606412059.4065042,1943980,0.021164020523428917
1606412091.786466,1947472,0.18700000643730164
1606412096.5092707,1947928,0.02850877121090889
1606412143.4081852,1952846,0.043478261679410934
1606412163.1055598,1954934,0.07859531790018082
1606412172.2336304,1955934,0.14300000667572021
1606412183.4336126,1957184,0.11800000071525574
1606412202.5262153,1959255,0.02909090928733349
1606412206.1863272,1959636,0.06824146956205368
1606412208.4617774,1959869,0.04721030220389366
1606412244.8526986,1963759,0.10361842066049576
1606412255.3840117,1964808,0.06451612710952759
1606412273.2367728,1966654,0.05345911905169487
1606412282.9912052,1967654,0.2290000021457672
1606412289.9534972,1968370,0.15921787917613983
1606412291.6126783,1968516,0.02054794505238533
1606412298.5420082,1969218,0.07478632777929306
1606412310.452937,1970423,0.04603174701333046
1606412312.6103933,1970628,0.03414634242653847
1606412352.6575336,1974886,0.11127596348524094
1606412476.0866807,1978527,0.2460000067949295
1606412498.8416255,1979888,0.17129629850387573
1606412515.574288,1981704,0.10634920746088028
1606412581.8345444,1988117,0.09700000286102295
1606412643.4806828,1994055,0.20800000429153442
1606412649.735905,1994680,0.07680000364780426
1606412660.0259926,1995680,0.21699999272823334
1606412706.9024699,2000184,0.16899999976158142
1606412748.7550123,2003962,0.1807228922843933
1606412778.2219296,2006705,0.07830342650413513
1606412831.7661722,2011816,0.10161290317773819
1606412891.9824097,2017585,0.03703703731298447
1606412926.0490465,2020872,0.09283819794654846
1606412933.2050073,2021517,0.0407523512840271
1606412944.4091928,2022532,0.010989011265337467
1606412992.327752,2027293,0.04502369835972786
1606413024.3782213,2030122,0.08174386620521545
1606413046.057462,2032048,0.08517350256443024
1606413059.2825284,2033271,0.047887325286865234
1606413062.0663135,2033517,0.08943089097738266
1606413172.0914247,2044130,0.06223176047205925
1606413232.5950027,2049706,0.03475513309240341
1606413320.33925,2057877,0.055091820657253265
1606413334.4125926,2059186,0.040380045771598816
1606413353.6055841,2060940,0.09863429516553879
1606413420.332471,2067257,0.012345679104328156
1606413456.0785384,2070673,0.0742778554558754
1606413504.4039237,2075521,0.1617647111415863
1606413509.8389373,2076050,0.03591682389378548
1606413520.2902918,2077020,0.0416666679084301
1606413534.5491755,2078381,0.0396825410425663
1606413538.6496415,2078760,0.01583113521337509
1606413626.7578049,2086963,0.013793103396892548
1606413676.2836626,2091765,0.04736842215061188
1606413868.2802033,2101288,0.17100000381469727
1606413922.587812,2106488,0.0684104636311531
1606413951.6455462,2109221,0.0782608687877655
1606413972.5682738,2111262,0.17299999296665192
1606413976.8090403,2111615,0.01133144460618496
1606414009.9566865,2114664,0.029702970758080482
1606414080.0852764,2121271,0.06499999761581421
1606414088.8741748,2122037,0.006557377055287361
1606414091.9581516,2122316,0.032258063554763794
1606414102.030849,2123316,0.07000000029802322
1606414150.2296863,2128030,0.08100000023841858
1606414185.3291337,2131433,0.008695651777088642
1606414270.2285125,2139221,0.06794682145118713
1606414365.690894,2147945,0.03404255211353302
1606414402.980828,2151358,0.008474576286971569
1606414437.8266845,2154455,0.12300000339746475
1606414442.8569248,2154902,0.06487695872783661
1606414485.2065191,2159123,0.18799999356269836
1606414540.6453085,2164423,0.07042253762483597
1606414557.717743,2165988,0.021052632480859756
1606414568.368531,2166954,0.008771929889917374
1606414604.454066,2170124,0.05174825340509415
1606414607.1555598,2170380,0.015625
1606414619.5207787,2171519,0.09514170140028
1606414649.558892,2174211,0.09465479105710983
1606414775.750842,2186481,0.052338529378175735
1606414809.3717036,2189891,0.06199999898672104
1606414839.855654,2192800,0.05299999937415123
1606414862.865852,2194961,0.0181818176060915
1606414895.1936674,2198149,0.14900000393390656
1606414911.3892398,2199622,0.04991680383682251
1606415036.8817647,2207716,0.010917030274868011
1606415098.2388964,2213126,0.017077798023819923
1606415109.0936503,2214180,0.00671140942722559
1606415113.9374506,2214666,0.004115226212888956
1606415192.0960896,2222031,0.01592356711626053
1606415207.4083142,2223481,0.053935859352350235
1606415213.06325,2223983,0.017928287386894226
1606415224.3108897,2224988,0.022018348798155785
1606415237.1097395,2226162,0.010152284055948257
1606415241.093306,2226557,0.010126582346856594
1606415262.5064464,2228615,0.036764707416296005
1606415266.1696515,2228977,0.0027624310459941626
1606415331.627886,2234965,0.06155950576066971
1606415360.8009646,2237714,0.23469388484954834
1606415384.3332822,2240022,0.01952277682721615
1606415507.270436,2251334,0.002801120514050126
1606415572.974928,2257531,0.06499999761581421
1606415601.4757466,2260203,0.06578947603702545
1606415630.2030864,2262859,0.008310249075293541
1606415640.9733646,2263696,0.022284122183918953
1606415644.9803689,2264057,0.01939058117568493
1606415697.463605,2268911,0.0
1606415704.2396464,2269557,0.012383900582790375
1606415768.666994,2275560,0.01858736015856266
1606415784.8340285,2277120,0.013513513840734959
1606415864.4831727,2284911,0.024566473439335823
1606415873.7884564,2285911,0.10000000149011612
1606415881.848156,2286729,0.0072115384973585606
1606415885.8289428,2287140,0.004866180010139942
1606415939.4627073,2292491,0.08799999952316284
1606415982.3985116,2296792,0.006932409014552832
1606416002.9047093,2298838,0.008565310388803482
1606416021.995057,2300726,0.0
1606416062.6303363,2304726,0.06417112052440643
1606416158.3991714,2307548,0.10733695328235626
1606416164.5001323,2308156,0.009740259498357773
1606416173.0935187,2309009,0.018083183094859123
1606416230.62643,2315001,0.019999999552965164
1606416260.4731462,2317953,0.0051282052882015705
1606416271.5877008,2319009,0.023346303030848503
1606416321.5074148,2323951,0.0
1606416328.4129405,2324683,0.06693989038467407
1606416341.2240696,2326046,0.04303278774023056
1606416374.5759296,2329450,0.0
1606416441.8428242,2336406,0.0
1606416472.5315442,2339614,0.0
1606416539.9774215,2346341,0.04668304696679115
1606416583.5304651,2350860,0.018292682245373726
1606416592.3853853,2351791,0.004672897048294544
1606416598.5430508,2352356,0.00374531839042902
1606416607.8362334,2353356,0.20000000298023224
1606416621.7846406,2354768,0.007952285930514336
1606416661.64905,2358885,0.007920792326331139
1606416696.0772648,2362329,0.2199999988079071
1606416715.2825758,2364201,0.008810572326183319
1606416729.915714,2365604,0.0651872381567955
1606416739.8411014,2366582,0.005181347019970417
1606416798.1902556,2372301,0.033576641231775284
1606416815.8702583,2374000,0.02301255241036415
1606416872.0027666,2379499,0.052000001072883606
1606416890.3122408,2381224,0.002610966097563505
1606416904.6012123,2382563,0.05339805781841278
1606416931.6534405,2385127,0.0077821011655032635
1606416935.810744,2385491,0.002747252816334367
1606416963.0418487,2387855,0.004926108289510012
1606417013.4502,2392365,0.030560271814465523
1606417055.262538,2396371,0.07110438495874405
1606417070.1613932,2397791,0.024475524201989174
1606417086.9152277,2399409,0.06957928836345673
1606417097.6623049,2400409,0.057999998331069946
1606417151.8227587,2404877,0.011876484379172325
1606417162.551592,2405877,0.20499999821186066
1606417171.8736377,2406695,0.045232273638248444
1606417212.8898425,2410373,0.004524887073785067
1606417340.9878428,2416464,0.0
1606417362.8912978,2418626,0.0
1606417419.6960695,2424164,0.0560000017285347
1606417436.574407,2425868,0.019886363297700882
1606417492.9221067,2431110,0.06357758492231369
1606417504.5339394,2432103,0.0
1606417596.2943592,2440898,0.010067113675177097
1606417659.9576545,2446977,0.003448275849223137
1606417669.1925898,2447833,0.01077199261635542
1606417700.0472817,2450727,0.03765690326690674
1606417714.1516418,2452081,0.2446657121181488
1606417767.9879372,2457127,0.04654255136847496
1606417785.0145984,2458508,0.0023980815894901752
1606417801.9428709,2459973,0.017204301431775093
