Wall time,Step,Value
1606391444.8625565,3031,0.14386460185050964
1606391513.0073037,10841,0.14224137365818024
1606391546.5092921,14806,0.1599999964237213
1606391626.8133352,24225,0.13942307233810425
1606391637.1914651,25461,0.15592515468597412
1606391649.031074,26869,0.1350114345550537
1606391691.0543969,31911,0.1356898546218872
1606391705.7512896,33682,0.14072494208812714
1606391773.8684871,41838,0.11702127754688263
1606391780.2536623,42599,0.14965985715389252
1606391909.2327504,56840,0.06400000303983688
1606391942.982338,60298,0.06448087096214294
1606391969.177272,62856,0.0385756678879261
1606391978.8349051,63856,0.03799999877810478
1606392011.0171125,67115,0.0381355918943882
1606392085.9909263,74752,0.0820000022649765
1606392151.5153491,81257,0.0476190485060215
1606392224.642352,88741,0.0590277761220932
1606392253.4330368,91611,0.03999999910593033
1606392271.022601,93296,0.03400000184774399
1606392316.783903,97893,0.078125
1606392326.6443827,98893,0.052000001072883606
1606392379.384393,104102,0.062972292304039
1606392405.7276008,106763,0.09600000083446503
1606392419.5921786,108186,0.02600472792983055
1606392425.1920648,108722,0.007462686393409967
1606392452.3952615,111403,0.04018912464380264
1606392504.1979322,116677,0.010101010091602802
1606392571.077531,122377,0.02500000037252903
1606392574.043422,122676,0.03010033443570137
1606392611.6387126,126481,0.03200000151991844
1606392668.3864582,132231,0.07122506946325302
1606392712.5780532,136657,0.03946002200245857
1606392732.8530788,138729,0.07575757801532745
1606392837.5022392,149198,0.05400000140070915
1606392882.7432163,153727,0.05900000035762787
1606392909.4067512,156342,0.05263157933950424
1606392948.514471,160284,0.040904197841882706
1606392979.687863,163411,0.03700000047683716
1606393000.0956016,165411,0.04699999839067459
1606393118.6559067,177273,0.13412563502788544
1606393145.1125484,179950,0.07500000298023224
1606393154.959195,180950,0.052000001072883606
1606393183.1560352,183739,0.04245283082127571
1606393222.3315868,187667,0.0430000014603138
1606393241.9257696,189667,0.04800000041723251
1606393291.1170099,194603,0.052000001072883606
1606393300.9167662,195603,0.03999999910593033
1606393389.741515,204490,0.04399999976158142
1606393454.5977643,210947,0.051330797374248505
1606393506.3150835,216127,0.03581267222762108
1606393632.2857149,228787,0.052000001072883606
1606393665.5341506,232163,0.050999999046325684
1606393738.518484,239379,0.04719763994216919
1606394055.12548,269140,0.06800000369548798
1606394065.051918,270140,0.03999999910593033
1606394124.5716403,275916,0.035999998450279236
1606394205.112588,282912,0.06489361822605133
1606394227.1896956,284798,0.07336343079805374
1606394229.3054597,284985,0.03743315488100052
1606394247.055249,286406,0.032999999821186066
1606394301.0156279,291124,0.0470588244497776
1606394372.6009011,297503,0.04656319320201874
1606394403.406732,300307,0.06965173780918121
1606394404.982975,300455,0.04054053872823715
1606394488.5825012,307830,0.03550295904278755
1606394594.8306513,317206,0.04600000008940697
1606394609.4875474,318485,0.032258063554763794
1606394736.2184672,329676,0.07000000029802322
1606394751.5287354,330978,0.05960264801979065
1606394769.9211297,332606,0.0625
1606394830.5936043,338002,0.027000000700354576
1606394871.443698,341586,0.21851852536201477
1606394894.3938215,343586,0.0560000017285347
1606394919.7793531,345801,0.0651162788271904
1606394956.9610045,349099,0.050999999046325684
1606395001.7410245,353023,0.03099999949336052
1606395077.1916888,359516,0.033898305147886276
1606395133.4867065,364431,0.03440094739198685
1606395184.0886955,368751,0.04699999839067459
1606395205.4552152,370584,0.0560000017285347
1606395252.8128016,374631,0.23399999737739563
1606395266.579037,375806,0.5789999961853027
1606395299.3506148,378621,0.04100000113248825
1606395310.790663,379597,0.039351850748062134
1606395322.4343145,380597,0.09399999678134918
1606395368.0015113,384683,0.05000000074505806
1606395379.6741776,385683,0.04800000041723251
1606395556.2965941,393547,0.07100000232458115
1606395627.1309018,399685,0.06800000369548798
1606395665.4674082,402925,0.04532967135310173
1606395707.8438525,406742,0.03700000047683716
1606395720.130947,407848,0.03700000047683716
1606395810.7582457,415740,0.03200000151991844
1606395864.984891,420574,0.05400000140070915
1606395876.7100441,421574,0.03799999877810478
1606395889.873384,422699,0.06400000303983688
1606395916.0947216,424952,0.06800000369548798
1606395928.5243556,426018,0.13636364042758942
1606396036.0182993,435309,0.0317460335791111
1606396062.6268783,437687,0.042328041046857834
1606396097.0194464,440801,0.0689999982714653
1606396126.0184617,443362,0.09269162267446518
1606396160.9497087,446362,0.08500000089406967
1606396200.7098753,449847,0.054999999701976776
1606396211.9472394,450847,0.027000000700354576
1606396253.0842795,454518,0.03200000151991844
1606396298.6876447,458442,0.0860000029206276
1606396473.7003267,473666,0.026000000536441803
1606396537.4014356,479143,0.014999999664723873
1606396582.6048512,483020,0.03762827813625336
1606396609.7967281,485424,0.059183672070503235
1606396620.8727245,486424,0.05299999937415123
1606396676.784899,491370,0.026000000536441803
1606396735.2619138,496491,0.15903614461421967
1606396765.1737883,499075,0.10691823810338974
1606396786.2411227,500889,0.09401709586381912
1606396830.5464725,504889,0.02800000086426735
1606396835.0156243,505282,0.055979643017053604
1606396873.3159726,508720,0.13013698160648346
1606396920.5466545,512924,0.0958268940448761
1606396934.9758034,514345,0.1269841343164444
1606396936.2979727,514479,0.05970149114727974
1606396945.24141,515356,0.08437856286764145
1606396957.870304,516554,0.05432937294244766
1606396968.4536023,517554,0.03700000047683716
1606397007.9633827,521456,0.017699114978313446
1606397045.7838898,525183,0.06052269786596298
1606397055.6662211,526183,0.054999999701976776
1606397067.2926302,527366,0.032786883413791656
1606397091.4690418,529739,0.028282828629016876
1606397093.8110735,529958,0.04566210135817528
1606397095.7233846,530134,0.07954545319080353
1606397119.2959282,532433,0.10526315867900848
1606397219.3017943,534926,0.15600000321865082
1606397248.4599013,537880,0.34246575832366943
1606397251.0824106,538136,0.31640625
1606397260.6694088,539136,0.2980000078678131
1606397357.3816605,548950,0.15158924460411072
1606397387.7233157,551976,0.038323353976011276
1606397400.0858119,553211,0.11914893984794617
1606397438.4546523,557043,0.039000000804662704
1606397542.388073,567428,0.1649484485387802
1606397546.7570493,567883,0.10975609719753265
1606397561.355066,569394,0.17607973515987396
1606397565.557223,569800,0.13567839562892914
1606397585.3527007,571892,0.17499999701976776
1606397592.776763,572613,0.11009174585342407
1606397626.8761923,576025,0.11016949266195297
1606397647.197115,578058,0.12396693974733353
1606397667.9460657,580156,0.029702970758080482
1606397681.43481,581494,0.0
1606397695.7245243,582935,0.04881450533866882
1606397723.1724172,585645,0.10465116053819656
1606397727.491706,586083,0.0441988967359066
1606397737.9709892,587171,0.0642673522233963
1606397766.3218665,590165,0.052000001072883606
1606397799.7081742,593522,0.06101695075631142
1606397802.8944411,593831,0.11326860636472702
1606397807.9819171,594329,0.08139535039663315
1606397841.3309512,597634,0.06060606241226196
1606397850.6727881,598548,0.1184210553765297
1606397881.5364728,601653,0.10935252159833908
1606397892.2809992,602717,0.1230769231915474
1606397902.3184028,603714,0.1324717253446579
1606397904.3391232,603912,0.12121212482452393
1606397928.7892146,606376,0.04605263099074364
1606397930.2082615,606507,0.23664122819900513
1606397949.737535,608519,0.20055709779262543
1606397955.5279768,609115,0.1139240488409996
1606397958.1583292,609391,0.14130434393882751
1606397975.0392191,611090,0.22875817120075226
1606397976.906873,611265,0.21714285016059875
1606397987.3626218,612291,0.17977528274059296
1606397988.3807619,612386,0.15789473056793213
1606398032.3433986,616843,0.1837899535894394
1606398077.851872,618164,0.08648648858070374
1606398086.8884833,618731,0.1875
1606398090.0796766,619043,0.2142857164144516
1606398098.3278787,619842,0.1852315366268158
1606398136.9582155,623831,0.12107623368501663
1606398145.636702,624713,0.29381442070007324
1606398181.7416708,628454,0.14942528307437897
1606398186.8978763,628968,0.15441176295280457
1606398226.0502415,632891,0.05590062215924263
1606398246.4728174,634938,0.1649269312620163
1606398285.8234155,638963,0.3109999895095825
1606398313.0525641,641873,0.2445652186870575
1606398319.5686085,642501,0.21710526943206787
1606398324.5014863,642999,0.21021020412445068
1606398334.2545233,644014,0.22727273404598236
1606398341.264024,644728,0.1818181872367859
1606398350.81627,645677,0.08036890625953674
1606398366.9297535,647214,0.23456789553165436
1606398367.534966,647280,0.1818181872367859
1606398402.041673,650664,0.0607476644217968
1606398415.476835,651981,0.1515151560306549
1606398431.394806,653533,0.20212766528129578
1606398434.320914,653817,0.1232394352555275
1606398460.6612165,656476,0.09099999815225601
1606398468.9745884,657266,0.2054794579744339
1606398507.4303486,661089,0.15060241520404816
1606398513.4481664,661691,0.14705882966518402
1606398551.2569044,665508,0.21484375
1606398552.063773,665599,0.17582418024539948
1606398556.7175288,666055,0.23943662643432617
1606398557.5906446,666136,0.3086419701576233
1606398558.32289,666202,0.09090909361839294
1606398607.713898,671175,0.08214285969734192
1606398646.6252007,675101,0.20952381193637848
1606398647.211736,675167,0.19696970283985138
1606398657.1161306,676141,0.09633027762174606
1606398674.9186614,676713,0.18444444239139557
1606398694.145217,678700,0.14705882966518402
1606398743.9162526,683629,0.12121212482452393
1606398753.8926177,684624,0.12231030315160751
1606398782.9419897,687508,0.27619048953056335
1606398808.997252,690124,0.19121813774108887
1606398833.2066834,692566,0.12049689143896103
1606398839.5742972,693180,0.13432836532592773
1606398874.0151074,696622,0.22727273404598236
1606398900.937284,699322,0.08633093535900116
1606398928.8510234,702148,0.30630630254745483
1606398949.5787177,704234,0.23397913575172424
1606398961.6552997,705397,0.22297297418117523
1606398990.8322678,708314,0.1621621549129486
1606399005.6397042,709822,0.06417112052440643
1606399015.1664183,710822,0.09399999678134918
1606399017.2852972,711020,0.22727273404598236
1606399037.8964891,713062,0.27642276883125305
1606399051.5775273,714475,0.22891566157341003
1606399062.343861,715614,0.19696970283985138
1606399068.6276343,716251,0.1689189225435257
1606399069.7519295,716360,0.2752293646335602
1606399140.0341926,723628,0.145454540848732
1606399185.0650203,728118,0.15819208323955536
1606399226.7177796,732382,0.20895522832870483
1606399234.6752448,733211,0.12883435189723969
1606399238.5185041,733622,0.15571776032447815
1606399248.215747,734688,0.10899999737739563
1606399249.0475426,734766,0.3205128312110901
1606399409.499237,741363,0.2222222238779068
1606399414.0140765,741800,0.10606060922145844
1606399418.1284428,742206,0.19607843458652496
1606399422.3531344,742623,0.06060606241226196
1606399425.8701584,742986,0.1666666716337204
1606399432.6441998,743664,0.1428571492433548
1606399443.9133725,744826,0.10615710914134979
1606399454.1260777,745873,0.15923567116260529
1606399519.9177048,752567,0.2131979763507843
1606399523.8440316,752930,0.03581267222762108
1606399554.4237564,756043,0.10309278219938278
1606399574.7850482,758095,0.13553114235401154
1606399575.7359657,758184,0.2584269642829895
1606399582.0473328,758823,0.10897435992956161
1606399583.3675086,758955,0.1515151560306549
1606399585.2832165,759146,0.06806282699108124
1606399596.6967146,760297,0.11278195679187775
1606399613.158959,761956,0.10468749701976776
1606399654.9399364,766286,0.06878306716680527
1606399655.7202678,766353,0.13432836532592773
1606399668.060925,767604,0.09627329558134079
1606399721.0497375,773020,0.23453237116336823
1606399723.5528824,773282,0.14122137427330017
1606399725.6842334,773490,0.13709677755832672
1606399737.5690508,774661,0.19696970283985138
1606399749.6022356,775875,0.22727273404598236
1606399755.5637093,776491,0.14123377203941345
1606399772.9415255,778288,0.12765957415103912
1606399777.6145697,778721,0.18965516984462738
1606399782.6542175,779214,0.2081911265850067
1606399790.3862367,779989,0.2049180269241333
1606399813.562776,782283,0.1515151560306549
1606399908.4201407,785051,0.10810811072587967
1606399909.1512053,785117,0.24242424964904785
1606399914.3791294,785640,0.17283950746059418
1606399933.6061523,787614,0.15730337798595428
1606399955.820843,789797,0.11926605552434921
1606399956.600268,789863,0.10606060922145844
1606399971.4721699,791372,0.15479876101016998
1606399977.8764956,792000,0.22727273404598236
1606399984.155576,792651,0.24242424964904785
1606399986.3284004,792869,0.15789473056793213
1606399992.4378612,793470,0.13829787075519562
1606400004.6893117,794705,0.1746031790971756
1606400012.9434834,795572,0.1190476194024086
1606400035.8800182,797970,0.15000000596046448
1606400059.2636516,800306,0.15923567116260529
1606400062.5553591,800608,0.10606060922145844
1606400068.4703138,801245,0.22727273404598236
1606400076.3644574,802032,0.19696970283985138
1606400104.3646832,804959,0.1587301641702652
1606400117.3911145,806379,0.12444444745779037
1606400118.1263452,806445,0.1515151560306549
1606400119.1780589,806547,0.1764705926179886
1606400121.9003577,806801,0.1120000034570694
1606400127.6854846,807370,0.12121212482452393
1606400144.154777,809022,0.131386861205101
1606400183.568326,813243,0.1666666716337204
1606400214.1721823,816361,0.11313868314027786
1606400230.261361,818076,0.08862433582544327
1606400240.2808123,819096,0.15754923224449158
1606400245.4308596,819596,0.2068965584039688
1606400258.4366014,820926,0.1552419364452362
1606400270.8114164,822212,0.09600000083446503
1606400271.3969269,822279,0.13432836532592773
1606400273.709023,822505,0.12389380484819412
1606400286.0991986,823840,0.184523805975914
1606400311.6214318,826404,0.1834862381219864
1606400325.8981178,827860,0.19696970283985138
1606400337.078814,828974,0.173758864402771
1606400351.1292913,830364,0.26865673065185547
1606400353.3226967,830585,0.1945701390504837
1606400370.7554245,832364,0.1488095223903656
1606400389.3640113,833163,0.1318681389093399
1606400420.8104224,836406,0.2017543911933899
1606400430.9279027,837370,0.2142857164144516
1606400433.5063844,837616,0.24242424964904785
1606400438.1153164,838057,0.1515151560306549
1606400471.7849886,841516,0.10100000351667404
1606400472.6947773,841600,0.2261904776096344
1606400477.0837328,842033,0.23880596458911896
1606400490.709082,843442,0.12322274595499039
1606400494.826124,843825,0.19480518996715546
1606400536.4575675,847913,0.09459459781646729
1606400550.2571359,849319,0.2238806039094925
1606400564.3748052,850656,0.13636364042758942
1606400567.0033138,850868,0.15566037595272064
1606400568.6063554,851013,0.19310344755649567
1606400635.395113,857544,0.12121212482452393
1606400644.1997888,858364,0.14720812439918518
1606400664.4870207,860357,0.25757575035095215
1606400681.5014052,862127,0.20895522832870483
1606400691.1265712,863128,0.15677966177463531
1606400696.103546,863632,0.16273584961891174
1606400698.341165,863849,0.13636364042758942
1606400724.8351896,866409,0.16622690856456757
1606400727.9695742,866627,0.13636364042758942
1606400746.3307698,867693,0.17599999904632568
1606400753.6024482,868008,0.09090909361839294
1606400758.8379169,868276,0.2888889014720917
1606400763.594346,868484,0.21212121844291687
1606400786.0066051,870041,0.18000000715255737
1606400787.6277297,870194,0.18390804529190063
1606400810.0271962,872268,0.20000000298023224
1606400810.8879669,872336,0.22058823704719543
1606400812.3397315,872460,0.14516128599643707
1606400838.0664186,874682,0.1818181872367859
1606400873.7595978,875215,0.1515151560306549
1606400878.2983668,875640,0.25161290168762207
1606400890.4538372,876778,0.13875597715377808
1606400900.984614,877803,0.3164556920528412
1606400909.171911,878624,0.26171875
1606400912.016314,878894,0.1785714328289032
1606400931.9579062,880774,0.25773194432258606
1606400935.4312236,881079,0.12552301585674286
1606400948.245148,882211,0.22100000083446503
1606400955.416305,882822,0.2588726580142975
1606400965.734877,883849,0.2247191071510315
1606400968.1517358,884060,0.21212121844291687
1606400975.8224535,884787,0.260869562625885
1606401025.643661,889452,0.18421052396297455
1606401071.7405257,894117,0.1764705926179886
1606401081.8157675,895117,0.2460000067949295
1606401089.8321197,895902,0.23662884533405304
1606401091.3800478,896049,0.21088434755802155
1606401097.769904,896634,0.2067510485649109
1606401100.8175738,896912,0.2278480976819992
1606401114.668671,898226,0.10555555671453476
1606401117.9118912,898511,0.09090909361839294
1606401124.1056285,899077,0.19696970283985138
1606401127.528918,899393,0.1818181872367859
1606401142.3206413,900761,0.1780821979045868
1606401158.9722998,902347,0.2525773048400879
1606401164.3164206,902832,0.15231788158416748
1606401178.6826494,904371,0.17391304671764374
1606401191.5334852,905770,0.18700000643730164
1606401192.285736,905836,0.10606060922145844
1606401236.4800897,910322,0.19696970283985138
1606401239.8847694,910633,0.15000000596046448
1606401246.7500803,911271,0.1592920422554016
1606401248.4902706,911424,0.16993464529514313
1606401265.7907197,913185,0.19699999690055847
1606401267.3914604,913317,0.1666666716337204
1606401274.9522023,914027,0.27397260069847107
1606401293.9327624,915880,0.27272728085517883
1606401295.4958708,916011,0.13740457594394684
1606401300.416411,916484,0.22727273404598236
1606401302.6301181,916695,0.2132352888584137
1606401304.4427927,916867,0.17910447716712952
1606401312.538619,917692,0.1391509473323822
1606401340.2881458,920517,0.16842105984687805
1606401343.9591162,920882,0.1794871836900711
1606401346.7156284,921130,0.07575757801532745
1606401348.1013408,921268,0.21014492213726044
1606401354.3059535,921832,0.12921348214149475
1606401372.4651432,923728,0.161122664809227
1606401395.45193,925069,0.24930748343467712
1606401401.662423,925630,0.05970149114727974
1606401445.173227,929844,0.16129031777381897
1606401459.3037193,931209,0.1377672255039215
1606401461.7408829,931427,0.1666666716337204
1606401484.3909254,933626,0.19402985274791718
1606401486.3516593,933801,0.11428571492433548
1606401498.9661877,935061,0.1538461595773697
1606401503.1338723,935410,0.2177419364452362
1606401504.156192,935502,0.20652173459529877
1606401505.5703294,935634,0.10606060922145844
1606401507.9134471,935831,0.13432836532592773
1606401508.577915,935897,0.12121212482452393
1606401520.5576582,937008,0.18309858441352844
1606401527.5007818,937669,0.15581394731998444
1606401547.3938591,939753,0.1489361673593521
1606401586.1476836,943322,0.08695652335882187
1606401611.279925,945832,0.13228699564933777
1606401625.1858108,947157,0.1619718372821808
1606401639.2193716,948430,0.15364238619804382
1606401642.9219468,948753,0.21212121844291687
1606401648.0726452,949246,0.16733068227767944
1606401648.8614573,949313,0.1492537260055542
1606401650.480474,949482,0.20710058510303497
1606401693.4994018,953717,0.11520737409591675
1606401695.7947762,953930,0.16431924700737
1606401697.0371444,954043,0.1150442510843277
1606401700.7183273,954374,0.12075471878051758
1606401720.0540583,956118,0.1666666716337204
1606401724.9750423,956590,0.13983051478862762
1606401734.5853548,957569,0.1533406376838684
1606401744.0826337,958438,0.28378379344940186
1606401771.0803623,961098,0.18577075004577637
1606401810.9299066,964862,0.21212121844291687
1606401850.1113863,968665,0.10569106042385101
1606401853.106103,968934,0.12121212482452393
1606401854.5401425,969077,0.2377622425556183
1606401857.2065642,969315,0.13924050331115723
1606401906.6785567,970882,0.11357340961694717
1606401912.956117,971081,0.2450980395078659
1606401924.4837973,972111,0.21212121844291687
1606401946.2542882,974166,0.15492957830429077
1606401955.5530891,975013,0.05970149114727974
1606401956.938998,975147,0.17164179682731628
1606401994.5368512,978964,0.1111111119389534
1606402018.2694764,981178,0.1818181872367859
1606402033.1210642,982534,0.10655737668275833
1606402033.9991593,982609,0.1733333319425583
1606402038.2913873,983019,0.1492537260055542
1606402041.737877,983338,0.1538461595773697
1606402053.4202266,984454,0.11336032301187515
1606402110.7284834,989975,0.17520661652088165
1606402111.5833762,990041,0.10606060922145844
1606402133.862679,992068,0.18421052396297455
1606402136.8763013,992331,0.16243654489517212
1606402142.8151176,992873,0.1985294073820114
1606402152.5776744,993873,0.16599999368190765
1606402189.9345489,997503,0.21212121844291687
1606402195.5616188,998057,0.19653178751468658
1606402211.059026,999564,0.1818181872367859
1606402225.9555175,1001014,0.2916666567325592
1606402242.176949,1002598,0.14554794132709503
1606402252.162614,1003568,0.11764705926179886
1606402261.0674996,1004372,0.16861826181411743
1606402288.3497367,1006942,0.21212121844291687
1606402302.3630936,1008352,0.28200000524520874
1606402313.6254427,1009529,0.13235294818878174
1606402321.873955,1010401,0.13907285034656525
1606402337.1495094,1011964,0.14965985715389252
1606402354.9115012,1013668,0.22403258085250854
1606402364.1465516,1014668,0.19099999964237213
1606402386.3863313,1016893,0.2054794579744339
1606402387.9741325,1017025,0.1515151560306549
1606402406.4758103,1018795,0.22829581797122955
1606402407.9075065,1018903,0.15740740299224854
1606402409.2762737,1019036,0.2255639135837555
1606402424.3506377,1020345,0.2647058963775635
1606402494.9573052,1021234,0.18644067645072937
1606402514.835534,1022508,0.20408163964748383
1606402520.5245981,1023057,0.2295081913471222
1606402564.1964734,1027314,0.1666666716337204
1606402573.0740619,1028199,0.1465517282485962
1606402583.3896234,1029176,0.2292490154504776
1606402584.1795886,1029242,0.07575757801532745
1606402602.674304,1030948,0.16352201998233795
1606402623.424604,1032921,0.271276593208313
1606402634.3066716,1033969,0.1526104360818863
1606402657.5173643,1036295,0.2409999966621399
1606402716.0480638,1041905,0.09090909361839294
1606402731.84516,1043524,0.2980000078678131
1606402734.3062794,1043760,0.20895522832870483
1606402741.110585,1044378,0.23602484166622162
1606402755.6291444,1045656,0.0714285746216774
1606402779.9894032,1047962,0.13592232763767242
1606402790.986181,1049074,0.0833333358168602
1606402805.5407386,1050501,0.22762431204319
1606402862.6678598,1056059,0.16687577962875366
1606402900.5896258,1059564,0.13636364042758942
1606402908.7405014,1060418,0.14988289773464203
1606402920.7755315,1061624,0.18840579688549042
1606402937.6087744,1063258,0.23308271169662476
1606402961.7993944,1065493,0.23708206415176392
1606402968.9050653,1066201,0.21327683329582214
1606402969.6249943,1066278,0.19480518996715546
1606402971.7195008,1066479,0.2238806039094925
1606402976.2700005,1066922,0.28893905878067017
1606402995.379136,1068737,0.26582279801368713
1606403048.5364058,1073887,0.16417910158634186
1606403049.3103042,1073955,0.10294117778539658
1606403050.0672405,1074021,0.3333333432674408
1606403079.9196138,1077052,0.1818181872367859
1606403198.4664526,1082630,0.14444445073604584
1606403200.9617746,1082867,0.13907285034656525
1606403225.456624,1085158,0.18705035746097565
1606403234.8716607,1086158,0.20000000298023224
1606403240.2105916,1086649,0.13432836532592773
1606403243.2464614,1086923,0.1515151560306549
1606403244.4056203,1087026,0.1650485396385193
1606403256.0739179,1088108,0.31707316637039185
1606403296.0381236,1091913,0.18421052396297455
1606403310.5157216,1093308,0.22641509771347046
1606403315.5460923,1093780,0.13513512909412384
1606403322.9646554,1094435,0.2750000059604645
1606403349.497327,1096937,0.20512820780277252
1606403350.3304763,1097013,0.2763157784938812
1606403373.2786143,1099216,0.21153846383094788
1606403376.0080569,1099495,0.2150537669658661
1606403399.6704562,1101649,0.25
1606403418.1757057,1103591,0.1180555522441864
1606403426.1385438,1104310,0.2068965584039688
1606403429.3571935,1104618,0.23553718626499176
1606403438.8614569,1105586,0.12879884243011475
1606403496.5650167,1111123,0.16873449087142944
1606403502.074306,1111644,0.1729559749364853
1606403504.1363688,1111841,0.1878172606229782
1606403506.4699113,1112070,0.1572052389383316
1606403549.893545,1116379,0.23076923191547394
1606403582.8361106,1119477,0.26900583505630493
1606403599.2267823,1121013,0.1912650614976883
1606403635.6773708,1124451,0.21405750513076782
1606403649.1841693,1125735,0.21739129722118378
1606403652.2234886,1126024,0.193771630525589
1606403655.9628432,1126376,0.1818181872367859
1606403715.930172,1132136,0.1549549549818039
1606403731.8815906,1133607,0.11299999803304672
1606403752.907379,1134992,0.20143884420394897
1606403764.6791992,1136177,0.13513512909412384
1606403766.47089,1136325,0.11764705926179886
1606403773.3484182,1136934,0.1879194676876068
1606403775.612057,1137131,0.1111111119389534
1606403796.088224,1139139,0.2029999941587448
1606403801.3745701,1139626,0.2792607843875885
1606403816.087312,1141030,0.25
1606403822.7030427,1141662,0.1547619104385376
1606403827.0039341,1142078,0.17543859779834747
1606403841.0648663,1143486,0.2065727710723877
1606403868.1827753,1146109,0.22727273404598236
1606403870.9764612,1146374,0.14782609045505524
1606403871.7682016,1146441,0.2537313401699066
1606403881.8592892,1147441,0.19099999964237213
1606403926.4725623,1151951,0.24063564836978912
1606403976.4801364,1156680,0.15345700085163116
1606403988.2214181,1157841,0.14800000190734863
1606403992.9812126,1158286,0.2133333384990692
1606404006.1809838,1159602,0.23417721688747406
1606404022.2977705,1161021,0.19310344755649567
1606404044.837488,1163264,0.18299999833106995
1606404090.7070174,1167668,0.14977973699569702
1606404098.1807148,1168314,0.1945945918560028
1606404157.2588093,1173968,0.1666666716337204
1606404200.508676,1178052,0.21935483813285828
1606404202.7400753,1178267,0.18139535188674927
1606404219.4029145,1179806,0.2062256783246994
1606404225.8835797,1180472,0.28378379344940186
1606404229.0170443,1180734,0.19897958636283875
1606404236.8579466,1181505,0.16760829091072083
1606404252.720838,1183066,0.16766467690467834
1606404277.5991457,1185381,0.23199999332427979
1606404292.6808872,1186690,0.25600001215934753
1606404349.2053149,1191706,0.13699999451637268
1606404383.0559697,1194594,0.173728808760643
1606404408.9204247,1197176,0.16388888657093048
1606404410.5420263,1197312,0.2132352888584137
1606404446.4142032,1199880,0.23563218116760254
1606404451.4306128,1200330,0.1570248007774353
1606404550.5585563,1209706,0.22715404629707336
1606404553.9179153,1210002,0.16546761989593506
1606404577.2950742,1212143,0.1508120596408844
1606404582.8934412,1212638,0.23529411852359772
1606404585.028138,1212824,0.2150537669658661
1606404590.3988342,1213333,0.22625698149204254
1606404591.3146122,1213412,0.29113924503326416
1606404626.7331717,1216911,0.34117648005485535
1606404664.0619435,1220476,0.16245487332344055
1606404680.220027,1222112,0.23188406229019165
1606404704.0805714,1224473,0.2537313401699066
1606404706.228045,1224644,0.25609755516052246
1606404713.8402276,1225388,0.20461538434028625
1606404747.2356098,1228597,0.21064814925193787
1606404792.8959723,1232822,0.17285382747650146
1606404799.448527,1233401,0.2222222238779068
1606404809.2520087,1234239,0.25
1606404830.7182598,1236123,0.25
1606404852.1893027,1238157,0.19117647409439087
1606404853.1657531,1238234,0.19480518996715546
1606404866.0052133,1239405,0.1818181872367859
1606404884.464261,1241052,0.24817518889904022
1606404924.672558,1244864,0.1953125
1606404970.487255,1249147,0.1599999964237213
1606404977.3370607,1249757,0.2525252401828766
1606404993.9822052,1251290,0.23999999463558197
1606405038.3703313,1255434,0.22604422271251678
1606405042.751828,1255840,0.17209301888942719
1606405062.0146651,1257840,0.22599999606609344
1606405067.8336291,1258400,0.14473684132099152
1606405085.7295284,1260217,0.3835616409778595
1606405172.6098812,1265840,0.21978022158145905
1606405196.4024942,1268314,0.172231987118721
1606405251.5087419,1273689,0.20224718749523163
1606405267.265673,1275187,0.2549889087677002
1606405289.2582917,1277403,0.2083333283662796
1606405311.749641,1279614,0.1120000034570694
1606405329.85283,1281355,0.19811320304870605
1606405344.0160053,1282716,0.16960352659225464
1606405357.9681597,1284179,0.18358531594276428
1606405372.1119215,1285575,0.22719141840934753
1606405378.578311,1286204,0.22575516998767853
1606405405.6429787,1288967,0.2587548494338989
1606405436.9295824,1292107,0.14399999380111694
1606405461.8027067,1294604,0.21468926966190338
1606405467.8072793,1295189,0.20454545319080353
1606405495.0112545,1297864,0.17972350120544434
1606405525.9924734,1300911,0.3529411852359772
1606405537.7307198,1302140,0.2445414811372757
1606405590.6114647,1307549,0.1979999989271164
1606405594.0690417,1307873,0.16842105984687805
1606405596.8253493,1308114,0.26811593770980835
1606405617.276735,1310123,0.21844659745693207
1606405683.7977378,1316907,0.1666666716337204
1606405685.2669868,1317051,0.4545454680919647
1606405699.4439733,1318423,0.3509933650493622
1606405713.9873595,1319848,0.24060150980949402
1606405721.613442,1320596,0.22627736628055573
1606405739.3398576,1322341,0.2527472674846649
1606405755.0424767,1323813,0.23626373708248138
1606405790.9450336,1327330,0.16249999403953552
1606405796.382709,1327802,0.23529411852359772
1606405852.680991,1333651,0.16260161995887756
1606405854.595944,1333826,0.19428572058677673
1606405879.1771185,1336261,0.2405063360929489
1606405887.0314302,1336335,0.29729729890823364
1606405933.8575346,1340904,0.14977973699569702
1606405952.6074362,1342707,0.23902438580989838
1606405964.5642014,1344008,0.2840000092983246
1606405967.221763,1344274,0.125827819108963
1606405979.289718,1345547,0.24475523829460144
1606405986.7974985,1346284,0.1978609561920166
1606406020.948596,1349746,0.31578946113586426
1606406041.9043505,1351900,0.23999999463558197
1606406048.349696,1352564,0.29441624879837036
1606406086.3927498,1356492,0.2666666805744171
1606406087.8196158,1356615,0.2520325183868408
1606406105.6043055,1358423,0.2235294133424759
1606406121.7940931,1360024,0.1617647111415863
1606406226.730623,1370342,0.164000004529953
1606406251.165638,1372658,0.28169015049934387
1606406265.6786623,1374072,0.2801932394504547
1606406356.1092362,1382516,0.24705882370471954
1606406383.2885847,1385308,0.19099999964237213
1606406406.8304124,1387517,0.28537169098854065
1606406416.1804686,1388517,0.33500000834465027
1606406419.3628237,1388815,0.2214765101671219
1606406448.9694648,1391643,0.2898876368999481
1606406454.2761636,1392131,0.23076923191547394
1606406465.8984487,1393214,0.13500000536441803
1606406494.615714,1395735,0.22764228284358978
1606406524.8235233,1398555,0.19540229439735413
1606406554.6680996,1401118,0.20233462750911713
1606406597.8209255,1405050,0.19200000166893005
1606406615.7355473,1406741,0.23463687300682068
1606406630.5352812,1408104,0.24229075014591217
1606406694.3829806,1414213,0.3516642451286316
1606406706.2181082,1415417,0.2647058963775635
1606406714.7125154,1416127,0.5128205418586731
1606406778.660668,1419892,0.2659175992012024
1606406794.8676167,1421485,0.2789473831653595
1606406810.6344275,1422901,0.32510289549827576
1606406822.3816009,1424042,0.2549999952316284
1606406851.6155257,1426615,0.21178637444972992
1606406867.6682117,1427988,0.20375335216522217
1606406883.084575,1429387,0.15143246948719025
1606406941.2786355,1434729,0.20794393122196198
1606406992.3051407,1439531,0.20874999463558197
1606407016.1328328,1441741,0.22522522509098053
1606407051.4401395,1445106,0.2290000021457672
1606407151.1281633,1454525,0.12099999934434891
1606407152.1027293,1454609,0.3333333432674408
1606407152.92407,1454689,0.20000000298023224
1606407177.6612558,1457013,0.2278480976819992
1606407215.8128536,1460572,0.23529411852359772
1606407258.348642,1464762,0.25147929787635803
1606407285.4520752,1467540,0.22981366515159607
1606407289.2767599,1467896,0.17696629464626312
1606407307.7765121,1469768,0.16778524219989777
1606407365.3395472,1475058,0.23943662643432617
1606407391.8740177,1477622,0.28629031777381897
1606407432.129515,1481681,0.30892857909202576
1606407438.6075392,1482290,0.2537313401699066
1606407540.8709362,1492413,0.1809999942779541
1606407559.2829297,1494210,0.18817204236984253
1606407596.1211078,1497889,0.17678099870681763
1606407619.1956937,1500146,0.23770491778850555
1606407697.4460933,1503897,0.21065375208854675
1606407729.7219865,1506489,0.2029999941587448
1606407757.153849,1509045,0.21141649782657623
1606407767.0618458,1510045,0.08799999952316284
1606407840.4077346,1516983,0.24087591469287872
1606407850.5172405,1517983,0.24699999392032623
1606407909.811352,1523499,0.2888243794441223
1606407915.6930978,1524037,0.20168067514896393
1606407917.8656015,1524230,0.20725388824939728
1606407970.3821154,1529290,0.20858895778656006
1606407986.5259972,1530653,0.2800000011920929
1606407997.3141322,1531653,0.12800000607967377
1606408002.7465932,1532169,0.1860465109348297
1606408005.179086,1532373,0.18627451360225677
1606408046.515396,1536186,0.2165178507566452
1606408193.3972979,1550587,0.24329501390457153
1606408312.8057942,1562769,0.3153347671031952
1606408335.0054603,1564942,0.25
1606408339.8154001,1565418,0.2836134433746338
1606408354.571635,1566852,0.30136987566947937
1606408412.2112067,1572736,0.2606382966041565
1606408492.9787471,1580902,0.3298611044883728
1606408741.8857212,1606896,0.3569999933242798
1606408823.591729,1615359,0.3333333432674408
1606408832.883328,1616359,0.3619999885559082
1606408901.1685934,1623499,0.32600000500679016
1606408904.5618896,1623826,0.2721712589263916
1606408915.7840242,1625018,0.2947761118412018
1606408926.1266222,1626171,0.296999990940094
1606409009.4299242,1627936,0.1875
1606409014.439528,1628456,0.2865384519100189
1606409022.8919547,1629344,0.2917504906654358
1606409144.759738,1642259,0.29954954981803894
1606409172.9665117,1645287,0.22286541759967804
1606409189.4229014,1646920,0.26293104887008667
1606409200.3812804,1648059,0.20935960114002228
1606409231.9897528,1651454,0.23899999260902405
1606409302.021067,1658856,0.2879999876022339
1606409350.1220946,1663831,0.24537037312984467
1606409364.8276088,1665311,0.22589927911758423
1606409371.740099,1666066,0.22516556084156036
1606409431.5581236,1672320,0.2160000056028366
1606409473.2635791,1676750,0.29784172773361206
1606409553.2906024,1685262,0.18959107995033264
1606409593.8306165,1689592,0.19591836631298065
1606409612.7786088,1691540,0.25994694232940674
1606409629.7666855,1693327,0.24679486453533173
1606409663.309978,1696876,0.24679486453533173
1606409675.8247418,1698203,0.2343096286058426
1606409735.702021,1704756,0.3895966112613678
1606409773.4468236,1708756,0.4169999957084656
1606409820.6229208,1713838,0.28421053290367126
1606409839.65473,1715741,0.18994413316249847
1606409876.087176,1719493,0.30306604504585266
1606409934.8997772,1725660,0.3779999911785126
1606409961.0044076,1728298,0.22673435509204865
1606409974.873945,1729685,0.1927710771560669
1606410015.732769,1733955,0.2578125
1606410091.2765412,1741809,0.2909482717514038
1606410142.633132,1744835,0.2744360864162445
1606410155.6080005,1745909,0.22357723116874695
1606410168.963183,1747319,0.19512194395065308
1606410178.2385864,1748319,0.25600001215934753
1606410198.7393465,1750490,0.3009999990463257
1606410204.2310398,1751043,0.26220613718032837
1606410293.3925443,1760299,0.38999998569488525
1606410329.9511423,1764172,0.4169999957084656
1606410331.1471703,1764293,0.2975206673145294
1606410339.5778444,1765177,0.2600671052932739
1606410367.3734674,1768008,0.37628865242004395
1606410382.3994274,1769635,0.20270270109176636
1606410432.2451298,1775047,0.2330097109079361
1606410458.7085001,1777816,0.2471042424440384
1606410504.7224853,1782745,0.19476744532585144
1606410564.5162046,1788947,0.2547993063926697
1606410593.3493383,1791908,0.22489960491657257
1606410611.4728484,1793723,0.2541966438293457
1606410634.3767846,1796154,0.3088552951812744
1606410679.981635,1800985,0.2567703127861023
1606410688.4540854,1801856,0.235867440700531
1606410764.5476031,1810128,0.2670156955718994
1606410778.698728,1811569,0.21030043065547943
1606410782.724524,1811966,0.24181360006332397
1606410885.1672218,1822614,0.1679999977350235
1606410892.0812118,1823375,0.17608410120010376
1606410914.235908,1825779,0.3463357090950012
1606410944.1154647,1828837,0.23908524215221405
1606410956.7535796,1830184,0.20749279856681824
1606410988.1679547,1833322,0.34433960914611816
1606411001.443837,1834732,0.25853657722473145
1606411008.6012795,1835510,0.2814910113811493
1606411089.9729707,1844394,0.21276596188545227
1606411106.0035784,1846058,0.3269999921321869
1606411160.3898864,1851658,0.34210526943206787
1606411168.3011472,1852440,0.17266187071800232
1606411226.662853,1858645,0.2888889014720917
1606411240.1105316,1860069,0.23655913770198822
1606411252.3503518,1861352,0.3880000114440918
1606411267.3167486,1862942,0.3237287998199463
1606411343.1592681,1868554,0.2895148694515228
1606411444.3953328,1879037,0.3174603283405304
1606411468.3279846,1881502,0.2697291076183319
1606411517.203207,1886569,0.29952266812324524
1606411556.604519,1890866,0.24400000274181366
1606411583.6847632,1893634,0.24561403691768646
1606411605.6285136,1895897,0.2647058963775635
1606411622.1670253,1897675,0.2557840645313263
1606411649.0174515,1900600,0.18000000715255737
1606411704.9876041,1906758,0.2789473831653595
1606411709.1890826,1907203,0.3056179881095886
1606411712.3564994,1907532,0.2310030460357666
1606411754.5863156,1911881,0.2800000011920929
1606411868.5072303,1923828,0.26421403884887695
1606411894.218592,1926599,0.25974026322364807
1606411920.8549097,1929446,0.25200000405311584
1606411950.371231,1932444,0.22641509771347046
1606411997.934366,1937368,0.18240343034267426
1606412026.9829435,1940423,0.28834354877471924
1606412059.4066043,1943980,0.2380952388048172
1606412091.786687,1947472,0.2529999911785126
1606412096.5094035,1947928,0.2916666567325592
1606412143.4082708,1952846,0.18478260934352875
1606412163.1057167,1954934,0.25250837206840515
1606412172.2338285,1955934,0.22100000083446503
1606412183.4338076,1957184,0.21199999749660492
1606412202.5263238,1959255,0.2327272742986679
1606412206.1864562,1959636,0.22309711575508118
1606412208.4618866,1959869,0.22746780514717102
1606412244.8530746,1963759,0.27796053886413574
1606412255.3841507,1964808,0.20506912469863892
1606412273.2368968,1966654,0.27987420558929443
1606412282.991419,1967654,0.1420000046491623
1606412289.9536822,1968370,0.21368715167045593
1606412291.6127813,1968516,0.17123287916183472
1606412298.5421386,1969218,0.2777777910232544
1606412310.453099,1970423,0.2809523940086365
1606412312.6105006,1970628,0.29756098985671997
1606412352.657695,1974886,0.29228487610816956
1606412476.0870101,1978527,0.2669999897480011
1606412498.8418102,1979888,0.27662035822868347
1606412515.5744557,1981704,0.2825396955013275
1606412581.8349822,1988117,0.1850000023841858
1606412643.480898,1994055,0.1469999998807907
1606412649.7360907,1994680,0.25760000944137573
1606412660.0261967,1995680,0.14000000059604645
1606412706.9028091,2000184,0.1940000057220459
1606412748.7552476,2003962,0.16144578158855438
1606412778.2221289,2006705,0.27079933881759644
1606412831.7663524,2011816,0.16774193942546844
1606412891.9825127,2017585,0.2916666567325592
1606412926.0492449,2020872,0.29708221554756165
1606412933.205134,2021517,0.2852664589881897
1606412944.4093046,2022532,0.32967033982276917
1606412992.3279774,2027293,0.274881511926651
1606413024.3783908,2030122,0.3242506682872772
1606413046.0576446,2032048,0.27287065982818604
1606413059.2826629,2033271,0.32676056027412415
1606413062.0664308,2033517,0.2723577320575714
1606413172.0916474,2044130,0.3991416394710541
1606413232.5952814,2049706,0.4028435945510864
1606413320.3394246,2057877,0.30550917983055115
1606413334.412735,2059186,0.2779097259044647
1606413353.6060262,2060940,0.2913505434989929
1606413420.3325758,2067257,0.2839506268501282
1606413456.0787628,2070673,0.2806052267551422
1606413504.404099,2075521,0.2874331474304199
1606413509.8391283,2076050,0.2344045341014862
1606413520.29042,2077020,0.2465277761220932
1606413534.5493636,2078381,0.244047611951828
1606413538.649779,2078760,0.2612137198448181
1606413626.7579584,2086963,0.25977012515068054
1606413676.28376,2091765,0.2789473831653595
1606413868.2804291,2101288,0.2750000059604645
1606413922.5879478,2106488,0.2957746386528015
1606413951.6456826,2109221,0.313043475151062
1606413972.5685408,2111262,0.31700000166893005
1606413976.809168,2111615,0.29178470373153687
1606414009.9567957,2114664,0.12871287763118744
1606414080.0855477,2121271,0.3840000033378601
1606414088.8743007,2122037,0.2426229566335678
1606414091.958293,2122316,0.25806450843811035
1606414102.0310879,2123316,0.2770000100135803
1606414150.2298884,2128030,0.1889999955892563
1606414185.3292434,2131433,0.239130437374115
1606414270.2287462,2139221,0.22895126044750214
1606414365.6910434,2147945,0.25106382369995117
1606414402.980928,2151358,0.17796610295772552
1606414437.8269558,2154455,0.289000004529953
1606414442.8570747,2154902,0.23713646829128265
1606414485.2070239,2159123,0.18000000715255737
1606414540.6455395,2164423,0.32611051201820374
1606414557.7178755,2165988,0.1473684161901474
1606414568.3686726,2166954,0.31578946113586426
1606414604.4542608,2170124,0.26153847575187683
1606414607.1556797,2170380,0.23828125
1606414619.5210094,2171519,0.33906883001327515
1606414649.5592494,2174211,0.2583518922328949
1606414775.7511082,2186481,0.237193763256073
1606414809.3719418,2189891,0.2329999953508377
1606414839.8560138,2192800,0.23899999260902405
1606414862.865998,2194961,0.27474746108055115
1606414895.1938975,2198149,0.29499998688697815
1606414911.3894393,2199622,0.26788684725761414
1606415036.8819416,2207716,0.26855894923210144
1606415098.2392135,2213126,0.27893736958503723
1606415109.0937488,2214180,0.24161073565483093
1606415113.9376051,2214666,0.25925925374031067
1606415192.096212,2222031,0.20700636506080627
1606415207.4085019,2223481,0.2215743511915207
1606415213.0634596,2223983,0.28884461522102356
1606415224.3110464,2224988,0.2568807303905487
1606415237.1098366,2226162,0.1928934007883072
1606415241.093437,2226557,0.19493670761585236
1606415262.5066044,2228615,0.2297794073820114
1606415266.1697726,2228977,0.1961326003074646
1606415331.6280994,2234965,0.2612859010696411
1606415360.801149,2237714,0.15561224520206451
1606415384.3334177,2240022,0.2928416430950165
1606415507.2705777,2251334,0.24369747936725616
1606415572.9751792,2257531,0.23499999940395355
1606415601.4758792,2260203,0.2631579041481018
1606415630.2032347,2262859,0.20775623619556427
1606415640.9735084,2263696,0.24512535333633423
1606415644.9806733,2264057,0.2742382287979126
1606415697.4637382,2268911,0.2591093182563782
1606415704.2398424,2269557,0.2306501567363739
1606415768.6671898,2275560,0.2249070703983307
1606415784.8341584,2277120,0.2864864766597748
1606415864.4833846,2284911,0.23554913699626923
1606415873.7886994,2285911,0.2939999997615814
1606415881.8482876,2286729,0.22596153616905212
1606415885.829078,2287140,0.21167883276939392
1606415939.462939,2292491,0.4339999854564667
1606415982.3986673,2296792,0.2253032922744751
1606416002.9048522,2298838,0.2762312591075897
1606416021.9951828,2300726,0.23134328424930573
1606416062.630489,2304726,0.3279857337474823
1606416158.3995106,2307548,0.323369562625885
1606416164.500253,2308156,0.29870128631591797
1606416173.0936768,2309009,0.3037974536418915
1606416230.6267388,2315001,0.42899999022483826
1606416260.4732473,2317953,0.31282052397727966
1606416271.587874,2319009,0.34241244196891785
1606416321.507515,2323951,0.2977527976036072
1606416328.4131098,2324683,0.42486339807510376
1606416341.2243047,2326046,0.44979506731033325
1606416374.5760148,2329450,0.23529411852359772
1606416441.8429704,2336406,0.25944584608078003
1606416472.5316267,2339614,0.2535211145877838
1606416539.9776187,2346341,0.25798526406288147
1606416583.5306041,2350860,0.2601625919342041
1606416592.3854887,2351791,0.18691588938236237
1606416598.543311,2352356,0.23970037698745728
1606416607.8364413,2353356,0.24799999594688416
1606416621.7849665,2354768,0.32405567169189453
1606416661.6491938,2358885,0.23564356565475464
1606416696.0774834,2362329,0.3019999861717224
1606416715.2827396,2364201,0.26431718468666077
1606416729.91591,2365604,0.23855756223201752
1606416739.8412268,2366582,0.2512953281402588
1606416798.1904795,2372301,0.3182481825351715
1606416815.8704352,2374000,0.2656903862953186
1606416872.0030243,2379499,0.31299999356269836
1606416890.312392,2381224,0.2584856450557709
1606416904.6013434,2382563,0.1820388287305832
1606416931.6535947,2385127,0.28599220514297485
1606416935.810895,2385491,0.34890109300613403
1606416963.0419645,2387855,0.21674877405166626
1606417013.4505403,2392365,0.28353139758110046
1606417055.2629464,2396371,0.22995461523532867
1606417070.1615906,2397791,0.24650350213050842
1606417086.9154103,2399409,0.2556634247303009
1606417097.6626465,2400409,0.2549999952316284
1606417151.8229718,2404877,0.17814727127552032
1606417162.551843,2405877,0.18199999630451202
1606417171.873854,2406695,0.18826405704021454
1606417212.88998,2410373,0.2805429995059967
1606417340.9880698,2416464,0.26884421706199646
1606417362.8914285,2418626,0.23076923191547394
1606417419.6962976,2424164,0.22499999403953552
1606417436.5746386,2425868,0.27840909361839294
1606417492.9223304,2431110,0.30603447556495667
1606417504.534098,2432103,0.19382022321224213
1606417596.2945344,2440898,0.26174497604370117
1606417659.9579015,2446977,0.16896551847457886
1606417669.1927516,2447833,0.2567324936389923
1606417700.047503,2450727,0.3221757411956787
1606417714.151852,2452081,0.15362730622291565
1606417767.988137,2457127,0.292553186416626
1606417785.0147614,2458508,0.28297361731529236
1606417796.7202883,2459508,0.21199999749660492
