Wall time,Step,Value
1606391444.8626344,3031,0.1382228434085846
1606391513.0073602,10841,0.15948276221752167
1606391546.509387,14806,0.13199999928474426
1606391626.8134053,24225,0.1330128163099289
1606391637.1915185,25461,0.147609144449234
1606391649.0311258,26869,0.1395881026983261
1606391691.0544848,31911,0.16077536344528198
1606391705.751376,33682,0.15991471707820892
1606391773.8685205,41838,0.1595744639635086
1606391780.2537065,42599,0.13605442643165588
1606391909.2328556,56840,0.16899999976158142
1606391942.9824584,60298,0.47759562730789185
1606391969.1773524,62856,0.5118694305419922
1606391978.8350105,63856,0.46700000762939453
1606392011.0171576,67115,0.49152541160583496
1606392085.9910405,74752,0.4309999942779541
1606392151.5153909,81257,0.4761904776096344
1606392224.6424475,88741,0.31134259700775146
1606392253.4331486,91611,0.29899999499320984
1606392271.0227113,93296,0.12200000137090683
1606392316.783953,97893,0.4375
1606392326.6444862,98893,0.17800000309944153
1606392379.3844666,104102,0.14105793833732605
1606392405.7277033,106763,0.11400000005960464
1606392419.5922418,108186,0.23404255509376526
1606392425.192138,108722,0.11380597203969955
1606392452.395327,111403,0.1773049682378769
1606392504.1979718,116677,0.13131313025951385
1606392571.0776384,122377,0.382999986410141
1606392574.0434725,122676,0.3076923191547394
1606392611.6388247,126481,0.3919999897480011
1606392668.3865144,132231,0.1339031308889389
1606392712.5781553,136657,0.29802700877189636
1606392732.853117,138729,0.13636364042758942
1606392837.502343,149198,0.17499999701976776
1606392882.743318,153727,0.17800000309944153
1606392909.4067895,156342,0.19298245012760162
1606392948.5145676,160284,0.15285253524780273
1606392979.6879668,163411,0.2329999953508377
1606393000.095701,165411,0.28999999165534973
1606393118.6559813,177273,0.1629881113767624
1606393145.1126566,179950,0.20399999618530273
1606393154.9592988,180950,0.1550000011920929
1606393183.1560798,183739,0.13679245114326477
1606393222.3316867,187667,0.12399999797344208
1606393241.9258695,189667,0.1979999989271164
1606393291.1171203,194603,0.1770000010728836
1606393300.9168706,195603,0.16699999570846558
1606393389.74162,204490,0.3109999895095825
1606393454.5978365,210947,0.258555144071579
1606393506.3151422,216127,0.19559228420257568
1606393632.2858145,228787,0.17100000381469727
1606393665.5342567,232163,0.09399999678134918
1606393738.5185628,239379,0.09734513610601425
1606394055.1255882,269140,0.23600000143051147
1606394065.0520165,270140,0.06300000101327896
1606394124.571751,275916,0.10700000077486038
1606394205.1127038,282912,0.21702127158641815
1606394227.1898017,284798,0.1264108419418335
1606394229.3055089,284985,0.25668448209762573
1606394247.0555456,286406,0.18000000715255737
1606394301.0156798,291124,0.12941177189350128
1606394372.6009798,297503,0.35254988074302673
1606394403.4068615,300307,0.2276119440793991
1606394404.9830377,300455,0.18243242800235748
1606394488.5825608,307830,0.08284023404121399
1606394594.8307772,317206,0.04500000178813934
1606394609.4876027,318485,0.07526881992816925
1606394736.2185774,329676,0.14800000190734863
1606394751.5287936,330978,0.08609271794557571
1606394769.9212012,332606,0.07575757801532745
1606394830.5937164,338002,0.06199999898672104
1606394871.443751,341586,0.15555556118488312
1606394894.3939295,343586,0.06800000369548798
1606394919.7794168,345801,0.1534883677959442
1606394956.9611173,349099,0.08699999749660492
1606395001.7411373,353023,0.1379999965429306
1606395077.1917417,359516,0.08474576473236084
1606395133.486819,364431,0.06761565804481506
1606395184.0888064,368751,0.125
1606395205.4553266,370584,0.05700000002980232
1606395252.8129115,374631,0.1599999964237213
1606395266.5791523,375806,0.09000000357627869
1606395299.3507392,378621,0.054999999701976776
1606395310.7907314,379597,0.030092593282461166
1606395322.4344144,380597,0.1120000034570694
1606395368.0016222,384683,0.1080000028014183
1606395379.6742902,385683,0.04500000178813934
1606395556.2967062,393547,0.10599999874830246
1606395627.1310441,399685,0.14100000262260437
1606395665.4674947,402925,0.11126373708248138
1606395707.843967,406742,0.054999999701976776
1606395720.1310542,407848,0.1080000028014183
1606395810.7583683,415740,0.17100000381469727
1606395864.984989,420574,0.16099999845027924
1606395876.7101545,421574,0.17599999904632568
1606395889.873428,422699,0.11999999731779099
1606395916.0948606,424952,0.1550000011920929
1606395928.5244029,426018,0.19696970283985138
1606396036.0183566,435309,0.15555556118488312
1606396062.6269412,437687,0.10846561193466187
1606396097.0195665,440801,0.09799999743700027
1606396126.0185513,443362,0.09090909361839294
1606396160.9498281,446362,0.10199999809265137
1606396200.709973,449847,0.1589999943971634
1606396211.947342,450847,0.06599999964237213
1606396253.0845008,454518,0.16599999368190765
1606396298.6877575,458442,0.20200000703334808
1606396473.7004402,473666,0.08699999749660492
1606396537.401546,479143,0.04899999871850014
1606396582.6049552,483020,0.10262257605791092
1606396609.796801,485424,0.2142857164144516
1606396620.872851,486424,0.1940000057220459
1606396676.7850122,491370,0.10400000214576721
1606396735.2619796,496491,0.2722891569137573
1606396765.173857,499075,0.1740041971206665
1606396786.2411692,500889,0.24786324799060822
1606396830.546581,504889,0.13199999928474426
1606396835.0157022,505282,0.1221374049782753
1606396873.31604,508720,0.12328767031431198
1606396920.5467365,512924,0.12055641412734985
1606396934.976069,514345,0.1657848358154297
1606396936.298019,514479,0.17164179682731628
1606396945.2415125,515356,0.16077536344528198
1606396957.87039,516554,0.0984719842672348
1606396968.4537017,517554,0.07800000160932541
1606397007.9634736,521456,0.03539822995662689
1606397045.783979,525183,0.20495185256004333
1606397055.6663291,526183,0.07400000095367432
1606397067.2926748,527366,0.09836065769195557
1606397091.4691095,529739,0.17777778208255768
1606397093.8111212,529958,0.29223743081092834
1606397095.7234328,530134,0.3636363744735718
1606397119.2959676,532433,0.25438597798347473
1606397219.3018975,534926,0.1379999965429306
1606397248.4599361,537880,0.24657534062862396
1606397251.0824537,538136,0.1875
1606397260.6695092,539136,0.22100000083446503
1606397357.3817258,548950,0.23227383196353912
1606397387.7234082,551976,0.1305389255285263
1606397400.0858614,553211,0.1872340440750122
1606397438.4547544,557043,0.15700000524520874
1606397542.3881218,567428,0.20962199568748474
1606397546.7570846,567883,0.2926829159259796
1606397561.355123,569394,0.31893688440322876
1606397565.5572755,569800,0.37688443064689636
1606397585.352811,571892,0.1889999955892563
1606397592.776844,572613,0.38532111048698425
1606397626.8762336,576025,0.38983049988746643
1606397647.1971552,578058,0.40495866537094116
1606397667.946102,580156,0.5148515105247498
1606397681.434849,581494,0.23880596458911896
1606397695.7246096,582935,0.2622036337852478
1606397723.1724565,585645,0.569767415523529
1606397727.4917493,586083,0.24309392273426056
1606397737.971047,587171,0.19794344902038574
1606397766.3219686,590165,0.13300000131130219
1606397799.7082248,593522,0.39322033524513245
1606397802.894493,593831,0.44012945890426636
1606397807.9819572,594329,0.19186046719551086
1606397841.330987,597634,0.4848484992980957
1606397850.672828,598548,0.45394736528396606
1606397881.5365593,601653,0.4762589931488037
1606397892.2810404,602717,0.5769230723381042
1606397902.3184745,603714,0.260096937417984
1606397904.3391666,603912,0.469696968793869
1606397928.789256,606376,0.15789473056793213
1606397930.2083006,606507,0.42748090624809265
1606397949.737586,608519,0.38161560893058777
1606397955.5280187,609115,0.5696202516555786
1606397958.1583788,609391,0.3804347813129425
1606397975.0392597,611090,0.2875817120075226
1606397976.9069164,611265,0.37714284658432007
1606397987.3626597,612291,0.550561785697937
1606397988.3807993,612386,0.46315789222717285
1606398032.3435216,616843,0.17922374606132507
1606398077.8519437,618164,0.23783783614635468
1606398086.8885422,618731,0.375
1606398090.0797143,619043,0.4000000059604645
1606398098.3279688,619842,0.19023779034614563
1606398136.9583087,623831,0.18497757613658905
1606398145.6367626,624713,0.34278351068496704
1606398181.741711,628454,0.48275861144065857
1606398186.8979146,628968,0.31617647409439087
1606398226.0502956,632891,0.19254659116268158
1606398246.4728825,634938,0.3590814173221588
1606398285.8235166,638963,0.20999999344348907
1606398313.0526094,641873,0.385869562625885
1606398319.5686715,642501,0.42105263471603394
1606398324.5015395,642999,0.46846845746040344
1606398334.2545614,644014,0.42424243688583374
1606398341.264059,644728,0.4848484992980957
1606398350.8163574,645677,0.17523056268692017
1606398366.9297988,647214,0.4444444477558136
1606398367.5350173,647280,0.5
1606398402.0417519,650664,0.1838006228208542
1606398415.4768713,651981,0.42424243688583374
1606398431.3948462,653533,0.457446813583374
1606398434.320965,653817,0.3661971688270569
1606398460.6613166,656476,0.16200000047683716
1606398468.9746258,657266,0.5753424763679504
1606398507.430402,661089,0.45783132314682007
1606398513.4482276,661691,0.24886877834796906
1606398551.2569551,665508,0.33203125
1606398552.0638137,665599,0.5054945349693298
1606398556.7175632,666055,0.26760563254356384
1606398557.5906856,666136,0.3580246865749359
1606398558.3229318,666202,0.5303030014038086
1606398607.7139485,671175,0.22499999403953552
1606398646.6252432,675101,0.5333333611488342
1606398647.2117689,675167,0.3636363744735718
1606398657.1161726,676141,0.3211009204387665
1606398674.9187243,676713,0.36666667461395264
1606398694.1453812,678700,0.2984749376773834
1606398743.9162893,683629,0.5151515007019043
1606398753.8927152,684624,0.28992071747779846
1606398782.942029,687508,0.5714285969734192
1606398808.9973414,690124,0.31869688630104065
1606398833.2067745,692566,0.3229813575744629
1606398839.5743346,693180,0.5074626803398132
1606398874.0151455,696622,0.3030303120613098
1606398900.9373436,699322,0.21103116869926453
1606398928.8510592,702148,0.44144144654273987
1606398949.578804,704234,0.3055141568183899
1606398961.6553395,705397,0.45945945382118225
1606398990.8323073,708314,0.3175675570964813
1606399005.6397808,709822,0.1764705926179886
1606399015.1665154,710822,0.2709999978542328
1606399017.285338,711020,0.28787878155708313
1606399037.8965266,713062,0.16260161995887756
1606399051.5775747,714475,0.4257028102874756
1606399062.3438966,715614,0.3636363744735718
1606399068.6276746,716251,0.3310810923576355
1606399069.7519686,716360,0.33944955468177795
1606399140.0342326,723628,0.4363636374473572
1606399185.0650628,728118,0.2259887009859085
1606399226.717815,732382,0.26865673065185547
1606399234.6752875,733211,0.38650307059288025
1606399238.5185652,733622,0.39416059851646423
1606399248.2159133,734688,0.23000000417232513
1606399249.0475814,734766,0.29487180709838867
1606399409.4992704,741363,0.2777777910232544
1606399414.014118,741800,0.5151515007019043
1606399418.1284802,742206,0.47058823704719543
1606399422.3531702,742623,0.5454545617103577
1606399425.8701978,742986,0.24242424964904785
1606399432.6442604,743664,0.32786884903907776
1606399443.9134345,744826,0.35244160890579224
1606399454.126137,745873,0.337579607963562
1606399519.9177468,752567,0.3807106614112854
1606399523.8440897,752930,0.14049586653709412
1606399554.4237947,756043,0.6804123520851135
1606399574.7850983,758095,0.3223443329334259
1606399575.7360039,758184,0.3258427083492279
1606399582.0473855,758823,0.34294870495796204
1606399583.367546,758955,0.4545454680919647
1606399585.2832627,759146,0.3403141498565674
1606399596.6967578,760297,0.5112782120704651
1606399613.1590366,761956,0.296875
1606399654.9399807,766286,0.41798943281173706
1606399655.7203083,766353,0.34328359365463257
1606399668.0609753,767604,0.37577641010284424
1606399721.049862,773020,0.24892085790634155
1606399723.5529335,773282,0.4694656431674957
1606399725.6842718,773490,0.47580644488334656
1606399737.569089,774661,0.28787878155708313
1606399749.602274,775875,0.5909090638160706
1606399755.5637798,776491,0.3392857015132904
1606399772.941575,778288,0.3652482330799103
1606399777.614607,778721,0.4482758641242981
1606399782.654267,779214,0.30034130811691284
1606399790.3862777,779989,0.5
1606399813.5628207,782283,0.40909090638160706
1606399908.4201784,785051,0.5675675868988037
1606399909.1512406,785117,0.42424243688583374
1606399914.3791797,785640,0.4650205671787262
1606399933.6061897,787614,0.5393258333206177
1606399955.8208888,789797,0.4128440320491791
1606399956.6003046,789863,0.25757575035095215
1606399971.472219,791372,0.4117647111415863
1606399977.8765376,792000,0.40909090638160706
1606399984.1556153,792651,0.2929292917251587
1606399986.3284419,792869,0.4934210479259491
1606399992.4379046,793470,0.38297873735427856
1606400004.6893861,794705,0.2998236417770386
1606400012.9435556,795572,0.38945579528808594
1606400035.8800604,797970,0.375
1606400059.2637043,800306,0.35668790340423584
1606400062.5553963,800608,0.5454545617103577
1606400068.4703496,801245,0.21212121844291687
1606400076.3644893,802032,0.560606062412262
1606400104.364723,804959,0.3650793731212616
1606400117.391164,806379,0.324444442987442
1606400118.1263826,806445,0.3333333432674408
1606400119.1780956,806547,0.4019607901573181
1606400121.9004033,806801,0.4880000054836273
1606400127.6855233,807370,0.42424243688583374
1606400144.1548336,809022,0.43065693974494934
1606400183.5683634,813243,0.39393940567970276
1606400214.1722329,816361,0.36496350169181824
1606400230.2614489,818076,0.3531745970249176
1606400240.2808745,819096,0.35010939836502075
1606400245.4309163,819596,0.2896551787853241
1606400258.4366639,820926,0.39717742800712585
1606400270.8115096,822212,0.30300000309944153
1606400271.3969617,822279,0.2985074520111084
1606400273.7090678,822505,0.45132744312286377
1606400286.0992544,823840,0.3511904776096344
1606400311.621473,826404,0.4587155878543854
1606400325.8981514,827860,0.19696970283985138
1606400337.078865,828974,0.41134750843048096
1606400351.129329,830364,0.31343284249305725
1606400353.3227441,830585,0.44796380400657654
1606400370.7554665,832364,0.4702380895614624
1606400389.3640552,833163,0.4065934121608734
1606400420.8104615,836406,0.44736841320991516
1606400430.9279413,837370,0.4404761791229248
1606400433.506421,837616,0.21212121844291687
1606400438.115353,838057,0.42424243688583374
1606400471.7850845,841516,0.2540000081062317
1606400472.6948364,841600,0.4404761791229248
1606400477.0837793,842033,0.1492537260055542
1606400490.7091284,843442,0.5308057069778442
1606400494.8261595,843825,0.3896103799343109
1606400536.4576037,847913,0.6081081032752991
1606400550.2571738,849319,0.08955223858356476
1606400564.3748567,850656,0.13636364042758942
1606400567.0033624,850868,0.46226415038108826
1606400568.6064034,851013,0.4137931168079376
1606400635.3951526,857544,0.43939393758773804
1606400644.1998346,858364,0.4010152220726013
1606400664.4870589,860357,0.43939393758773804
1606400681.5014381,862127,0.3731343150138855
1606400691.1266224,863128,0.44915252923965454
1606400696.103609,863632,0.4221698045730591
1606400698.3412008,863849,0.40909090638160706
1606400724.83525,866409,0.45646438002586365
1606400727.9696143,866627,0.6060606241226196
1606400746.3310769,867693,0.2549999952316284
1606400753.6025236,868008,0.5454545617103577
1606400758.8380458,868276,0.32592591643333435
1606400763.5944011,868484,0.06060606241226196
1606400786.0066478,870041,0.550000011920929
1606400787.6277683,870194,0.4712643623352051
1606400810.0272405,872268,0.48750001192092896
1606400810.8880067,872336,0.1617647111415863
1606400812.339773,872460,0.30645161867141724
1606400838.066464,874682,0.3333333432674408
1606400873.7596364,875215,0.3030303120613098
1606400878.2984118,875640,0.35483869910240173
1606400890.4538877,876778,0.3684210479259491
1606400900.9846601,877803,0.2531645596027374
1606400909.1719565,878624,0.44140625
1606400912.0163596,878894,0.4910714328289032
1606400931.957949,880774,0.36082473397254944
1606400935.4312756,881079,0.35564854741096497
1606400948.2452834,882211,0.24300000071525574
1606400955.416379,882822,0.34655532240867615
1606400965.7349155,883849,0.21348313987255096
1606400968.1517727,884060,0.42424243688583374
1606400975.8224895,884787,0.3913043439388275
1606401025.643715,889452,0.5328947305679321
1606401071.7405863,894117,0.2813299298286438
1606401081.8159924,895117,0.2160000056028366
1606401089.8322425,895902,0.2609400451183319
1606401091.3800871,896049,0.5306122303009033
1606401097.7699513,896634,0.3417721390724182
1606401100.817613,896912,0.3417721390724182
1606401114.668718,898226,0.6333333253860474
1606401117.9119332,898511,0.3333333432674408
1606401124.1056669,899077,0.19696970283985138
1606401127.528957,899393,0.5303030014038086
1606401142.3206806,900761,0.4794520437717438
1606401158.9723446,902347,0.3814432919025421
1606401164.3164642,902832,0.3245033025741577
1606401178.6826873,904371,0.5507246255874634
1606401191.5335786,905770,0.29100000858306885
1606401192.28577,905836,0.3787878751754761
1606401236.4801307,910322,0.24242424964904785
1606401239.8848078,910633,0.512499988079071
1606401246.75013,911271,0.3451327383518219
1606401248.490314,911424,0.5424836874008179
1606401265.7908597,913185,0.23499999940395355
1606401267.3915014,913317,0.5303030014038086
1606401274.9522395,914027,0.34246575832366943
1606401293.9328,915880,0.3333333432674408
1606401295.4959133,916011,0.48091602325439453
1606401300.4164767,916484,0.28787878155708313
1606401302.6301603,916695,0.2867647111415863
1606401304.4428408,916867,0.4029850661754608
1606401312.5386763,917692,0.4174528419971466
1606401340.288187,920517,0.4736842215061188
1606401343.9591775,920882,0.39926740527153015
1606401346.7156665,921130,0.6212121248245239
1606401348.1013837,921268,0.43478259444236755
1606401354.3060036,921832,0.4325842559337616
1606401372.465242,923728,0.25467774271965027
1606401395.4519877,925069,0.39058172702789307
1606401401.6624577,925630,0.41791045665740967
1606401445.1732726,929844,0.47580644488334656
1606401459.3038173,931209,0.3729216158390045
1606401461.7409291,931427,0.3484848439693451
1606401484.3909664,933626,0.2985074520111084
1606401486.351706,933801,0.47428572177886963
1606401498.9662402,935061,0.5038461685180664
1606401503.1339166,935410,0.4032258093357086
1606401504.1562333,935502,0.510869562625885
1606401505.5703692,935634,0.39393940567970276
1606401507.9134874,935831,0.43283581733703613
1606401508.5779552,935897,0.06060606241226196
1606401520.5576994,937008,0.43661972880363464
1606401527.500843,937669,0.37674418091773987
1606401547.3938994,939753,0.40425533056259155
1606401586.1477218,943322,0.28985506296157837
1606401611.2799828,945832,0.4708520174026489
1606401625.1858578,947157,0.4507042169570923
1606401639.2194698,948430,0.26490065455436707
1606401642.9219859,948753,0.24242424964904785
1606401648.0726967,949246,0.5099601745605469
1606401648.8615134,949313,0.28358209133148193
1606401650.4805143,949482,0.526627242565155
1606401693.4994516,953717,0.5898617506027222
1606401695.794842,953930,0.43192487955093384
1606401697.037188,954043,0.4955752193927765
1606401700.7183802,954374,0.3698113262653351
1606401720.0541022,956118,0.4047619104385376
1606401724.9751103,956590,0.39406779408454895
1606401734.5854576,957569,0.31653887033462524
1606401744.0826735,958438,0.5945945978164673
1606401771.0804536,961098,0.3280632495880127
1606401810.9299462,964862,0.24242424964904785
1606401850.111427,968665,0.42276424169540405
1606401853.106143,968934,0.5151515007019043
1606401854.5401862,969077,0.440559446811676
1606401857.206607,969315,0.550632894039154
1606401906.6786218,970882,0.39612188935279846
1606401912.956165,971081,0.2647058963775635
1606401924.4838436,972111,0.3030303120613098
1606401946.254327,974166,0.4154929518699646
1606401955.5531294,975013,0.5671641826629639
1606401956.9390354,975147,0.4776119291782379
1606401994.5369203,978964,0.4938271641731262
1606402018.269522,981178,0.25757575035095215
1606402033.1211014,982534,0.5327869057655334
1606402033.9991987,982609,0.13333334028720856
1606402038.291427,983019,0.26865673065185547
1606402041.7379255,983338,0.4205128252506256
1606402053.4202988,984454,0.4028339982032776
1606402110.7285655,989975,0.39669421315193176
1606402111.5834155,990041,0.3636363744735718
1606402133.862732,992068,0.40789473056793213
1606402136.8763485,992331,0.4720812141895294
1606402142.815162,992873,0.5073529481887817
1606402152.5778174,993873,0.3070000112056732
1606402189.9345875,997503,0.4545454680919647
1606402195.5616808,998057,0.45375722646713257
1606402211.0590653,999564,0.39393940567970276
1606402225.9556222,1001014,0.2854166626930237
1606402242.1770556,1002598,0.42465752363204956
1606402252.162651,1003568,0.29411765933036804
1606402261.0676415,1004372,0.31147539615631104
1606402288.3497794,1006942,0.39393940567970276
1606402302.3632424,1008352,0.27399998903274536
1606402313.625483,1009529,0.47058823704719543
1606402321.874005,1010401,0.5298013091087341
1606402337.1495664,1011964,0.523809552192688
1606402354.9115615,1013668,0.3380855321884155
1606402364.1466634,1014668,0.3059999942779541
1606402386.3863847,1016893,0.40753424167633057
1606402387.974169,1017025,0.27272728085517883
1606402406.4758642,1018795,0.469453364610672
1606402407.907558,1018903,0.48148149251937866
1606402409.276316,1019036,0.4436090290546417
1606402424.3506804,1020345,0.38823530077934265
1606402494.9574041,1021234,0.3590138554573059
1606402514.835592,1022508,0.5102040767669678
1606402520.5246727,1023057,0.37704917788505554
1606402564.1965108,1027314,0.469696968793869
1606402573.074137,1028199,0.41551724076271057
1606402583.389676,1029176,0.4229249060153961
1606402584.179629,1029242,0.22727273404598236
1606402602.67435,1030948,0.48427674174308777
1606402623.4246511,1032921,0.4308510720729828
1606402634.3067174,1033969,0.5140562057495117
1606402657.5174787,1036295,0.2290000021457672
1606402716.0481079,1041905,0.27272728085517883
1606402731.8452632,1043524,0.23000000417232513
1606402734.306319,1043760,0.41791045665740967
1606402741.1106277,1044378,0.4285714328289032
1606402755.6291852,1045656,0.20000000298023224
1606402779.98944,1047962,0.49514561891555786
1606402790.98622,1049074,0.1944444477558136
1606402805.5408578,1050501,0.3215469717979431
1606402862.6679518,1056059,0.3638644814491272
1606402900.589664,1059564,0.5
1606402908.7406318,1060418,0.31147539615631104
1606402920.7755702,1061624,0.5507246255874634
1606402937.6088269,1063258,0.43609023094177246
1606402961.799474,1065493,0.24620060622692108
1606402968.905159,1066201,0.35593220591545105
1606402969.6250353,1066278,0.5064935088157654
1606402971.7195468,1066479,0.4875621795654297
1606402976.2700596,1066922,0.3837471902370453
1606402995.3792033,1068737,0.40084388852119446
1606403048.5364454,1073887,0.38805970549583435
1606403049.3103418,1073955,0.25
1606403050.067282,1074021,0.19696970283985138
1606403079.919655,1077052,0.46464645862579346
1606403198.4664934,1082630,0.5111111402511597
1606403200.9618146,1082867,0.5298013091087341
1606403225.456669,1085158,0.48201438784599304
1606403234.8717678,1086158,0.20200000703334808
1606403240.2106264,1086649,0.5820895433425903
1606403243.2464986,1086923,0.6969696879386902
1606403244.4056609,1087026,0.553398072719574
1606403256.0739648,1088108,0.32926830649375916
1606403296.0381734,1091913,0.4548872113227844
1606403310.5157633,1093308,0.4716981053352356
1606403315.5461323,1093780,0.4234234094619751
1606403322.964703,1094435,0.1899999976158142
1606403349.4973726,1096937,0.4615384638309479
1606403350.3305151,1097013,0.40789473056793213
1606403373.2786586,1099216,0.5288461446762085
1606403376.0081084,1099495,0.3870967626571655
1606403399.6704936,1101649,0.4285714328289032
1606403418.1757896,1103591,0.20370370149612427
1606403426.1385825,1104310,0.42241379618644714
1606403429.3572404,1104618,0.41735535860061646
1606403438.861553,1105586,0.26483356952667236
1606403496.5650835,1111123,0.4590570628643036
1606403502.0743616,1111644,0.43396225571632385
1606403504.1364684,1111841,0.49238577485084534
1606403506.4699595,1112070,0.4803493320941925
1606403549.8935983,1116379,0.4615384638309479
1606403582.8361545,1119477,0.4385964870452881
1606403599.2268867,1121013,0.39909639954566956
1606403635.6774213,1124451,0.41853034496307373
1606403649.1842058,1125735,0.5760869383811951
1606403652.2235434,1126024,0.47750866413116455
1606403655.962905,1126376,0.5
1606403715.9302459,1132136,0.3963963985443115
1606403731.8817074,1133607,0.2619999945163727
1606403752.9074204,1134992,0.5539568066596985
1606403764.6792438,1136177,0.5351351499557495
1606403766.4709268,1136325,0.29411765933036804
1606403773.348461,1136934,0.5838926434516907
1606403775.6120977,1137131,0.5811966061592102
1606403796.0883322,1139139,0.3100000023841858
1606403801.3746395,1139626,0.4496919810771942
1606403816.0873547,1141030,0.46621620655059814
1606403822.703081,1141662,0.4761904776096344
1606403827.0039725,1142078,0.5614035129547119
1606403841.0649123,1143486,0.46948355436325073
1606403868.1828246,1146109,0.5303030014038086
1606403870.9765007,1146374,0.6000000238418579
1606403871.7682571,1146441,0.43283581733703613
1606403881.8593876,1147441,0.33399999141693115
1606403926.4726589,1151951,0.2485811561346054
1606403976.480214,1156680,0.33220911026000977
1606403988.221522,1157841,0.1899999976158142
1606403992.9812567,1158286,0.4399999976158142
1606404006.1810527,1159602,0.4810126721858978
1606404022.297815,1161021,0.4965517222881317
1606404044.837746,1163264,0.2460000067949295
1606404090.7070658,1167668,0.4757709205150604
1606404098.180758,1168314,0.5297297239303589
1606404157.25891,1173968,0.3908730149269104
1606404200.5087187,1178052,0.32258063554763794
1606404202.7401795,1178267,0.5441860556602478
1606404219.4029624,1179806,0.5019454956054688
1606404225.8836565,1180472,0.32732734084129333
1606404229.0170867,1180734,0.4897959232330322
1606404236.8580315,1181505,0.38041430711746216
1606404252.7208817,1183066,0.5508981943130493
1606404277.5994232,1185381,0.21899999678134918
1606404292.6811576,1186690,0.20200000703334808
1606404349.2056851,1191706,0.25099998712539673
1606404383.056022,1194594,0.48728814721107483
1606404408.9204836,1197176,0.5416666865348816
1606404410.5420685,1197312,0.6470588445663452
1606404446.4142601,1199880,0.3850574791431427
1606404451.4306755,1200330,0.5950413346290588
1606404550.5586517,1209706,0.34203654527664185
1606404553.9179618,1210002,0.5395683646202087
1606404577.295139,1212143,0.5359628796577454
1606404582.8934846,1212638,0.4957983195781708
1606404585.0281866,1212824,0.5376344323158264
1606404590.3988948,1213333,0.4804469347000122
1606404591.3146536,1213412,0.4177215099334717
1606404626.733283,1216911,0.290909081697464
1606404664.061995,1220476,0.5523465871810913
1606404680.2200687,1222112,0.5507246255874634
1606404704.080613,1224473,0.46268656849861145
1606404706.228085,1224644,0.46341463923454285
1606404713.8403099,1225388,0.3476923108100891
1606404747.2356975,1228597,0.46759259700775146
1606404792.896072,1232822,0.4187934994697571
1606404799.448577,1233401,0.4637681245803833
1606404809.2520518,1234239,0.46875
1606404830.7183042,1236123,0.4305555522441864
1606404852.1893477,1238157,0.44117647409439087
1606404853.1657934,1238234,0.4025973975658417
1606404866.0053012,1239405,0.39750444889068604
1606404884.464309,1241052,0.48905110359191895
1606404924.672603,1244864,0.53125
1606404970.487348,1249147,0.49714285135269165
1606404977.3371062,1249757,0.5353535413742065
1606404993.9823148,1251290,0.4699999988079071
1606405038.3703954,1255434,0.4324324429035187
1606405042.7518785,1255840,0.4558139443397522
1606405062.0147743,1257840,0.3149999976158142
1606405067.8336763,1258400,0.5921052694320679
1606405085.729566,1260217,0.465753436088562
1606405172.6099231,1265840,0.47252747416496277
1606405196.4025707,1268314,0.3286467492580414
1606405251.5087905,1273689,0.47191011905670166
1606405267.2657347,1275187,0.39246121048927307
1606405289.2583487,1277403,0.5416666865348816
1606405311.749738,1279614,0.22599999606609344
1606405329.8528736,1281355,0.5283018946647644
1606405344.0160725,1282716,0.3788546323776245
1606405357.9682198,1284179,0.42980560660362244
1606405372.1120236,1285575,0.40429338812828064
1606405378.5783954,1286204,0.3290938138961792
1606405405.643048,1288967,0.37937742471694946
1606405436.92969,1292107,0.1979999989271164
1606405461.802756,1294604,0.41807910799980164
1606405467.8073158,1295189,0.5454545617103577
1606405495.0113146,1297864,0.47926267981529236
1606405525.9925098,1300911,0.5
1606405537.7307646,1302140,0.40611353516578674
1606405590.6115806,1307549,0.2150000035762787
1606405594.0690844,1307873,0.557894766330719
1606405596.8253934,1308114,0.41304346919059753
1606405617.2767835,1310123,0.5194174647331238
1606405683.7977796,1316907,0.6363636255264282
1606405685.2670221,1317051,0.22727273404598236
1606405699.4440174,1318423,0.4503311216831207
1606405713.9874067,1319848,0.4398496150970459
1606405721.6134906,1320596,0.3613138794898987
1606405739.3398967,1322341,0.5604395866394043
1606405755.0425196,1323813,0.5439560413360596
1606405790.9450715,1327330,0.6000000238418579
1606405796.3827612,1327802,0.30882352590560913
1606405852.6810346,1333651,0.6341463327407837
1606405854.5959897,1333826,0.5371428728103638
1606405879.177166,1336261,0.5358649492263794
1606405887.0315154,1336335,0.4864864945411682
1606405933.8576293,1340904,0.2290748953819275
1606405952.6074965,1342707,0.4097560942173004
1606405964.5642955,1344008,0.2980000078678131
1606405967.221805,1344274,0.6688741445541382
1606405979.2897582,1345547,0.3916083872318268
1606405986.7975461,1346284,0.5882353186607361
1606406020.9486403,1349746,0.44736841320991516
1606406041.9044104,1351900,0.5400000214576721
1606406048.3497398,1352564,0.5583756566047668
1606406086.3927896,1356492,0.4933333396911621
1606406087.8196592,1356615,0.39024388790130615
1606406105.6043541,1358423,0.5607843399047852
1606406121.794128,1360024,0.6617646813392639
1606406226.7307365,1370342,0.23100000619888306
1606406251.1656892,1372658,0.43309858441352844
1606406265.6787224,1374072,0.3719806671142578
1606406356.1092765,1382516,0.5176470875740051
1606406383.288683,1385308,0.27300000190734863
1606406406.8304684,1387517,0.3501199185848236
1606406416.1806085,1388517,0.20999999344348907
1606406419.362891,1388815,0.46644294261932373
1606406448.969527,1391643,0.3438202142715454
1606406454.276204,1392131,0.5076923370361328
1606406465.8985724,1393214,0.24699999392032623
1606406494.6157568,1395735,0.4390243887901306
1606406524.8235648,1398555,0.6666666865348816
1606406554.668159,1401118,0.5953307151794434
1606406597.8210351,1405050,0.27000001072883606
1606406615.7356055,1406741,0.5083798766136169
1606406630.5353339,1408104,0.4889867901802063
1606406694.3830836,1414213,0.27062228322029114
1606406706.2181568,1415417,0.406862735748291
1606406714.7125623,1416127,0.20512820780277252
1606406778.6607409,1419892,0.3501872718334198
1606406794.867668,1421485,0.46315789222717285
1606406810.6345503,1422901,0.28669410943984985
1606406822.3817413,1424042,0.2619999945163727
1606406851.6156049,1426615,0.4069981575012207
1606406867.6682808,1427988,0.47184985876083374
1606406883.0846648,1429387,0.28785812854766846
1606406941.278698,1434729,0.4065420627593994
1606406992.305228,1439531,0.21875
1606407016.132882,1441741,0.5360360145568848
1606407051.440262,1445106,0.20000000298023224
1606407151.128309,1454525,0.2029999941587448
1606407152.1027734,1454609,0.380952388048172
1606407152.924131,1454689,0.44999998807907104
1606407177.6612973,1457013,0.4303797483444214
1606407215.812894,1460572,0.5647059082984924
1606407258.3486927,1464762,0.45266273617744446
1606407285.45212,1467540,0.43478259444236755
1606407289.2769113,1467896,0.4410112500190735
1606407307.7765691,1469768,0.6241610646247864
1606407365.3395855,1475058,0.4225352108478546
1606407391.8740685,1477622,0.42741936445236206
1606407432.1295826,1481681,0.40535715222358704
1606407438.6075802,1482290,0.49253731966018677
1606407540.8710506,1492413,0.289000004529953
1606407559.282975,1494210,0.4677419364452362
1606407596.1211667,1497889,0.4327176809310913
1606407619.1957536,1500146,0.4617486298084259
1606407697.4461737,1503897,0.5302663445472717
1606407729.7221143,1506489,0.25999999046325684
1606407757.1539483,1509045,0.52008455991745
1606407767.061953,1510045,0.21699999272823334
1606407840.4077902,1516983,0.529197096824646
1606407850.5173547,1517983,0.23100000619888306
1606407909.8114405,1523499,0.31640058755874634
1606407915.6931489,1524037,0.5546218752861023
1606407917.8656502,1524230,0.606217622756958
1606407970.382162,1529290,0.6319018602371216
1606407986.5261238,1530653,0.24400000274181366
1606407997.3142383,1531653,0.17000000178813934
1606408002.7467318,1532169,0.43798449635505676
1606408005.1791353,1532373,0.5490196347236633
1606408046.515463,1536186,0.5044642686843872
1606408193.3973658,1550587,0.32758620381355286
1606408312.8058622,1562769,0.2937364876270294
1606408335.0055056,1564942,0.4661017060279846
1606408339.8155596,1565418,0.3214285671710968
1606408354.5717094,1566852,0.340753436088562
1606408412.2113035,1572736,0.35904255509376526
1606408492.978872,1580902,0.3315972089767456
1606408741.8858466,1606896,0.2540000081062317
1606408823.591799,1615359,0.3589743673801422
1606408832.8834326,1616359,0.26100000739097595
1606408901.168689,1623499,0.29600000381469727
1606408904.561941,1623826,0.41590213775634766
1606408915.7840974,1625018,0.3208955228328705
1606408926.1267269,1626171,0.28700000047683716
1606409009.4299674,1627936,0.5729166865348816
1606409014.4396048,1628456,0.3403846025466919
1606409022.8920164,1629344,0.3279677927494049
1606409144.7598011,1642259,0.3963963985443115
1606409172.9665923,1645287,0.35745295882225037
1606409189.4229891,1646920,0.3635057508945465
1606409200.3813374,1648059,0.47044333815574646
1606409231.9898894,1651454,0.2540000081062317
1606409302.0211623,1658856,0.3569999933242798
1606409350.1221707,1663831,0.3919753134250641
1606409364.8276877,1665311,0.333812952041626
1606409371.7402697,1666066,0.3973509967327118
1606409431.5582244,1672320,0.2290000021457672
1606409473.2636614,1676750,0.34532374143600464
1606409553.2906594,1685262,0.4758364260196686
1606409593.8306649,1689592,0.5346938967704773
1606409612.7786622,1691540,0.456233412027359
1606409629.766742,1693327,0.5
1606409663.3100288,1696876,0.5064102411270142
1606409675.8248115,1698203,0.46234309673309326
1606409735.7021196,1704756,0.3301486074924469
1606409773.4469433,1708756,0.20200000703334808
1606409820.622963,1713838,0.46315789222717285
1606409839.6547847,1715741,0.5642458200454712
1606409876.0872653,1719493,0.3125
1606409934.9002004,1725660,0.34599998593330383
1606409961.004477,1728298,0.4348561763763428
1606409974.873991,1729685,0.5903614163398743
1606410015.7328355,1733955,0.443359375
1606410091.27664,1741809,0.2844827473163605
1606410142.6331902,1744835,0.39849624037742615
1606410155.6080532,1745909,0.3983739912509918
1606410168.9632392,1747319,0.5268292427062988
1606410178.2386832,1748319,0.32600000500679016
1606410198.7394934,1750490,0.23100000619888306
1606410204.23111,1751043,0.37793850898742676
1606410293.3926485,1760299,0.210999995470047
1606410329.951249,1764172,0.2029999941587448
1606410331.147216,1764293,0.5371900796890259
1606410339.5779147,1765177,0.4463087320327759
1606410367.3735595,1768008,0.2564432919025421
1606410382.3994749,1769635,0.5900900959968567
1606410432.245189,1775047,0.5315533876419067
1606410458.7085695,1777816,0.5193049907684326
1606410504.7225428,1782745,0.6075581312179565
1606410564.5162807,1788947,0.415357768535614
1606410593.3494053,1791908,0.5080321431159973
1606410611.4729102,1793723,0.4532374143600464
1606410634.3768492,1796154,0.41900646686553955
1606410679.9817295,1800985,0.32798394560813904
1606410688.4541507,1801856,0.44834306836128235
1606410764.5476866,1810128,0.4066317677497864
1606410778.6987762,1811569,0.4935622215270996
1606410782.7245772,1811966,0.5239294767379761
1606410885.1673236,1822614,0.2240000069141388
1606410892.081292,1823375,0.3232588768005371
1606410914.2360017,1825779,0.27895981073379517
1606410944.115528,1828837,0.42203742265701294
1606410956.7536342,1830184,0.5706051588058472
1606410988.1680026,1833322,0.4575471580028534
1606411001.4438984,1834732,0.4219512343406677
1606411008.6013584,1835510,0.2802056670188904
1606411089.973014,1844394,0.6170212626457214
1606411106.003679,1846058,0.2800000011920929
1606411160.3899593,1851658,0.3996710479259491
1606411168.3011847,1852440,0.6618704795837402
1606411226.6629367,1858645,0.36000001430511475
1606411240.110576,1860069,0.5967742204666138
1606411252.3504453,1861352,0.21199999749660492
1606411267.3170109,1862942,0.4203389883041382
1606411343.159366,1868554,0.34741783142089844
1606411444.3953912,1879037,0.42403629422187805
1606411468.328102,1881502,0.2567726671695709
1606411517.2032924,1886569,0.3496420085430145
1606411556.6047745,1890866,0.2849999964237213
1606411583.6848273,1893634,0.5131579041481018
1606411605.628552,1895897,0.5
1606411622.1671076,1897675,0.38946014642715454
1606411649.017564,1900600,0.2631579041481018
1606411704.9876573,1906758,0.5184210538864136
1606411709.1891491,1907203,0.4674157202243805
1606411712.356554,1907532,0.5106382966041565
1606411754.5864162,1911881,0.2750000059604645
1606411868.5072768,1923828,0.44481605291366577
1606411894.218653,1926599,0.44805195927619934
1606411920.8550086,1929446,0.21199999749660492
1606411950.3713012,1932444,0.4408233165740967
1606411997.9344609,1937368,0.2349785417318344
1606412026.9829981,1940423,0.5092024803161621
1606412059.406648,1943980,0.43915343284606934
1606412091.7867913,1947472,0.23399999737739563
1606412096.5094638,1947928,0.4517543911933899
1606412143.4083097,1952846,0.6304348111152649
1606412163.1057887,1954934,0.3361203968524933
1606412172.2339215,1955934,0.2669999897480011
1606412183.4338994,1957184,0.28999999165534973
1606412202.5263715,1959255,0.48363634943962097
1606412206.1865141,1959636,0.3569553792476654
1606412208.4619353,1959869,0.5793991684913635
1606412244.8531563,1963759,0.38486841320991516
1606412255.3842137,1964808,0.48156681656837463
1606412273.2369525,1966654,0.4182389974594116
1606412282.9915192,1967654,0.22300000488758087
1606412289.9537628,1968370,0.3519552946090698
1606412291.6128268,1968516,0.6301369667053223
1606412298.5421994,1969218,0.3782051205635071
1606412310.453174,1970423,0.41428571939468384
1606412312.610548,1970628,0.5560975670814514
1606412352.6577697,1974886,0.31750741600990295
1606412476.0871468,1978527,0.2199999988079071
1606412498.841927,1979888,0.28587964177131653
1606412515.5745337,1981704,0.4238095283508301
1606412581.8353019,1988117,0.30799999833106995
1606412643.480996,1994055,0.21899999678134918
1606412649.7361755,1994680,0.3776000142097473
1606412660.0262926,1995680,0.2460000067949295
1606412706.9029267,2000184,0.25999999046325684
1606412748.7553587,2003962,0.2409638613462448
1606412778.2222195,2006705,0.4371941387653351
1606412831.7664366,2011816,0.39677420258522034
1606412891.982558,2017585,0.4305555522441864
1606412926.049337,2020872,0.351458877325058
1606412933.2051902,2021517,0.5360501408576965
1606412944.409353,2022532,0.5714285969734192
1606412992.328118,2027293,0.4976303279399872
1606413024.3784626,2030122,0.42506811022758484
1606413046.05773,2032048,0.3880126178264618
1606413059.2827225,2033271,0.4140844941139221
1606413062.0664825,2033517,0.4186991751194
1606413172.0917532,2044130,0.31437769532203674
1606413232.5953848,2049706,0.3838862478733063
1606413320.339503,2057877,0.43572619557380676
1606413334.412797,2059186,0.5154394507408142
1606413353.6062415,2060940,0.3520485460758209
1606413420.3326228,2067257,0.5185185074806213
1606413456.0788722,2070673,0.3645116984844208
1606413504.4041858,2075521,0.2767379581928253
1606413509.8392148,2076050,0.4839319586753845
1606413520.2905388,2077020,0.5208333134651184
1606413534.5494492,2078381,0.5555555820465088
1606413538.64984,2078760,0.4854881167411804
1606413626.7580245,2086963,0.4919540286064148
1606413676.2838016,2091765,0.42105263471603394
1606413868.2805393,2101288,0.2840000092983246
1606413922.58801,2106488,0.45875251293182373
1606413951.6457436,2109221,0.44130435585975647
1606413972.5686698,2111262,0.25600001215934753
1606413976.8092253,2111615,0.4844192564487457
1606414009.956846,2114664,0.6138613820075989
1606414080.0857453,2121271,0.3009999990463257
1606414088.8743567,2122037,0.5508196949958801
1606414091.9583557,2122316,0.5089605450630188
1606414102.0311964,2123316,0.3919999897480011
1606414150.2299833,2128030,0.2639999985694885
1606414185.3292916,2131433,0.6000000238418579
1606414270.2288542,2139221,0.31905466318130493
1606414365.6911108,2147945,0.4553191363811493
1606414402.9809723,2151358,0.5932203531265259
1606414437.8270772,2154455,0.19900000095367432
1606414442.8571408,2154902,0.4205816686153412
1606414485.207392,2159123,0.20000000298023224
1606414540.645646,2164423,0.3022751808166504
1606414557.7179255,2165988,0.621052622795105
1606414568.3687198,2166954,0.5350877046585083
1606414604.4543514,2170124,0.3552447557449341
1606414607.1557317,2170380,0.6171875
1606414619.5211177,2171519,0.28947368264198303
1606414649.5594018,2174211,0.2706013321876526
1606414775.751297,2186481,0.2616926431655884
1606414809.3720543,2189891,0.23899999260902405
1606414839.856184,2192800,0.2840000092983246
1606414862.8660624,2194961,0.31919193267822266
1606414895.1940093,2198149,0.296999990940094
1606414911.389528,2199622,0.3826954960823059
1606415036.8820212,2207716,0.5152838230133057
1606415098.239434,2213126,0.3889943063259125
1606415109.093792,2214180,0.48322147130966187
1606415113.9376752,2214666,0.4691357910633087
1606415192.0962665,2222031,0.6082802414894104
1606415207.4085891,2223481,0.3542273938655853
1606415213.0635426,2223983,0.42031872272491455
1606415224.3111184,2224988,0.4128440320491791
1606415237.1098783,2226162,0.6192893385887146
1606415241.0934944,2226557,0.5493670701980591
1606415262.5066772,2228615,0.37683823704719543
1606415266.1698267,2228977,0.6243094205856323
1606415331.6282,2234965,0.3625170886516571
1606415360.8012352,2237714,0.3405612111091614
1606415384.3334785,2240022,0.381778746843338
1606415507.2706418,2251334,0.5434173941612244
1606415572.9752831,2257531,0.3199999928474426
1606415601.475945,2260203,0.2368421107530594
1606415630.2033014,2262859,0.5401661992073059
1606415640.9735608,2263696,0.38997215032577515
1606415644.9808185,2264057,0.3601107895374298
1606415697.463798,2268911,0.5182186365127563
1606415704.2399678,2269557,0.44736841320991516
1606415768.6672645,2275560,0.40706318616867065
1606415784.834217,2277120,0.47837838530540466
1606415864.483482,2284911,0.35982659459114075
1606415873.7888231,2285911,0.257999986410141
1606415881.8483467,2286729,0.5288461446762085
1606415885.8291392,2287140,0.5523114204406738
1606415939.4630394,2292491,0.2150000035762787
1606415982.3987412,2296792,0.4956672489643097
1606416002.9049177,2298838,0.49678799510002136
1606416021.9952402,2300726,0.5621890425682068
1606416062.630559,2304726,0.3796791434288025
1606416158.3996816,2307548,0.32472825050354004
1606416164.5003054,2308156,0.4220779240131378
1606416173.0937505,2309009,0.3598553240299225
1606416230.6268983,2315001,0.29600000381469727
1606416260.4732904,2317953,0.5333333611488342
1606416271.5879526,2319009,0.42023345828056335
1606416321.5075622,2323951,0.567415714263916
1606416328.4131877,2324683,0.3087431788444519
1606416341.2244172,2326046,0.2838114798069
1606416374.5760543,2329450,0.5490196347236633
1606416441.8430333,2336406,0.48362720012664795
1606416472.5316637,2339614,0.6197183132171631
1606416539.9777114,2346341,0.3562653660774231
1606416583.5306668,2350860,0.47357723116874695
1606416592.3855333,2351791,0.6168224215507507
1606416598.543432,2352356,0.5692883729934692
1606416607.8365395,2353356,0.2809999883174896
1606416621.7850547,2354768,0.4433399736881256
1606416661.6492596,2358885,0.4534653425216675
1606416696.0775833,2362329,0.27300000190734863
1606416715.282819,2364201,0.5110132098197937
1606416729.9160032,2365604,0.3536754548549652
1606416739.8412828,2366582,0.5181347131729126
1606416798.1905825,2372301,0.35766422748565674
1606416815.870516,2374000,0.4142259359359741
1606416872.0031204,2379499,0.3089999854564667
1606416890.31246,2381224,0.4699738919734955
1606416904.6014013,2382563,0.4417475759983063
1606416931.6536648,2385127,0.46108949184417725
1606416935.8109558,2385491,0.42032966017723083
1606416963.0420141,2387855,0.6059113144874573
1606417013.450666,2392365,0.3378607928752899
1606417055.2631824,2396371,0.34190618991851807
1606417070.1616814,2397791,0.3583916127681732
1606417086.9154925,2399409,0.3576051890850067
1606417097.662823,2400409,0.2939999997615814
1606417151.8230586,2404877,0.4750593900680542
1606417162.551965,2405877,0.22699999809265137
1606417171.8739562,2406695,0.3239608705043793
1606417212.890041,2410373,0.42081448435783386
1606417340.9881349,2416464,0.49246230721473694
1606417362.8914862,2418626,0.5164835453033447
1606417419.6964064,2424164,0.2800000011920929
1606417436.5747433,2425868,0.36647728085517883
1606417492.9224362,2431110,0.35775861144065857
1606417504.5341656,2432103,0.5617977380752563
1606417596.2946165,2440898,0.37080538272857666
1606417659.9579613,2446977,0.6310344934463501
1606417669.1928265,2447833,0.3734290897846222
1606417700.0476077,2450727,0.35878661274909973
1606417714.1519482,2452081,0.36130866408348083
1606417767.988234,2457127,0.35904255509376526
1606417785.0148501,2458508,0.4460431635379791
1606417796.7204142,2459508,0.23100000619888306
