Wall time,Step,Value
1606391444.8627112,3031,0.1382228434085846
1606391513.0074165,10841,0.11637931317090988
1606391546.5094805,14806,0.14800000190734863
1606391626.813473,24225,0.15064102411270142
1606391637.1915717,25461,0.1392931342124939
1606391649.0311766,26869,0.11212814599275589
1606391691.0545697,31911,0.149372860789299
1606391705.75146,33682,0.13539445400238037
1606391773.8685522,41838,0.09574468433856964
1606391780.2537491,42599,0.13605442643165588
1606391909.2329597,56840,0.1289999932050705
1606391942.9825783,60298,0.055737704038619995
1606391969.1774328,62856,0.06083086133003235
1606391978.8351169,63856,0.05900000035762787
1606392011.0172029,67115,0.11016949266195297
1606392085.991154,74752,0.05000000074505806
1606392151.5154307,81257,0.07619047909975052
1606392224.6425416,88741,0.2361111044883728
1606392253.4332595,91611,0.05700000002980232
1606392271.0228372,93296,0.13300000131130219
1606392316.7840014,97893,0.18359375
1606392326.644589,98893,0.07900000363588333
1606392379.384539,104102,0.16876573860645294
1606392405.7278035,106763,0.14499999582767487
1606392419.592302,108186,0.15839242935180664
1606392425.1922092,108722,0.08582089841365814
1606392452.3953924,111403,0.15366430580615997
1606392504.198009,116677,0.020202020183205605
1606392571.0777428,122377,0.1080000028014183
1606392574.0435224,122676,0.12709030508995056
1606392611.638926,126481,0.13099999725818634
1606392668.386582,132231,0.056980058550834656
1606392712.5782554,136657,0.1007268950343132
1606392732.853153,138729,0.1515151560306549
1606392837.502446,149198,0.17100000381469727
1606392882.7434173,153727,0.08299999684095383
1606392909.406875,156342,0.11403508484363556
1606392948.5146773,160284,0.09149622917175293
1606392979.688069,163411,0.052000001072883606
1606393000.0957994,165411,0.09300000220537186
1606393118.6560552,177273,0.057724956423044205
1606393145.1127644,179950,0.1080000028014183
1606393154.9594018,180950,0.11500000208616257
1606393183.1561258,183739,0.07547169923782349
1606393222.3320167,187667,0.125
1606393241.9259686,189667,0.08699999749660492
1606393291.1172323,194603,0.0949999988079071
1606393300.9169736,195603,0.09799999743700027
1606393389.7417223,204490,0.05999999865889549
1606393454.5979075,210947,0.12547528743743896
1606393506.3151991,216127,0.07713498920202255
1606393632.2859142,228787,0.1340000033378601
1606393665.5343604,232163,0.16200000047683716
1606393738.5186422,239379,0.06194690242409706
1606394055.125696,269140,0.13600000739097595
1606394065.052114,270140,0.2590000033378601
1606394124.5718594,275916,0.057999998331069946
1606394205.112817,282912,0.19680851697921753
1606394227.1899083,284798,0.11512415111064911
1606394229.3055582,284985,0.09090909361839294
1606394247.055701,286406,0.12399999797344208
1606394301.0157309,291124,0.03921568766236305
1606394372.601056,297503,0.05321507900953293
1606394403.4069571,300307,0.07711442559957504
1606394404.9830995,300455,0.04054053872823715
1606394488.5826192,307830,0.06213017925620079
1606394594.8309116,317206,0.10300000011920929
1606394609.4876578,318485,0.08243727684020996
1606394736.2186852,329676,0.0560000017285347
1606394751.5288508,330978,0.08609271794557571
1606394769.9212713,332606,0.125
1606394830.5938275,338002,0.382999986410141
1606394871.4438045,341586,0.03333333507180214
1606394894.394037,343586,0.07800000160932541
1606394919.7794802,345801,0.07441860437393188
1606394956.961228,349099,0.05299999937415123
1606395001.741249,353023,0.041999999433755875
1606395077.1917944,359516,0.0903954803943634
1606395133.486921,364431,0.0688018947839737
1606395184.0889153,368751,0.06700000166893005
1606395205.4554377,370584,0.12800000607967377
1606395252.8130212,374631,0.07100000232458115
1606395266.5792663,375806,0.04100000113248825
1606395299.3508945,378621,0.04699999839067459
1606395310.7908125,379597,0.0555555559694767
1606395322.4345133,380597,0.0860000029206276
1606395368.0017319,384683,0.07900000363588333
1606395379.6743999,385683,0.10599999874830246
1606395556.2968192,393547,0.0430000014603138
1606395627.1311867,399685,0.06199999898672104
1606395665.4675803,402925,0.06593406945466995
1606395707.8440633,406742,0.0430000014603138
1606395720.1311603,407848,0.03400000184774399
1606395810.7584913,415740,0.05000000074505806
1606395864.9850862,420574,0.0430000014603138
1606395876.7102625,421574,0.032999999821186066
1606395889.8734696,422699,0.024000000208616257
1606395916.0949912,424952,0.029999999329447746
1606395928.5244465,426018,0.0
1606396036.0184133,435309,0.0476190485060215
1606396062.6270032,437687,0.12169311940670013
1606396097.0196846,440801,0.1379999965429306
1606396126.018625,443362,0.026737967506051064
1606396160.949949,446362,0.07000000029802322
1606396200.7100677,449847,0.06599999964237213
1606396211.9474423,450847,0.0430000014603138
1606396253.0846648,454518,0.10899999737739563
1606396298.687868,458442,0.07500000298023224
1606396473.7005491,473666,0.08299999684095383
1606396537.401655,479143,0.020999999716877937
1606396582.605059,483020,0.03876852989196777
1606396609.7968721,485424,0.07551020383834839
1606396620.8729753,486424,0.06300000101327896
1606396676.7851546,491370,0.10300000011920929
1606396735.2620447,496491,0.06265060603618622
1606396765.1739247,499075,0.11530398577451706
1606396786.241213,500889,0.04273504391312599
1606396830.5466866,504889,0.03200000151991844
1606396835.0157657,505282,0.09669211506843567
1606396873.3161385,508720,0.04566210135817528
1606396920.5468473,512924,0.04018547013401985
1606396934.976216,514345,0.06878306716680527
1606396936.2980638,514479,0.06716418266296387
1606396945.2416139,515356,0.06613454967737198
1606396957.8704736,516554,0.04753819853067398
1606396968.4538004,517554,0.03999999910593033
1606397007.9635646,521456,0.027654867619276047
1606397045.784066,525183,0.06327372789382935
1606397055.666437,526183,0.04600000008940697
1606397067.2927191,527366,0.032786883413791656
1606397091.469177,529739,0.13535353541374207
1606397093.8111684,529958,0.09132420271635056
1606397095.7234783,530134,0.034090910106897354
1606397119.296005,532433,0.02631578966975212
1606397219.3020005,534926,0.08500000089406967
1606397248.4599693,537880,0.027397260069847107
1606397251.0824974,538136,0.01953125
1606397260.6696072,539136,0.024000000208616257
1606397357.381789,548950,0.046454768627882004
1606397387.723502,551976,0.031137725338339806
1606397400.0859106,553211,0.04680851101875305
1606397438.454866,557043,0.05999999865889549
1606397542.3881702,567428,0.024054983630776405
1606397546.7571175,567883,0.08536585420370102
1606397561.3551793,569394,0.049833886325359344
1606397565.5573263,569800,0.030150754377245903
1606397585.3529205,571892,0.05000000074505806
1606397592.7769196,572613,0.00917431153357029
1606397626.8762722,576025,0.033898305147886276
1606397647.1971948,578058,0.13223139941692352
1606397667.946136,580156,0.009900989942252636
1606397681.4348834,581494,0.02985074557363987
1606397695.7246945,582935,0.030683403834700584
1606397723.1724935,585645,0.0
1606397727.4917922,586083,0.016574585810303688
1606397737.9711034,587171,0.01799485832452774
1606397766.322071,590165,0.029999999329447746
1606397799.7082753,593522,0.047457627952098846
1606397802.894544,593831,0.055016182363033295
1606397807.9819973,594329,0.058139536529779434
1606397841.3310204,597634,0.0
1606397850.6728673,598548,0.02631578966975212
1606397881.536645,601653,0.02158273383975029
1606397892.281082,602717,0.03076923079788685
1606397902.3185449,603714,0.04200322926044464
1606397904.3392096,603912,0.01515151560306549
1606397928.7892988,606376,0.02631578966975212
1606397930.2083392,606507,0.015267175622284412
1606397949.7376359,608519,0.005571030545979738
1606397955.52806,609115,0.0
1606397958.1584275,609391,0.025362318381667137
1606397975.0393002,611090,0.013071895577013493
1606397976.9069579,611265,0.017142856493592262
1606397987.3626947,612291,0.01123595517128706
1606397988.3808346,612386,0.0
1606398032.3436532,616843,0.015981735661625862
1606398077.8520138,618164,0.010810811072587967
1606398086.8885999,618731,0.02250000089406967
1606398090.0797489,619043,0.02857142873108387
1606398098.3280578,619842,0.035043805837631226
1606398136.9583998,623831,0.026905829086899757
1606398145.6368241,624713,0.020618556067347527
1606398181.7417467,628454,0.03448275849223137
1606398186.8979528,628968,0.007352941203862429
1606398226.0503466,632891,0.009316770359873772
1606398246.4729447,634938,0.016701461747288704
1606398285.8236163,638963,0.013000000268220901
1606398313.0526547,641873,0.005434782709926367
1606398319.5687351,642501,0.02631578966975212
1606398324.501593,642999,0.009009009227156639
1606398334.2545962,644014,0.0
1606398341.2640922,644728,0.01515151560306549
1606398350.8164392,645677,0.03425559774041176
1606398366.9298446,647214,0.008230452425777912
1606398367.5350518,647280,0.03030303120613098
1606398402.0418298,650664,0.021806852892041206
1606398415.476905,651981,0.03030303120613098
1606398431.3948817,653533,0.0
1606398434.3210163,653817,0.0211267601698637
1606398460.6614172,656476,0.03500000014901161
1606398468.97466,657266,0.04109589010477066
1606398507.4304554,661089,0.04518072307109833
1606398513.448288,661691,0.11764705926179886
1606398551.2570043,665508,0.02734375
1606398552.063851,665599,0.021978022530674934
1606398556.7175941,666055,0.0
1606398557.5907238,666136,0.03703703731298447
1606398558.3229706,666202,0.03030303120613098
1606398607.7139978,671175,0.0714285746216774
1606398646.6252832,675101,0.01904761977493763
1606398647.2117991,675167,0.03030303120613098
1606398657.116215,676141,0.06422018259763718
1606398674.918786,676713,0.017777778208255768
1606398694.1455436,678700,0.03921568766236305
1606398743.9163232,683629,0.01515151560306549
1606398753.892811,684624,0.05775764584541321
1606398782.9420662,687508,0.02857142873108387
1606398808.99743,690124,0.014164306223392487
1606398833.20693,692566,0.012422360479831696
1606398839.5743694,693180,0.014925372786819935
1606398874.0151808,696622,0.0
1606398900.9374018,699322,0.011990407481789589
1606398928.8510923,702148,0.036036036908626556
1606398949.5789185,704234,0.0119225038215518
1606398961.6553786,705397,0.020270269364118576
1606398990.8323467,708314,0.006756756920367479
1606399005.639857,709822,0.023172905668616295
1606399015.1666112,710822,0.017999999225139618
1606399017.285375,711020,0.0
1606399037.896563,713062,0.008130080997943878
1606399051.5776205,714475,0.00401606410741806
1606399062.343931,715614,0.0
1606399068.6277144,716251,0.013513513840734959
1606399069.7520049,716360,0.00917431153357029
1606399140.0342722,723628,0.012121211737394333
1606399185.0651047,728118,0.0451977401971817
1606399226.717849,732382,0.014925372786819935
1606399234.6753294,733211,0.01840490847826004
1606399238.5186257,733622,0.01946472004055977
1606399248.2161531,734688,0.03200000151991844
1606399249.0476174,734766,0.025641025975346565
1606399409.4993033,741363,0.0
1606399414.014159,741800,0.03030303120613098
1606399418.1285152,742206,0.009803921915590763
1606399422.3532043,742623,0.0
1606399425.870236,742986,0.0
1606399432.6443198,743664,0.023419203236699104
1606399443.913496,744826,0.010615711100399494
1606399454.1261947,745873,0.012738853693008423
1606399519.9177885,752567,0.020304568111896515
1606399523.8441477,752930,0.06611569970846176
1606399554.4238303,756043,0.0
1606399574.785147,758095,0.05494505539536476
1606399575.7360392,758184,0.0
1606399582.0474365,758823,0.006410256493836641
1606399583.3675814,758955,0.0
1606399585.2833092,759146,0.07329843193292618
1606399596.696801,760297,0.007518797181546688
1606399613.1591132,761956,0.06562499701976776
1606399654.9400258,766286,0.005291005130857229
1606399655.7203448,766353,0.0
1606399668.0610251,767604,0.06832297891378403
1606399721.0499485,773020,0.012949639931321144
1606399723.5529845,773282,0.011450381949543953
1606399725.6843088,773490,0.0
1606399737.569125,774661,0.01515151560306549
1606399749.602311,775875,0.0
1606399755.56385,776491,0.008116883225739002
1606399772.9416242,778288,0.01773049682378769
1606399777.6146424,778721,0.0
1606399782.6543152,779214,0.0034129691775888205
1606399790.3863165,779989,0.0
1606399813.5628567,782283,0.03030303120613098
1606399908.4202156,785051,0.0
1606399909.151273,785117,0.01515151560306549
1606399914.37923,785640,0.012345679104328156
1606399933.6062253,787614,0.0
1606399955.820935,789797,0.013761468231678009
1606399956.6003387,789863,0.01515151560306549
1606399971.4722667,791372,0.006191950291395187
1606399977.8765771,792000,0.0
1606399984.155652,792651,0.0
1606399986.3284826,792869,0.01315789483487606
1606399992.437946,793470,0.0
1606400004.6894608,794705,0.019400352612137794
1606400012.943627,795572,0.006802720949053764
1606400035.8801,797970,0.008333333767950535
1606400059.2637565,800306,0.0
1606400062.5554304,800608,0.0
1606400068.4703841,801245,0.0
1606400076.3645196,802032,0.0
1606400104.3647606,804959,0.02380952425301075
1606400117.3912127,806379,0.02666666731238365
1606400118.1264172,806445,0.0
1606400119.1781304,806547,0.009803921915590763
1606400121.900447,806801,0.00800000037997961
1606400127.6855605,807370,0.01515151560306549
1606400144.154875,809022,0.007299270015209913
1606400183.5684004,813243,0.01515151560306549
1606400214.172283,816361,0.007299270015209913
1606400230.261536,818076,0.007936508394777775
1606400240.2809362,819096,0.004376367665827274
1606400245.4309561,819596,0.027586206793785095
1606400258.4367259,820926,0.008064515888690948
1606400270.8116012,822212,0.004999999888241291
1606400271.3969944,822279,0.014925372786819935
1606400273.7091126,822505,0.0044247787445783615
1606400286.0993087,823840,0.0059523810632526875
1606400311.6215107,826404,0.0
1606400325.8981855,827860,0.0
1606400337.0789137,828974,0.010638297535479069
1606400351.1293652,830364,0.014925372786819935
1606400353.322791,830585,0.0
1606400370.755509,832364,0.01785714365541935
1606400389.3640983,833163,0.005494505632668734
1606400420.8104978,836406,0.008771929889917374
1606400430.9279783,837370,0.011904762126505375
1606400433.5064557,837616,0.01515151560306549
1606400438.1154177,838057,0.01515151560306549
1606400471.7851784,841516,0.00800000037997961
1606400472.6948824,841600,0.0
1606400477.083839,842033,0.014925372786819935
1606400490.7091749,843442,0.009478673338890076
1606400494.8261914,843825,0.012987012974917889
1606400536.457637,847913,0.0
1606400550.2572088,849319,0.014925372786819935
1606400564.3748977,850656,0.01515151560306549
1606400567.0034115,850868,0.01886792480945587
1606400568.6064491,851013,0.006896551698446274
1606400635.3951876,857544,0.0
1606400644.1998785,858364,0.0
1606400664.4870946,860357,0.0
1606400681.501472,862127,0.014925372786819935
1606400691.1266723,863128,0.0
1606400696.1036716,863632,0.007075471803545952
1606400698.3412344,863849,0.0
1606400724.83531,866409,0.007915567606687546
1606400727.9696522,866627,0.0
1606400746.3314452,867693,0.00800000037997961
1606400753.6026158,868008,0.01515151560306549
1606400758.8381734,868276,0.007407407276332378
1606400763.5944533,868484,0.01515151560306549
1606400786.0066884,870041,0.0
1606400787.6278045,870194,0.01149425283074379
1606400810.0272818,872268,0.012500000186264515
1606400810.8880424,872336,0.10294117778539658
1606400812.339812,872460,0.0
1606400838.0665057,874682,0.0
1606400873.7596729,875215,0.01515151560306549
1606400878.2984567,875640,0.006451612804085016
1606400890.453982,876778,0.0
1606400900.9847023,877803,0.0
1606400909.1720023,878624,0.00390625
1606400912.0164022,878894,0.01785714365541935
1606400931.957989,880774,0.010309278033673763
1606400935.4313278,881079,0.0041841003112494946
1606400948.2454164,882211,0.004999999888241291
1606400955.4164522,882822,0.004175365436822176
1606400965.734951,883849,0.0
1606400968.151808,884060,0.0
1606400975.8225253,884787,0.0
1606401025.6437678,889452,0.00657894741743803
1606401071.7406454,894117,0.010230178944766521
1606401081.8161511,895117,0.004999999888241291
1606401089.832362,895902,0.00486223679035902
1606401091.3801262,896049,0.006802720949053764
1606401097.7699976,896634,0.008438818156719208
1606401100.8176508,896912,0.012658228166401386
1606401114.6687627,898226,0.0
1606401117.9119718,898511,0.01515151560306549
1606401124.105702,899077,0.0
1606401127.5289915,899393,0.0
1606401142.3207202,900761,0.0
1606401158.9723911,902347,0.005154639016836882
1606401164.3165076,902832,0.013245033100247383
1606401178.6827214,904371,0.028985507786273956
1606401191.5336707,905770,0.007000000216066837
1606401192.2858007,905836,0.0
1606401236.4801674,910322,0.12121212482452393
1606401239.8848438,910633,0.0
1606401246.7501783,911271,0.0
1606401248.4903562,911424,0.0
1606401265.7910275,913185,0.0010000000474974513
1606401267.3915381,913317,0.01515151560306549
1606401274.9522731,914027,0.0
1606401293.9328346,915880,0.0
1606401295.4959552,916011,0.022900763899087906
1606401300.4165409,916484,0.01515151560306549
1606401302.6302004,916695,0.007352941203862429
1606401304.4428763,916867,0.0
1606401312.5387316,917692,0.007075471803545952
1606401340.2882264,920517,0.0
1606401343.9592564,920882,0.007326007355004549
1606401346.7157016,921130,0.01515151560306549
1606401348.1014278,921268,0.0
1606401354.3060524,921832,0.00561797758564353
1606401372.4653387,923728,0.0010395010467618704
1606401395.4520435,925069,0.0
1606401401.6624901,925630,0.0
1606401445.1733146,929844,0.016129031777381897
1606401459.3039145,931209,0.0011876485077664256
1606401461.7409732,931427,0.0
1606401484.391006,933626,0.0
1606401486.351753,933801,0.011428571306169033
1606401498.9662921,935061,0.0
1606401503.133977,935410,0.016129031777381897
1606401504.1562722,935502,0.0
1606401505.5704067,935634,0.0
1606401507.9135244,935831,0.0
1606401508.5779922,935897,0.01515151560306549
1606401520.5577366,937008,0.014084506779909134
1606401527.500903,937669,0.006976744160056114
1606401547.3939402,939753,0.010638297535479069
1606401586.1477578,943322,0.0
1606401611.2800403,945832,0.0022421525791287422
1606401625.1859038,947157,0.0
1606401639.2195666,948430,0.005298013333231211
1606401642.9220235,948753,0.0
1606401648.0727468,949246,0.0039840638637542725
1606401648.8615854,949313,0.0
1606401650.4805536,949482,0.0
1606401693.4995017,953717,0.004608294926583767
1606401695.7948925,953930,0.018779342994093895
1606401697.037229,954043,0.0
1606401700.7184322,954374,0.0
1606401720.054143,956118,0.0
1606401724.9751763,956590,0.0042372881434857845
1606401734.5855598,957569,0.0
1606401744.0827134,958438,0.0
1606401771.0805445,961098,0.0026350461412221193
1606401810.9299839,964862,0.01515151560306549
1606401850.111465,968665,0.0
1606401853.1061804,968934,0.0
1606401854.5402296,969077,0.0
1606401857.2066498,969315,0.006329114083200693
1606401906.6786864,970882,0.008310249075293541
1606401912.9562106,971081,0.009803921915590763
1606401924.483887,972111,0.0
1606401946.2543657,974166,0.0
1606401955.5531673,975013,0.05970149114727974
1606401956.9390736,975147,0.0
1606401994.53699,978964,0.0
1606402018.269565,981178,0.0
1606402033.1211364,982534,0.0
1606402033.9992352,982609,0.0
1606402038.291464,983019,0.0
1606402041.7379725,983338,0.0
1606402053.4203699,984454,0.004048583097755909
1606402110.7286465,989975,0.0033057851251214743
1606402111.583452,990041,0.0
1606402133.8627818,992068,0.004385964944958687
1606402136.876395,992331,0.005076142027974129
1606402142.815204,992873,0.007352941203862429
1606402152.577941,993873,0.0010000000474974513
1606402189.9346213,997503,0.01515151560306549
1606402195.5617433,998057,0.005780346691608429
1606402211.0591035,999564,0.0
1606402225.9557269,1001014,0.004166666883975267
1606402242.177136,1002598,0.0017123287543654442
1606402252.1626859,1003568,0.014705882407724857
1606402261.0677125,1004372,0.0
1606402288.3498194,1006942,0.01515151560306549
1606402302.3634,1008352,0.0
1606402313.6255195,1009529,0.0
1606402321.8740559,1010401,0.0
1606402337.1496067,1011964,0.0
1606402354.911621,1013668,0.0020366599783301353
1606402364.146771,1014668,0.004999999888241291
1606402386.3864377,1016893,0.0
1606402387.974204,1017025,0.01515151560306549
1606402406.4759176,1018795,0.0
1606402407.907607,1018903,0.0
1606402409.2763593,1019036,0.007518797181546688
1606402424.350723,1020345,0.0058823530562222
1606402494.957503,1021234,0.004622496198862791
1606402514.8356495,1022508,0.005102040711790323
1606402520.5247467,1023057,0.0036429872270673513
1606402564.1965451,1027314,0.0
1606402573.0742114,1028199,0.0
1606402583.3897266,1029176,0.0
1606402584.1796672,1029242,0.01515151560306549
1606402602.6743956,1030948,0.0
1606402623.4246986,1032921,0.005319148767739534
1606402634.306764,1033969,0.0
1606402657.5175912,1036295,0.0010000000474974513
1606402716.0481482,1041905,0.0
1606402731.8453648,1043524,0.0
1606402734.3063557,1043760,0.0
1606402741.1106696,1044378,0.0
1606402755.629223,1045656,0.02857142873108387
1606402779.9894743,1047962,0.0
1606402790.986256,1049074,0.0
1606402805.5409741,1050501,0.0
1606402862.6680427,1056059,0.001254705130122602
1606402900.5897157,1059564,0.0
1606402908.740759,1060418,0.0011709601385518909
1606402920.7756088,1061624,0.0
1606402937.6088789,1063258,0.0
1606402961.7995539,1065493,0.0015197568573057652
1606402968.9052517,1066201,0.0014124293811619282
1606402969.6250734,1066278,0.0
1606402971.7195938,1066479,0.0
1606402976.2701175,1066922,0.0
1606402995.3792691,1068737,0.0
1606403048.5364816,1073887,0.014925372786819935
1606403049.310376,1073955,0.0
1606403050.0673208,1074021,0.04545454680919647
1606403079.9196925,1077052,0.0
1606403198.4665325,1082630,0.0
1606403200.9618547,1082867,0.0066225165501236916
1606403225.456715,1085158,0.0
1606403234.8718715,1086158,0.0020000000949949026
1606403240.2106583,1086649,0.014925372786819935
1606403243.2465332,1086923,0.0
1606403244.4056985,1087026,0.0
1606403256.074009,1088108,0.0
1606403296.0382245,1091913,0.0
1606403310.5158055,1093308,0.0
1606403315.5461707,1093780,0.0
1606403322.964751,1094435,0.0
1606403349.4974177,1096937,0.0
1606403350.330553,1097013,0.0
1606403373.2787,1099216,0.0
1606403376.008159,1099495,0.0
1606403399.67053,1101649,0.0
1606403418.1758733,1103591,0.002314814832061529
1606403426.1386182,1104310,0.0
1606403429.3572886,1104618,0.00413223123177886
1606403438.8616464,1105586,0.0014471779577434063
1606403496.5651495,1111123,0.002481389557942748
1606403502.0744164,1111644,0.0
1606403504.136573,1111841,0.005076142027974129
1606403506.470004,1112070,0.0043668122962117195
1606403549.8936512,1116379,0.0
1606403582.8361979,1119477,0.0
1606403599.226972,1121013,0.0060240961611270905
1606403635.6774855,1124451,0.00319488812237978
1606403649.1842399,1125735,0.0
1606403652.223598,1126024,0.0
1606403655.9629483,1126376,0.0
1606403715.9303174,1132136,0.0
1606403731.8818235,1133607,0.0
1606403752.9074612,1134992,0.0
1606403764.6792889,1136177,0.0
1606403766.4709604,1136325,0.0
1606403773.3485036,1136934,0.01342281885445118
1606403775.6121361,1137131,0.0
1606403796.0884395,1139139,0.0020000000949949026
1606403801.3747077,1139626,0.0
1606403816.0873978,1141030,0.0
1606403822.7031152,1141662,0.0
1606403827.0040092,1142078,0.0
1606403841.0649588,1143486,0.004694835748523474
1606403868.1828623,1146109,0.0
1606403870.9765377,1146374,0.0
1606403871.7682967,1146441,0.0
1606403881.859484,1147441,0.003000000026077032
1606403926.4727545,1151951,0.001135073835030198
1606403976.4802907,1156680,0.0016863406635820866
1606403988.2216249,1157841,0.0020000000949949026
1606403992.9813015,1158286,0.0
1606404006.1811194,1159602,0.0
1606404022.29786,1161021,0.0
1606404044.838018,1163264,0.0020000000949949026
1606404090.7071137,1167668,0.0044052861630916595
1606404098.1808026,1168314,0.0
1606404157.2590046,1173968,0.003968254197388887
1606404200.508761,1178052,0.0
1606404202.7402928,1178267,0.0
1606404219.4030204,1179806,0.0
1606404225.8837323,1180472,0.0015015015378594398
1606404229.0171285,1180734,0.010204081423580647
1606404236.8581145,1181505,0.0018832391360774636
1606404252.7209387,1183066,0.0
1606404277.5997095,1185381,0.0010000000474974513
1606404292.6813662,1186690,0.0010000000474974513
1606404349.206053,1191706,0.0020000000949949026
1606404383.0560744,1194594,0.0
1606404408.9205418,1197176,0.0
1606404410.5421102,1197312,0.007352941203862429
1606404446.4143043,1199880,0.0
1606404451.4307218,1200330,0.00826446246355772
1606404550.5587459,1209706,0.0013054830487817526
1606404553.918008,1210002,0.0
1606404577.295203,1212143,0.0
1606404582.8935266,1212638,0.0
1606404585.0282342,1212824,0.0
1606404590.398953,1213333,0.0
1606404591.3146935,1213412,0.012658228166401386
1606404626.7333882,1216911,0.0
1606404664.062047,1220476,0.003610108280554414
1606404680.2201107,1222112,0.014492753893136978
1606404704.0806525,1224473,0.0
1606404706.2281227,1224644,0.0
1606404713.840405,1225388,0.0
1606404747.235807,1228597,0.004629629664123058
1606404792.8961687,1232822,0.0034802784211933613
1606404799.4486282,1233401,0.0
1606404809.2520916,1234239,0.0
1606404830.7183487,1236123,0.0
1606404852.1893919,1238157,0.007352941203862429
1606404853.165831,1238234,0.012987012974917889
1606404866.005388,1239405,0.001782531151548028
1606404884.4643574,1241052,0.0
1606404924.6726453,1244864,0.0
1606404970.4874442,1249147,0.0
1606404977.3371472,1249757,0.010101010091602802
1606404993.9824262,1251290,0.004999999888241291
1606405038.3704588,1255434,0.004914004821330309
1606405042.7519286,1255840,0.0
1606405062.0148966,1257840,0.0010000000474974513
1606405067.8337195,1258400,0.0
1606405085.7296014,1260217,0.013698630034923553
1606405172.6099615,1265840,0.0
1606405196.402646,1268314,0.0
1606405251.508839,1273689,0.0
1606405267.2657964,1275187,0.0
1606405289.2584045,1277403,0.0
1606405311.7498345,1279614,0.0020000000949949026
1606405329.8529139,1281355,0.0
1606405344.0161374,1282716,0.006607929710298777
1606405357.9682772,1284179,0.0021598271559923887
1606405372.1121147,1285575,0.003577817464247346
1606405378.5784786,1286204,0.0
1606405405.643116,1288967,0.0019455252913758159
1606405436.929795,1292107,0.0010000000474974513
1606405461.802819,1294604,0.0
1606405467.8073516,1295189,0.0
1606405495.011359,1297864,0.0
1606405525.9925432,1300911,0.0
1606405537.7308433,1302140,0.0
1606405590.6116948,1307549,0.0010000000474974513
1606405594.069127,1307873,0.0
1606405596.8254366,1308114,0.0
1606405617.2768328,1310123,0.0
1606405683.7978215,1316907,0.0
1606405685.2670531,1317051,0.0
1606405699.444061,1318423,0.0066225165501236916
1606405713.9874527,1319848,0.003759398590773344
1606405721.6135397,1320596,0.0036496350076049566
1606405739.339933,1322341,0.010989011265337467
1606405755.0425627,1323813,0.0
1606405790.945106,1327330,0.0
1606405796.3828235,1327802,0.0
1606405852.6810763,1333651,0.008130080997943878
1606405854.5960348,1333826,0.0
1606405879.177214,1336261,0.0
1606405887.0316186,1336335,0.0
1606405933.857723,1340904,0.0
1606405952.607556,1342707,0.0
1606405964.564387,1344008,0.0020000000949949026
1606405967.2218475,1344274,0.0
1606405979.2897987,1345547,0.0
1606405986.7975943,1346284,0.005347593687474728
1606406020.9486854,1349746,0.004385964944958687
1606406041.9044678,1351900,0.0
1606406048.3497837,1352564,0.0
1606406086.3928258,1356492,0.0
1606406087.8196983,1356615,0.0
1606406105.6044037,1358423,0.0
1606406121.79416,1360024,0.0
1606406226.730858,1370342,0.0020000000949949026
1606406251.165741,1372658,0.0
1606406265.678781,1374072,0.0
1606406356.1093137,1382516,0.0
1606406383.288778,1385308,0.0020000000949949026
1606406406.8305235,1387517,0.0
1606406416.1807227,1388517,0.0010000000474974513
1606406419.3630288,1388815,0.0
1606406448.9695883,1391643,0.004494382068514824
1606406454.2762432,1392131,0.0
1606406465.8986974,1393214,0.0
1606406494.6158004,1395735,0.0
1606406524.823603,1398555,0.0
1606406554.668219,1401118,0.0
1606406597.8211455,1405050,0.0010000000474974513
1606406615.7356644,1406741,0.0
1606406630.5353873,1408104,0.008810572326183319
1606406694.3832202,1414213,0.0072358897887170315
1606406706.2182055,1415417,0.0049019609577953815
1606406714.712606,1416127,0.0
1606406778.6608138,1419892,0.00187265919521451
1606406794.86772,1421485,0.0
1606406810.6346714,1422901,0.0013717421097680926
1606406822.381845,1424042,0.0
1606406851.6156838,1426615,0.003683241317048669
1606406867.668349,1427988,0.0
1606406883.0847561,1429387,0.001364256488159299
1606406941.2787611,1434729,0.004672897048294544
1606406992.305314,1439531,0.0012499999720603228
1606407016.1329331,1441741,0.009009009227156639
1606407051.4403841,1445106,0.003000000026077032
1606407151.1284103,1454525,0.004999999888241291
1606407152.1028275,1454609,0.0
1606407152.9241748,1454689,0.0
1606407177.6613357,1457013,0.0
1606407215.8129323,1460572,0.0
1606407258.3487422,1464762,0.002958579920232296
1606407285.4521651,1467540,0.0
1606407289.2769897,1467896,0.002808988792821765
1606407307.7766519,1469768,0.00671140942722559
1606407365.3396244,1475058,0.0
1606407391.8741188,1477622,0.0
1606407432.1296494,1481681,0.0035714285913854837
1606407438.6076183,1482290,0.0
1606407540.8711603,1492413,0.0020000000949949026
1606407559.2830203,1494210,0.005376344081014395
1606407596.1212263,1497889,0.0
1606407619.195813,1500146,0.0027322403620928526
1606407697.446263,1503897,0.002421307610347867
1606407729.7222412,1506489,0.0020000000949949026
1606407757.1540127,1509045,0.002114164875820279
1606407767.06206,1510045,0.0
1606407840.4078457,1516983,0.0
1606407850.517463,1517983,0.004000000189989805
1606407909.811528,1523499,0.0
1606407915.6932008,1524037,0.0
1606407917.8656993,1524230,0.005181347019970417
1606407970.382209,1529290,0.0
1606407986.526249,1530653,0.003000000026077032
1606407997.314346,1531653,0.0
1606408002.7469122,1532169,0.0
1606408005.1791852,1532373,0.0049019609577953815
1606408046.5155282,1536186,0.0022321429569274187
1606408193.3974354,1550587,0.0038314175326377153
1606408312.8059292,1562769,0.0043196543119847775
1606408335.0055506,1564942,0.0
1606408339.8157215,1565418,0.0021008404437452555
1606408354.5717835,1566852,0.0
1606408412.2114015,1572736,0.0013297871919348836
1606408492.9789782,1580902,0.0034722222480922937
1606408741.885997,1606896,0.004000000189989805
1606408823.5918684,1615359,0.003418803447857499
1606408832.8835359,1616359,0.0010000000474974513
1606408901.168783,1623499,0.0
1606408904.5619924,1623826,0.0030581040773540735
1606408915.7841704,1625018,0.0018656715983524919
1606408926.126862,1626171,0.007000000216066837
1606409009.4300086,1627936,0.0
1606409014.4396822,1628456,0.003846153849735856
1606409022.8920765,1629344,0.0
1606409144.759864,1642259,0.0022522523067891598
1606409172.9666715,1645287,0.004341533873230219
1606409189.423075,1646920,0.0014367816038429737
1606409200.3813927,1648059,0.0
1606409231.989994,1651454,0.006000000052154064
1606409302.021256,1658856,0.004000000189989805
1606409350.1222475,1663831,0.0
1606409364.827765,1665311,0.0014388489071279764
1606409371.740385,1666066,0.0
1606409431.5583236,1672320,0.003000000026077032
1606409473.2637422,1676750,0.0
1606409553.2907157,1685262,0.0
1606409593.8307145,1689592,0.0
1606409612.7787147,1691540,0.0
1606409629.7668068,1693327,0.0
1606409663.3100803,1696876,0.0
1606409675.8248804,1698203,0.0020920501556247473
1606409735.7022154,1704756,0.0031847134232521057
1606409773.447037,1708756,0.0020000000949949026
1606409820.6230052,1713838,0.005263158120214939
1606409839.654857,1715741,0.0
1606409876.0873537,1719493,0.003537735901772976
1606409934.9005318,1725660,0.0010000000474974513
1606409961.0045464,1728298,0.001692047342658043
1606409974.8740356,1729685,0.0
1606410015.7329073,1733955,0.0
1606410091.2767386,1741809,0.0021551724057644606
1606410142.6332467,1744835,0.0
1606410155.6081061,1745909,0.0
1606410168.9632945,1747319,0.0
1606410178.2387812,1748319,0.003000000026077032
1606410198.7396066,1750490,0.0020000000949949026
1606410204.2311795,1751043,0.0018083183094859123
1606410293.3927517,1760299,0.0020000000949949026
1606410329.9513555,1764172,0.0020000000949949026
1606410331.1472597,1764293,0.0
1606410339.5779846,1765177,0.0
1606410367.3736498,1768008,0.0012886597542092204
1606410382.3995225,1769635,0.0045045046135783195
1606410432.2452471,1775047,0.0024271844886243343
1606410458.7086391,1777816,0.00193050189409405
1606410504.7226007,1782745,0.0029069767333567142
1606410564.5163567,1788947,0.0017452007159590721
1606410593.3494728,1791908,0.0
1606410611.472971,1793723,0.0
1606410634.3769135,1796154,0.0021598271559923887
1606410679.9818225,1800985,0.002006018068641424
1606410688.4542143,1801856,0.001949317753314972
1606410764.5477698,1810128,0.0
1606410778.698839,1811569,0.0
1606410782.724631,1811966,0.0
1606410885.1674244,1822614,0.0020000000949949026
1606410892.0813706,1823375,0.0
1606410914.2361152,1825779,0.0011820330983027816
1606410944.1155903,1828837,0.0
1606410956.7536886,1830184,0.0028818442951887846
1606410988.1680503,1833322,0.0
1606411001.44396,1834732,0.002439024392515421
1606411008.601436,1835510,0.0025706940796226263
1606411089.9730575,1844394,0.0
1606411106.0037792,1846058,0.0020000000949949026
1606411160.3900313,1851658,0.0
1606411168.3012233,1852440,0.0
1606411226.663019,1858645,0.004444444552063942
1606411240.1106207,1860069,0.0
1606411252.350571,1861352,0.0010000000474974513
1606411267.31709,1862942,0.0
1606411343.1594653,1868554,0.0015649452107027173
1606411444.3954487,1879037,0.0022675737272948027
1606411468.3282194,1881502,0.0011778563493862748
1606411517.203376,1886569,0.00119331746827811
1606411556.604877,1890866,0.0020000000949949026
1606411583.6848898,1893634,0.0021929824724793434
1606411605.6285868,1895897,0.0
1606411622.1671896,1897675,0.0
1606411649.0176747,1900600,0.0
1606411704.9877102,1906758,0.0
1606411709.1892161,1907203,0.0
1606411712.356609,1907532,0.0
1606411754.5865152,1911881,0.0020000000949949026
1606411868.507324,1923828,0.006688963156193495
1606411894.2187135,1926599,0.0043290043249726295
1606411920.8551064,1929446,0.0
1606411950.371371,1932444,0.0
1606411997.934554,1937368,0.0010729613713920116
1606412026.9830537,1940423,0.0
1606412059.4066908,1943980,0.0
1606412091.7869394,1947472,0.0010000000474974513
1606412096.5095236,1947928,0.004385964944958687
1606412143.4083457,1952846,0.0
1606412163.1058624,1954934,0.0
1606412172.2340143,1955934,0.0
1606412183.4340076,1957184,0.0020000000949949026
1606412202.5264187,1959255,0.0
1606412206.186578,1959636,0.002624671906232834
1606412208.4619834,1959869,0.0
1606412244.8532434,1963759,0.0016447368543595076
1606412255.3842745,1964808,0.009216589853167534
1606412273.2370088,1966654,0.003144653979688883
1606412282.9916186,1967654,0.0010000000474974513
1606412289.9538429,1968370,0.002793296007439494
1606412291.6128724,1968516,0.0
1606412298.5422583,1969218,0.0
1606412310.4532506,1970423,0.0
1606412312.6105952,1970628,0.004878048785030842
1606412352.6578438,1974886,0.0014836795162409544
1606412476.0872803,1978527,0.0010000000474974513
1606412498.8421957,1979888,0.0
1606412515.5746112,1981704,0.0
1606412581.835475,1988117,0.0020000000949949026
1606412643.4810927,1994055,0.0
1606412649.73626,1994680,0.0015999999595806003
1606412660.0263867,1995680,0.0010000000474974513
1606412706.9030352,2000184,0.0020000000949949026
1606412748.755467,2003962,0.0024096386041492224
1606412778.2223096,2006705,0.0
1606412831.7665548,2011816,0.003225806402042508
1606412891.9826043,2017585,0.0
1606412926.0494304,2020872,0.0013262599240988493
1606412933.2052464,2021517,0.0
1606412944.4093988,2022532,0.0
1606412992.3282607,2027293,0.002369668334722519
1606413024.3785326,2030122,0.0
1606413046.0578146,2032048,0.0031545741949230433
1606413059.2827818,2033271,0.0
1606413062.0665338,2033517,0.0
1606413172.0918558,2044130,0.0010729613713920116
1606413232.5954864,2049706,0.0015797788510099053
1606413320.3395827,2057877,0.00500834733247757
1606413334.412859,2059186,0.0
1606413353.6064634,2060940,0.004552352242171764
1606413420.332669,2067257,0.0
1606413456.0789638,2070673,0.0
1606413504.4042673,2075521,0.002673796843737364
1606413509.8393,2076050,0.0018903592135757208
1606413520.2906647,2077020,0.0034722222480922937
1606413534.5495348,2078381,0.0
1606413538.649902,2078760,0.0
1606413626.7580905,2086963,0.002298850566148758
1606413676.2838428,2091765,0.0
1606413868.2806447,2101288,0.0020000000949949026
1606413922.5880718,2106488,0.0020120723638683558
1606413951.6458056,2109221,0.0
1606413972.568783,2111262,0.0
1606413976.8092828,2111615,0.00283286115154624
1606414009.9568923,2114664,0.0
1606414080.085928,2121271,0.0020000000949949026
1606414088.874412,2122037,0.0
1606414091.9584196,2122316,0.0
1606414102.031304,2123316,0.0
1606414150.2300787,2128030,0.0
1606414185.32934,2131433,0.004347825888544321
1606414270.228962,2139221,0.0014771048445254564
1606414365.691179,2147945,0.0021276595070958138
1606414402.9810145,2151358,0.0
1606414437.827197,2154455,0.0010000000474974513
1606414442.85721,2154902,0.0022371364757418633
1606414485.207743,2159123,0.0020000000949949026
1606414540.6457474,2164423,0.003250270849093795
1606414557.7179759,2165988,0.0
1606414568.3687623,2166954,0.0
1606414604.4544413,2170124,0.0
1606414607.1557841,2170380,0.0
1606414619.521225,2171519,0.0030364373233169317
1606414649.5595567,2174211,0.0022271715570241213
1606414775.7513988,2186481,0.0
1606414809.372165,2189891,0.0010000000474974513
1606414839.8563533,2192800,0.0020000000949949026
1606414862.8661268,2194961,0.002020202111452818
1606414895.1941185,2198149,0.0020000000949949026
1606414911.3896167,2199622,0.001663893461227417
1606415036.8820999,2207716,0.0
1606415098.2396247,2213126,0.0
1606415109.093836,2214180,0.0
1606415113.9377458,2214666,0.002057613106444478
1606415192.0963216,2222031,0.0
1606415207.4086764,2223481,0.0014577260008081794
1606415213.063625,2223983,0.0
1606415224.3111897,2224988,0.0036697247996926308
1606415237.1099203,2226162,0.0
1606415241.0935524,2226557,0.0025316455867141485
1606415262.506752,2228615,0.0036764706019312143
1606415266.1698818,2228977,0.0
1606415331.6282983,2234965,0.001367989112623036
1606415360.8013186,2237714,0.0
1606415384.3335385,2240022,0.0
1606415507.2707057,2251334,0.0
1606415572.9753811,2257531,0.0
1606415601.475991,2260203,0.0
1606415630.2033675,2262859,0.0
1606415640.9736137,2263696,0.002785515272989869
1606415644.9809587,2264057,0.005540166050195694
1606415697.4638937,2268911,0.0
1606415704.2400646,2269557,0.0030959751456975937
1606415768.6673388,2275560,0.0018587360391393304
1606415784.8342752,2277120,0.0
1606415864.4835773,2284911,0.0014450866729021072
1606415873.7889228,2285911,0.0010000000474974513
1606415881.8484063,2286729,0.0
1606415885.8291993,2287140,0.0
1606415939.4631393,2292491,0.006000000052154064
1606415982.3988438,2296792,0.001733102253638208
1606416002.9049835,2298838,0.0
1606416021.9952965,2300726,0.002487562131136656
1606416062.6306288,2304726,0.003565062303096056
1606416158.3997667,2307548,0.0
1606416164.5003579,2308156,0.0
1606416173.0938227,2309009,0.0036166366189718246
1606416230.627039,2315001,0.0
1606416260.473334,2317953,0.0
1606416271.5880308,2319009,0.0038910505827516317
1606416321.5076296,2323951,0.0
1606416328.4132664,2324683,0.0013661201810464263
1606416341.2245293,2326046,0.0020491802133619785
1606416374.5760903,2329450,0.0
1606416441.843095,2336406,0.002518891589716077
1606416472.531698,2339614,0.0
1606416539.9778051,2346341,0.0
1606416583.5307293,2350860,0.0020325202494859695
1606416592.3855793,2351791,0.0
1606416598.543555,2352356,0.00374531839042902
1606416607.8366363,2353356,0.0020000000949949026
1606416621.7851348,2354768,0.0
1606416661.6493258,2358885,0.0
1606416696.0776823,2362329,0.004000000189989805
1606416715.2828898,2364201,0.0
1606416729.9160957,2365604,0.002773925196379423
1606416739.8413393,2366582,0.0
1606416798.190686,2372301,0.001459853956475854
1606416815.8705935,2374000,0.008368200622498989
1606416872.0032167,2379499,0.003000000026077032
1606416890.3125288,2381224,0.0
1606416904.6014602,2382563,0.0
1606416931.6537335,2385127,0.0
1606416935.8110175,2385491,0.002747252816334367
1606416963.0420642,2387855,0.004926108289510012
1606417013.4507537,2392365,0.0
1606417055.2632966,2396371,0.0015128592494875193
1606417070.1617703,2397791,0.0017482517287135124
1606417086.9155755,2399409,0.0
1606417097.6629899,2400409,0.0010000000474974513
1606417151.8231444,2404877,0.0
1606417162.5521002,2405877,0.003000000026077032
1606417171.8740559,2406695,0.0012224939418956637
1606417212.890103,2410373,0.0
1606417340.9881973,2416464,0.0
1606417362.891545,2418626,0.0
1606417419.6965125,2424164,0.0
1606417436.5748618,2425868,0.0014204545877873898
1606417492.922541,2431110,0.0010775862028822303
1606417504.5342329,2432103,0.002808988792821765
1606417596.2946987,2440898,0.0
1606417659.9580147,2446977,0.003448275849223137
1606417669.1928995,2447833,0.0017953321803361177
1606417700.047711,2450727,0.0010460250778123736
1606417714.152045,2452081,0.001422475092113018
1606417767.988329,2457127,0.002659574383869767
1606417785.014967,2458508,0.0047961631789803505
1606417796.7205346,2459508,0.0
