Wall time,Step,Value
1606391444.8624558,3031,0.12976022064685822
1606391513.0072448,10841,0.15301723778247833
1606391546.5091965,14806,0.14399999380111694
1606391626.813264,24225,0.17307692766189575
1606391637.1914105,25461,0.16008315980434418
1606391649.0310214,26869,0.16933637857437134
1606391691.054308,31911,0.12086658924818039
1606391705.7512016,33682,0.1364605575799942
1606391773.868451,41838,0.19148936867713928
1606391780.2536166,42599,0.15306122601032257
1606391909.2326434,56840,0.03700000047683716
1606391942.9822147,60298,0.03934426233172417
1606391969.1771889,62856,0.044510386884212494
1606391978.8347905,63856,0.041999999433755875
1606392011.017064,67115,0.025423727929592133
1606392085.9907923,74752,0.06199999898672104
1606392151.5153065,81257,0.05714285746216774
1606392224.642254,88741,0.028935184702277184
1606392253.432922,91611,0.03200000151991844
1606392271.0224879,93296,0.04899999871850014
1606392316.78385,97893,0.05078125
1606392326.6442766,98893,0.03799999877810478
1606392379.3843162,104102,0.05541561543941498
1606392405.7274969,106763,0.05000000074505806
1606392419.5921144,108186,0.030732860788702965
1606392425.1919894,108722,0.03544776141643524
1606392452.3951921,111403,0.042553190141916275
1606392504.1978922,116677,0.05050504952669144
1606392571.077425,122377,0.11400000005960464
1606392574.0433688,122676,0.06020066887140274
1606392611.63861,126481,0.09399999678134918
1606392668.3863995,132231,0.045584045350551605
1606392712.5779498,136657,0.05607476457953453
1606392732.85304,138729,0.07575757801532745
1606392837.5021331,149198,0.041999999433755875
1606392882.7431126,153727,0.04500000178813934
1606392909.4067109,156342,0.09649122506380081
1606392948.514373,160284,0.031216362491250038
1606392979.6877577,163411,0.06300000101327896
1606393000.0954993,165411,0.09600000083446503
1606393118.6558285,177273,0.14940577745437622
1606393145.112437,179950,0.039000000804662704
1606393154.959088,180950,0.039000000804662704
1606393183.1559873,183739,0.056603774428367615
1606393222.3314855,187667,0.07400000095367432
1606393241.925667,189667,0.04699999839067459
1606393291.1168966,194603,0.06700000166893005
1606393300.9166582,195603,0.07199999690055847
1606393389.7414074,204490,0.0430000014603138
1606393454.5976896,210947,0.058935362845659256
1606393506.3150222,216127,0.04407713562250137
1606393632.2856128,228787,0.07699999958276749
1606393665.5340428,232163,0.03099999949336052
1606393738.5184038,239379,0.08997049927711487
1606394055.1253686,269140,0.09099999815225601
1606394065.0518172,270140,0.07599999755620956
1606394124.5715284,275916,0.0989999994635582
1606394205.112471,282912,0.042553190141916275
1606394227.1895876,284798,0.07110609114170074
1606394229.3054085,284985,0.08021390438079834
1606394247.0551171,286406,0.057999998331069946
1606394301.0155706,291124,0.0313725508749485
1606394372.6008198,297503,0.07760532200336456
1606394403.4066174,300307,0.021144278347492218
1606394404.9829187,300455,0.027027027681469917
1606394488.5824397,307830,0.07396449893712997
1606394594.8305273,317206,0.04399999976158142
1606394609.4874895,318485,0.05017921328544617
1606394736.2183542,329676,0.052000001072883606
1606394751.5286753,330978,0.07615894079208374
1606394769.9210553,332606,0.07575757801532745
1606394830.5934865,338002,0.08299999684095383
1606394871.4436426,341586,0.04444444552063942
1606394894.3936977,343586,0.14000000059604645
1606394919.7792857,345801,0.08837209641933441
1606394956.9608898,349099,0.07699999958276749
1606395001.7409077,353023,0.029999999329447746
1606395077.191633,359516,0.11864406615495682
1606395133.4866045,364431,0.04151838645339012
1606395184.0885818,368751,0.028999999165534973
1606395205.4551008,370584,0.10100000351667404
1606395252.8126898,374631,0.11299999803304672
1606395266.5789154,375806,0.04500000178813934
1606395299.3504884,378621,0.041999999433755875
1606395310.7905903,379597,0.05324074253439903
1606395322.434211,380597,0.032999999821186066
1606395368.0013967,384683,0.054999999701976776
1606395379.674061,385683,0.04800000041723251
1606395556.2964814,393547,0.029999999329447746
1606395627.1307464,399685,0.0560000017285347
1606395665.4673173,402925,0.06730769574642181
1606395707.8437548,406742,0.04600000008940697
1606395720.1308324,407848,0.03200000151991844
1606395810.7581213,415740,0.04399999976158142
1606395864.9847903,420574,0.08799999952316284
1606395876.7099319,421574,0.07199999690055847
1606395889.8733387,422699,0.10400000214576721
1606395916.0945876,424952,0.09399999678134918
1606395928.524308,426018,0.04545454680919647
1606396036.01824,435309,0.06666667014360428
1606396062.6268091,437687,0.05820105969905853
1606396097.0193233,440801,0.04800000041723251
1606396126.0183814,443362,0.07130124419927597
1606396160.949587,446362,0.06300000101327896
1606396200.7097788,449847,0.09099999815225601
1606396211.947135,450847,0.03099999949336052
1606396253.084158,454518,0.06700000166893005
1606396298.6875308,458442,0.07199999690055847
1606396473.700125,473666,0.06700000166893005
1606396537.401322,479143,0.03700000047683716
1606396582.6047456,483020,0.06385404616594315
1606396609.796654,485424,0.10408163070678711
1606396620.8725946,486424,0.10999999940395355
1606396676.7847824,491370,0.020999999716877937
1606396735.2618454,496491,0.1469879448413849
1606396765.173717,499075,0.10062892735004425
1606396786.2410743,500889,0.1111111119389534
1606396830.546347,504889,0.19599999487400055
1606396835.0155592,505282,0.1323155164718628
1606396873.3159027,508720,0.18036529421806335
1606396920.546569,512924,0.0726429671049118
1606396934.9756932,514345,0.14638447761535645
1606396936.2979255,514479,0.09701492637395859
1606396945.2413063,515356,0.10034207254648209
1606396957.8702154,516554,0.06281833350658417
1606396968.4534993,517554,0.050999999046325684
1606397007.9632897,521456,0.060840707272291183
1606397045.7837987,525183,0.1031636893749237
1606397055.6661117,526183,0.041999999433755875
1606397067.2925844,527366,0.06010929122567177
1606397091.4689713,529739,0.09292929619550705
1606397093.8110237,529958,0.155251145362854
1606397095.723334,530134,0.27272728085517883
1606397119.295888,532433,0.1315789520740509
1606397219.301689,534926,0.08299999684095383
1606397248.4598646,537880,0.2602739632129669
1606397251.082365,538136,0.17578125
1606397260.669306,539136,0.09000000357627869
1606397357.3815937,548950,0.23716381192207336
1606397387.7232196,551976,0.13173653185367584
1606397400.0857606,553211,0.11489361524581909
1606397438.4545496,557043,0.07100000232458115
1606397542.3880203,567428,0.11340206116437912
1606397546.7570133,567883,0.03658536449074745
1606397561.3550065,569394,0.15946844220161438
1606397565.557167,569800,0.1557788997888565
1606397585.352588,571892,0.08100000023841858
1606397592.77668,572613,0.1651376187801361
1606397626.8761494,576025,0.09322033822536469
1606397647.1970723,578058,0.10743801295757294
1606397667.9460285,580156,0.14851485192775726
1606397681.434762,581494,0.02985074557363987
1606397695.7244384,582935,0.05857740715146065
1606397723.1723769,585645,0.12790697813034058
1606397727.4916604,586083,0.033149171620607376
1606397737.9709294,587171,0.04370179772377014
1606397766.3217602,590165,0.03400000184774399
1606397799.7081215,593522,0.08135592937469482
1606397802.8943868,593831,0.08414239436388016
1606397807.9818745,594329,0.04651162773370743
1606397841.3309152,597634,0.13636364042758942
1606397850.672747,598548,0.17763157188892365
1606397881.5363832,601653,0.11079137027263641
1606397892.2809553,602717,0.11538461595773697
1606397902.318329,603714,0.03715670481324196
1606397904.3390787,603912,0.1111111119389534
1606397928.7891695,606376,0.04605263099074364
1606397930.2082205,606507,0.08396946638822556
1606397949.7374806,608519,0.08635097742080688
1606397955.527931,609115,0.15189872682094574
1606397958.1582773,609391,0.047101449221372604
1606397975.039177,611090,0.09150326997041702
1606397976.906826,611265,0.10285714268684387
1606397987.362583,612291,0.11235955357551575
1606397988.3807242,612386,0.08421052992343903
1606398032.3432384,616843,0.04337899386882782
1606398077.8517976,618164,0.037837836891412735
1606398086.8884213,618731,0.08500000089406967
1606398090.079639,619043,0.18571428954601288
1606398098.3277855,619842,0.03128911182284355
1606398136.958123,623831,0.04260089620947838
1606398145.6366389,624713,0.10309278219938278
1606398181.7416322,628454,0.17241379618644714
1606398186.8978364,628968,0.13970588147640228
1606398226.0501816,632891,0.06832297891378403
1606398246.472735,634938,0.13987474143505096
1606398285.8233132,638963,0.13500000536441803
1606398313.0525172,641873,0.15217390656471252
1606398319.568542,642501,0.19078947603702545
1606398324.5014303,642999,0.14414414763450623
1606398334.2544847,644014,0.24242424964904785
1606398341.263989,644728,0.1515151560306549
1606398350.8161216,645677,0.06060606241226196
1606398366.9297066,647214,0.14403292536735535
1606398367.5349255,647280,0.21212121844291687
1606398402.041592,650664,0.04049844294786453
1606398415.4767985,651981,0.27272728085517883
1606398431.3947585,653533,0.1595744639635086
1606398434.320861,653817,0.11619718372821808
1606398460.6610804,656476,0.04399999976158142
1606398468.9745505,657266,0.08219178020954132
1606398507.4302928,661089,0.11144578456878662
1606398513.4481027,661691,0.10407239943742752
1606398551.2568517,665508,0.0625
1606398552.0637314,665599,0.19780220091342926
1606398556.7174942,666055,0.028169013559818268
1606398557.5906034,666136,0.02469135820865631
1606398558.3228462,666202,0.28787878155708313
1606398607.7138455,671175,0.08571428805589676
1606398646.6251564,675101,0.05714285746216774
1606398647.2117033,675167,0.39393940567970276
1606398657.116086,676141,0.06880734115839005
1606398674.9185956,676713,0.09111110866069794
1606398694.1450489,678700,0.10130719095468521
1606398743.9162152,683629,0.13636364042758942
1606398753.8925169,684624,0.0928652286529541
1606398782.9419494,687508,0.08571428805589676
1606398808.9971597,690124,0.08356940746307373
1606398833.2065897,692566,0.10559006035327911
1606398839.5742595,693180,0.31343284249305725
1606398874.0150678,696622,0.42424243688583374
1606398900.9372227,699322,0.04076738655567169
1606398928.850987,702148,0.0810810774564743
1606398949.5786366,704234,0.11177347600460052
1606398961.655258,705397,0.11486486345529556
1606398990.832226,708314,0.12837837636470795
1606399005.639624,709822,0.09269162267446518
1606399015.1663194,710822,0.11400000005960464
1606399017.285244,711020,0.40909090638160706
1606399037.8964505,713062,0.13008129596710205
1606399051.5774777,714475,0.1405622512102127
1606399062.3438218,715614,0.42424243688583374
1606399068.627591,716251,0.25
1606399069.7518897,716360,0.2293577939271927
1606399140.0341513,723628,0.16363635659217834
1606399185.0649767,728118,0.08474576473236084
1606399226.7177408,732382,0.49253731966018677
1606399234.6752007,733211,0.15337423980236053
1606399238.5184214,733622,0.22627736628055573
1606399248.215491,734688,0.09600000083446503
1606399249.047503,734766,0.1666666716337204
1606399409.4992015,741363,0.1666666716337204
1606399414.0140326,741800,0.22727273404598236
1606399418.1284044,742206,0.1568627506494522
1606399422.353098,742623,0.3030303120613098
1606399425.8701177,742986,0.1515151560306549
1606399432.644137,743664,0.2107728272676468
1606399443.9133072,744826,0.23142249882221222
1606399454.1260169,745873,0.225053071975708
1606399519.9176607,752567,0.22335025668144226
1606399523.843971,752930,0.05234159901738167
1606399554.4237165,756043,0.15463916957378387
1606399574.7849958,758095,0.2271062284708023
1606399575.7359264,758184,0.3483146131038666
1606399582.0472786,758823,0.3878205120563507
1606399583.3674686,758955,0.27272728085517883
1606399585.2831683,759146,0.17277486622333527
1606399596.6966693,760297,0.25563910603523254
1606399613.1588771,761956,0.22499999403953552
1606399654.9398904,766286,0.28042328357696533
1606399655.7202268,766353,0.2985074520111084
1606399668.0608718,767604,0.19254659116268158
1606399721.0496306,773020,0.2719424366950989
1606399723.5528288,773282,0.22519083321094513
1606399725.684194,773490,0.22580644488334656
1606399737.5690093,774661,0.3030303120613098
1606399749.6021976,775875,0.1515151560306549
1606399755.563637,776491,0.2759740352630615
1606399772.9414732,778288,0.20567375421524048
1606399777.6145325,778721,0.22413793206214905
1606399782.654165,779214,0.15017065405845642
1606399790.3861952,779989,0.19672131538391113
1606399813.5627391,782283,0.3030303120613098
1606399908.4201016,785051,0.23423422873020172
1606399909.1511695,785117,0.24242424964904785
1606399914.3790762,785640,0.201646089553833
1606399933.6061127,787614,0.13483145833015442
1606399955.8207936,789797,0.26146790385246277
1606399956.6002297,789863,0.3181818127632141
1606399971.4720619,791372,0.27863776683807373
1606399977.876453,792000,0.3030303120613098
1606399984.1555362,792651,0.24242424964904785
1606399986.3283563,792869,0.20394736528396606
1606399992.4378026,793470,0.228723406791687
1606400004.6892333,794705,0.24867725372314453
1606400012.9434094,795572,0.2670068144798279
1606400035.8799753,797970,0.30000001192092896
1606400059.263596,800306,0.2229299396276474
1606400062.5553226,800608,0.24242424964904785
1606400068.4702773,801245,0.3181818127632141
1606400076.3644233,802032,0.1515151560306549
1606400104.364643,804959,0.230158731341362
1606400117.391062,806379,0.2266666740179062
1606400118.1263063,806445,0.3030303120613098
1606400119.1780207,806547,0.1666666716337204
1606400121.9003108,806801,0.2800000011920929
1606400127.685444,807370,0.25757575035095215
1606400144.1547356,809022,0.18978102505207062
1606400183.5682878,813243,0.19696970283985138
1606400214.1721287,816361,0.11678832024335861
1606400230.2612693,818076,0.20370370149612427
1606400240.280747,819096,0.2472647726535797
1606400245.4307706,819596,0.19310344755649567
1606400258.4365358,820926,0.24596774578094482
1606400270.8113215,822212,0.257999986410141
1606400271.3968918,822279,0.3283582031726837
1606400273.7089767,822505,0.190265491604805
1606400286.0991411,823840,0.193452388048172
1606400311.6213896,826404,0.2110091745853424
1606400325.8980825,827860,0.469696968793869
1606400337.078751,828974,0.1879432648420334
1606400351.1292527,830364,0.2238806039094925
1606400353.3226473,830585,0.18552036583423615
1606400370.7553794,832364,0.1964285671710968
1606400389.3639643,833163,0.2032967060804367
1606400420.8103828,836406,0.24561403691768646
1606400430.9278631,837370,0.2738095223903656
1606400433.5063467,837616,0.4545454680919647
1606400438.11528,838057,0.24242424964904785
1606400471.78489,841516,0.23499999940395355
1606400472.6947281,841600,0.1547619104385376
1606400477.0836759,842033,0.447761207818985
1606400490.7090328,843442,0.20853079855442047
1606400494.8260882,843825,0.23376622796058655
1606400536.45753,847913,0.2702702581882477
1606400550.2570858,849319,0.5074626803398132
1606400564.3747516,850656,0.43939393758773804
1606400567.0032628,850868,0.18396227061748505
1606400568.6062946,851013,0.2689655125141144
1606400635.3950737,857544,0.3030303120613098
1606400644.1997406,858364,0.23350253701210022
1606400664.4869826,860357,0.25757575035095215
1606400681.5013702,862127,0.2537313401699066
1606400691.1265168,863128,0.21610169112682343
1606400696.1034799,863632,0.17216980457305908
1606400698.341128,863849,0.21212121844291687
1606400724.8351247,866409,0.1899736076593399
1606400727.9695303,866627,0.1666666716337204
1606400746.3303757,867693,0.20499999821186066
1606400753.6023731,868008,0.13636364042758942
1606400758.8377883,868276,0.17037037014961243
1606400763.5942893,868484,0.43939393758773804
1606400786.0065613,870041,0.1899999976158142
1606400787.6276894,870194,0.17241379618644714
1606400810.0271513,872268,0.20000000298023224
1606400810.887912,872336,0.25
1606400812.3396897,872460,0.20967741310596466
1606400838.0663707,874682,0.22727273404598236
1606400873.7595592,875215,0.27272728085517883
1606400878.2983193,875640,0.17419354617595673
1606400890.4537845,876778,0.2248803824186325
1606400900.9845543,877803,0.2405063360929489
1606400909.1718645,878624,0.16796875
1606400912.0162685,878894,0.1875
1606400931.9578626,880774,0.2164948433637619
1606400935.43117,881079,0.22175732254981995
1606400948.2450094,882211,0.13699999451637268
1606400955.4162283,882822,0.14822547137737274
1606400965.7348375,883849,0.1910112351179123
1606400968.151698,884060,0.1818181872367859
1606400975.8224154,884787,0.18840579688549042
1606401025.6436055,889452,0.20394736528396606
1606401071.7404628,894117,0.17902813851833344
1606401081.8156312,895117,0.1420000046491623
1606401089.8319948,895902,0.15883305668830872
1606401091.380007,896049,0.16326530277729034
1606401097.769855,896634,0.16877637803554535
1606401100.8175328,896912,0.2151898741722107
1606401114.668622,898226,0.16111111640930176
1606401117.9118497,898511,0.24242424964904785
1606401124.105589,899077,0.40909090638160706
1606401127.5288796,899393,0.21212121844291687
1606401142.3205998,900761,0.16438356041908264
1606401158.9722528,902347,0.11855670064687729
1606401164.3163745,902832,0.20529800653457642
1606401178.682611,904371,0.14492753148078918
1606401191.5333893,905770,0.15600000321865082
1606401192.2857022,905836,0.28787878155708313
1606401236.4800484,910322,0.21212121844291687
1606401239.8847306,910633,0.22499999403953552
1606401246.7500281,911271,0.17699114978313446
1606401248.4902236,911424,0.18300653994083405
1606401265.7906232,913185,0.14800000190734863
1606401267.3914192,913317,0.19696970283985138
1606401274.9521646,914027,0.232876718044281
1606401293.9327245,915880,0.1666666716337204
1606401295.495825,916011,0.19083969295024872
1606401300.4163446,916484,0.1818181872367859
1606401302.630068,916695,0.14705882966518402
1606401304.4427562,916867,0.26865673065185547
1606401312.5385602,917692,0.20283019542694092
1606401340.2881033,920517,0.08421052992343903
1606401343.9590678,920882,0.20512820780277252
1606401346.715589,921130,0.1666666716337204
1606401348.101296,921268,0.2246376872062683
1606401354.3059015,921832,0.28651684522628784
1606401372.4650435,923728,0.1101871132850647
1606401395.45187,925069,0.15789473056793213
1606401401.662387,925630,0.2985074520111084
1606401445.1731803,929844,0.15322580933570862
1606401459.3036182,931209,0.15320664644241333
1606401461.7408361,931427,0.28787878155708313
1606401484.3908842,933626,0.35820895433425903
1606401486.3516104,933801,0.1485714316368103
1606401498.9661329,935061,0.1884615421295166
1606401503.1338267,935410,0.16935484111309052
1606401504.1561491,935502,0.19565217196941376
1606401505.5702887,935634,0.24242424964904785
1606401507.9134054,935831,0.1492537260055542
1606401508.5778735,935897,0.3030303120613098
1606401520.557617,937008,0.23943662643432617
1606401527.5007184,937669,0.2279069721698761
1606401547.3938162,939753,0.23404255509376526
1606401586.1476455,943322,0.2753623127937317
1606401611.2798643,945832,0.1928251087665558
1606401625.1857612,947157,0.2535211145877838
1606401639.219272,948430,0.23443709313869476
1606401642.921908,948753,0.3333333432674408
1606401648.072592,949246,0.19920319318771362
1606401648.8614178,949313,0.3283582031726837
1606401650.4804304,949482,0.18934911489486694
1606401693.4993508,953717,0.1520737260580063
1606401695.7947235,953930,0.19718310236930847
1606401697.0370996,954043,0.22123894095420837
1606401700.7182717,954374,0.3132075369358063
1606401720.0540135,956118,0.2738095223903656
1606401724.974971,956590,0.24788135290145874
1606401734.5852492,957569,0.22891566157341003
1606401744.0825918,958438,0.09459459781646729
1606401771.0802686,961098,0.22529643774032593
1606401810.9298654,964862,0.3333333432674408
1606401850.1113443,968665,0.31707316637039185
1606401853.106062,968934,0.24242424964904785
1606401854.5400977,969077,0.17482517659664154
1606401857.206519,969315,0.18987341225147247
1606401906.6784887,970882,0.2908587157726288
1606401912.9560676,971081,0.3137255012989044
1606401924.4837492,972111,0.24242424964904785
1606401946.254248,974166,0.2957746386528015
1606401955.5530484,975013,0.13432836532592773
1606401956.9389582,975147,0.19402985274791718
1606401994.5367918,978964,0.2469135820865631
1606402018.269429,981178,0.28787878155708313
1606402033.121026,982534,0.19672131538391113
1606402033.9991202,982609,0.3733333349227905
1606402038.291348,983019,0.23880596458911896
1606402041.7378266,983338,0.2410256415605545
1606402053.4201524,984454,0.23076923191547394
1606402110.728401,989975,0.18677686154842377
1606402111.5833354,990041,0.24242424964904785
1606402133.862605,992068,0.21052631735801697
1606402136.8762512,992331,0.24365481734275818
1606402142.8150718,992873,0.14705882966518402
1606402152.577564,993873,0.20900000631809235
1606402189.934511,997503,0.12121212482452393
1606402195.5615544,998057,0.18497109413146973
1606402211.0589828,999564,0.22727273404598236
1606402225.9554102,1001014,0.22187499701976776
1606402242.1768532,1002598,0.1438356190919876
1606402252.1625774,1003568,0.27941176295280457
1606402261.0673504,1004372,0.35831382870674133
1606402288.3496935,1006942,0.25757575035095215
1606402302.3629167,1008352,0.22200000286102295
1606402313.625391,1009529,0.22058823704719543
1606402321.8739035,1010401,0.125827819108963
1606402337.149469,1011964,0.17687074840068817
1606402354.911439,1013668,0.14256618916988373
1606402364.146432,1014668,0.17599999904632568
1606402386.3862753,1016893,0.21232876181602478
1606402387.974096,1017025,0.27272728085517883
1606402406.4757547,1018795,0.1479099690914154
1606402407.9074543,1018903,0.23148147761821747
1606402409.2762287,1019036,0.1654135286808014
1606402424.3505917,1020345,0.14705882966518402
1606402494.957203,1021234,0.18335901200771332
1606402514.8354747,1022508,0.18877550959587097
1606402520.5245202,1023057,0.1839708536863327
1606402564.1964352,1027314,0.22727273404598236
1606402573.0739834,1028199,0.22758620977401733
1606402583.3895674,1029176,0.20158103108406067
1606402584.1795475,1029242,0.19696970283985138
1606402602.674255,1030948,0.18867924809455872
1606402623.4245532,1032921,0.17553190886974335
1606402634.306624,1033969,0.21686747670173645
1606402657.5172338,1036295,0.17499999701976776
1606402716.0480163,1041905,0.25757575035095215
1606402731.8450534,1043524,0.11400000005960464
1606402734.3062387,1043760,0.2238806039094925
1606402741.1105397,1044378,0.1552795022726059
1606402755.6291032,1045656,0.2142857164144516
1606402779.9893663,1047962,0.19417475163936615
1606402790.9861412,1049074,0.0833333358168602
1606402805.540617,1050501,0.2464088350534439
1606402862.6677656,1056059,0.18444165587425232
1606402900.5895143,1059564,0.1753246784210205
1606402908.7402527,1060418,0.22833724319934845
1606402920.7754915,1061624,0.13768115639686584
1606402937.6087189,1063258,0.18421052396297455
1606402961.7993116,1065493,0.09726443886756897
1606402968.9049697,1066201,0.19491524994373322
1606402969.6249518,1066278,0.20779220759868622
1606402971.7194483,1066479,0.13930347561836243
1606402976.2699385,1066922,0.1196388229727745
1606402995.379067,1068737,0.1181434616446495
1606403048.5363655,1073887,0.13432836532592773
1606403049.3102672,1073955,0.23529411852359772
1606403050.0671973,1074021,0.1515151560306549
1606403079.919571,1077052,0.1111111119389534
1606403198.4664104,1082630,0.23333333432674408
1606403200.9617324,1082867,0.1986754983663559
1606403225.4565659,1085158,0.17985612154006958
1606403234.8715541,1086158,0.11500000208616257
1606403240.2105563,1086649,0.2238806039094925
1606403243.2464223,1086923,0.10606060922145844
1606403244.405579,1087026,0.17475728690624237
1606403256.0738704,1088108,0.13414634764194489
1606403296.0380712,1091913,0.22932331264019012
1606403310.5156777,1093308,0.21383647620677948
1606403315.546051,1093780,0.12612612545490265
1606403322.9646041,1094435,0.3199999928474426
1606403349.4972785,1096937,0.23076923191547394
1606403350.3304348,1097013,0.19736842811107635
1606403373.2785687,1099216,0.20192307233810425
1606403376.0080023,1099495,0.17921146750450134
1606403399.6704185,1101649,0.190476194024086
1606403418.1756191,1103591,0.11226851493120193
1606403426.1385052,1104310,0.08620689809322357
1606403429.3571448,1104618,0.23553718626499176
1606403438.8613586,1105586,0.14761215448379517
1606403496.564948,1111123,0.19354838132858276
1606403502.0742478,1111644,0.21698112785816193
1606403504.1363122,1111841,0.13705584406852722
1606403506.4698622,1112070,0.1965065449476242
1606403549.8934891,1116379,0.17832167446613312
1606403582.8360586,1119477,0.19883041083812714
1606403599.2266924,1121013,0.22289156913757324
1606403635.6773183,1124451,0.194888174533844
1606403649.1841316,1125735,0.14130434393882751
1606403652.2234302,1126024,0.12456747144460678
1606403655.9627905,1126376,0.1818181872367859
1606403715.9300966,1132136,0.17477478086948395
1606403731.8814707,1133607,0.2160000056028366
1606403752.9073355,1134992,0.158273383975029
1606403764.6791525,1136177,0.15675675868988037
1606403766.4708517,1136325,0.27941176295280457
1606403773.3483744,1136934,0.1342281848192215
1606403775.6120162,1137131,0.18803419172763824
1606403796.0881135,1139139,0.1509999930858612
1606403801.374499,1139626,0.1149897351861
1606403816.0872676,1141030,0.1621621549129486
1606403822.7030041,1141662,0.2380952388048172
1606403827.0038958,1142078,0.21052631735801697
1606403841.0648198,1143486,0.15962441265583038
1606403868.1827364,1146109,0.12121212482452393
1606403870.9764204,1146374,0.13913042843341827
1606403871.768159,1146441,0.23880596458911896
1606403881.8591883,1147441,0.12800000607967377
1606403926.4724638,1151951,0.1418842226266861
1606403976.480056,1156680,0.17032040655612946
1606403988.221312,1157841,0.10400000214576721
1606403992.9811654,1158286,0.13333334028720856
1606404006.1809125,1159602,0.1360759437084198
1606404022.297723,1161021,0.2068965584039688
1606404044.8372412,1163264,0.08799999952316284
1606404090.7069676,1167668,0.2070484608411789
1606404098.18067,1168314,0.1783783733844757
1606404157.2587016,1173968,0.1170634925365448
1606404200.5086312,1178052,0.19354838132858276
1606404202.7399964,1178267,0.13953489065170288
1606404219.4028623,1179806,0.143968865275383
1606404225.8835008,1180472,0.13513512909412384
1606404229.0170002,1180734,0.16326530277729034
1606404236.8578594,1181505,0.13370998203754425
1606404252.7207923,1183066,0.16766467690467834
1606404277.5989788,1185381,0.14399999380111694
1606404292.6805875,1186690,0.15800000727176666
1606404349.204944,1191706,0.19499999284744263
1606404383.0559146,1194594,0.19915254414081573
1606404408.920363,1197176,0.17777778208255768
1606404410.541982,1197312,0.10294117778539658
1606404446.4141471,1199880,0.2068965584039688
1606404451.4305294,1200330,0.1652892529964447
1606404550.5584614,1209706,0.22976501286029816
1606404553.9178677,1210002,0.1942446082830429
1606404577.295006,1212143,0.19721578061580658
1606404582.8933964,1212638,0.1260504275560379
1606404585.0280871,1212824,0.1666666716337204
1606404590.398759,1213333,0.16201117634773254
1606404591.3145688,1213412,0.18987341225147247
1606404626.7330403,1216911,0.16898395121097565
1606404664.0618892,1220476,0.15523464977741241
1606404680.219983,1222112,0.15942029654979706
1606404704.0805285,1224473,0.17910447716712952
1606404706.2280037,1224644,0.1463414579629898
1606404713.8401413,1225388,0.2184615433216095
1606404747.2355266,1228597,0.21296297013759613
1606404792.895869,1232822,0.15661253035068512
1606404799.4484725,1233401,0.17874395847320557
1606404809.2519653,1234239,0.15625
1606404830.7182126,1236123,0.2291666716337204
1606404852.1892564,1238157,0.22794117033481598
1606404853.1657116,1238234,0.1428571492433548
1606404866.0051236,1239405,0.18003565073013306
1606404884.4642115,1241052,0.17518247663974762
1606404924.6725123,1244864,0.1875
1606404970.487157,1249147,0.24571429193019867
1606404977.337009,1249757,0.13131313025951385
1606404993.9821534,1251290,0.1899999976158142
1606405038.3702645,1255434,0.1695331633090973
1606405042.751776,1255840,0.20930232107639313
1606405062.0145552,1257840,0.1940000057220459
1606405067.8335817,1258400,0.18421052396297455
1606405085.7294912,1260217,0.06849315017461777
1606405172.609838,1265840,0.19780220091342926
1606405196.4024026,1268314,0.20913884043693542
1606405251.5086896,1273689,0.22097378969192505
1606405267.2656076,1275187,0.2328159660100937
1606405289.258233,1277403,0.1666666716337204
1606405311.7495408,1279614,0.20399999618530273
1606405329.8527856,1281355,0.2075471729040146
1606405344.015937,1282716,0.3149779736995697
1606405357.9680526,1284179,0.22246220707893372
1606405372.1117465,1285575,0.23255814611911774
1606405378.5782259,1286204,0.20985691249370575
1606405405.642908,1288967,0.2509727478027344
1606405436.9294736,1292107,0.23199999332427979
1606405461.8026545,1294604,0.22033898532390594
1606405467.807242,1295189,0.25
1606405495.011105,1297864,0.23963133990764618
1606405525.9924366,1300911,0.14705882966518402
1606405537.7306736,1302140,0.2052401751279831
1606405590.6113462,1307549,0.15700000524520874
1606405594.0689979,1307873,0.19473683834075928
1606405596.825303,1308114,0.239130437374115
1606405617.2766838,1310123,0.17961165308952332
1606405683.7976944,1316907,0.12121212482452393
1606405685.266951,1317051,0.28787878155708313
1606405699.4439282,1318423,0.13245032727718353
1606405713.9873104,1319848,0.22180451452732086
1606405721.6133904,1320596,0.24817518889904022
1606405739.3398185,1322341,0.12087912112474442
1606405755.0424318,1323813,0.15934066474437714
1606405790.9449944,1327330,0.15000000596046448
1606405796.382655,1327802,0.1764705926179886
1606405852.680946,1333651,0.1463414579629898
1606405854.5958965,1333826,0.17142857611179352
1606405879.1770704,1336261,0.17299577593803406
1606405887.03138,1336335,0.21621622145175934
1606405933.8574362,1340904,0.1336270123720169
1606405952.6073735,1342707,0.2195121943950653
1606405964.5640917,1344008,0.1770000010728836
1606405967.221719,1344274,0.13907285034656525
1606405979.2896764,1345547,0.2657342553138733
1606405986.7974484,1346284,0.15508021414279938
1606406020.94855,1349746,0.17105263471603394
1606406041.904289,1351900,0.13199999928474426
1606406048.3496504,1352564,0.10659898817539215
1606406086.3927107,1356492,0.18666666746139526
1606406087.8195727,1356615,0.26829269528388977
1606406105.6042542,1358423,0.18431372940540314
1606406121.7940428,1360024,0.14705882966518402
1606406226.7305079,1370342,0.23399999737739563
1606406251.165584,1372658,0.19366197288036346
1606406265.678586,1374072,0.20048309862613678
1606406356.1091957,1382516,0.1882352977991104
1606406383.288486,1385308,0.19900000095367432
1606406406.8303535,1387517,0.24220623075962067
1606406416.1803696,1388517,0.2160000056028366
1606406419.362747,1388815,0.2214765101671219
1606406448.9693995,1391643,0.2584269642829895
1606406454.2761233,1392131,0.14615385234355927
1606406465.8983207,1393214,0.11800000071525574
1606406494.6156688,1395735,0.22764228284358978
1606406524.8234804,1398555,0.1149425283074379
1606406554.6680367,1401118,0.14785991609096527
1606406597.8208134,1405050,0.22499999403953552
1606406615.735485,1406741,0.16480447351932526
1606406630.5352252,1408104,0.19823788106441498
1606406694.3828743,1414213,0.23878437280654907
1606406706.2180564,1415417,0.22058823704719543
1606406714.712468,1416127,0.19230769574642181
1606406778.660591,1419892,0.2677902579307556
1606406794.8675637,1421485,0.17368420958518982
1606406810.6343012,1422901,0.25514402985572815
1606406822.3814971,1424042,0.24799999594688416
1606406851.615444,1426615,0.17863720655441284
1606406867.6681387,1427988,0.21179625391960144
1606406883.0844817,1429387,0.2673942744731903
1606406941.2785697,1434729,0.24766355752944946
1606406992.3050513,1439531,0.2150000035762787
1606407016.1327808,1441741,0.1756756752729416
1606407051.4400127,1445106,0.16300000250339508
1606407151.1280568,1454525,0.17800000309944153
1606407152.1026835,1454609,0.1785714328289032
1606407152.9240227,1454689,0.30000001192092896
1606407177.6612148,1457013,0.18987341225147247
1606407215.8128119,1460572,0.16470588743686676
1606407258.3485887,1464762,0.23076923191547394
1606407285.4520288,1467540,0.2857142984867096
1606407289.2766113,1467896,0.25
1606407307.7764711,1469768,0.1409395933151245
1606407365.339506,1475058,0.30985915660858154
1606407391.8739645,1477622,0.21370968222618103
1606407432.1294458,1481681,0.19107143580913544
1606407438.607497,1482290,0.20895522832870483
1606407540.8708174,1492413,0.164000004529953
1606407559.2828822,1494210,0.24193547666072845
1606407596.1210463,1497889,0.2559366822242737
1606407619.195632,1500146,0.22131147980690002
1606407697.446011,1503897,0.18644067645072937
1606407729.7218568,1506489,0.2639999985694885
1606407757.1537032,1509045,0.19450317323207855
1606407767.061736,1510045,0.44600000977516174
1606407840.407678,1516983,0.17153283953666687
1606407850.5170972,1517983,0.24799999594688416
1606407909.8112633,1523499,0.2423802614212036
1606407915.6930444,1524037,0.1974789947271347
1606407917.8655505,1524230,0.13989637792110443
1606407970.3820667,1529290,0.11656441539525986
1606407986.525869,1530653,0.25
1606407997.3140244,1531653,0.5770000219345093
1606408002.7465103,1532169,0.27906978130340576
1606408005.1790338,1532373,0.21078431606292725
1606408046.5153267,1536186,0.2098214328289032
1606408193.3972282,1550587,0.3563218414783478
1606408312.805722,1562769,0.30669546127319336
1606408335.0054138,1564942,0.22457626461982727
1606408339.815241,1565418,0.3193277418613434
1606408354.571557,1566852,0.28082191944122314
1606408412.2111094,1572736,0.28723403811454773
1606408492.9786344,1580902,0.171875
1606408741.8855398,1606896,0.2619999945163727
1606408823.5916555,1615359,0.19316239655017853
1606408832.8832207,1616359,0.10100000351667404
1606408901.1684961,1623499,0.2329999953508377
1606408904.5618362,1623826,0.20489296317100525
1606408915.783949,1625018,0.20522387325763702
1606408926.1265159,1626171,0.24500000476837158
1606409009.4298785,1627936,0.1875
1606409014.4394476,1628456,0.23461538553237915
1606409022.8918917,1629344,0.3118712306022644
1606409144.759673,1642259,0.22747747600078583
1606409172.966427,1645287,0.24891461431980133
1606409189.422809,1646920,0.2787356376647949
1606409200.3812222,1648059,0.23645320534706116
1606409231.989659,1651454,0.2879999876022339
1606409302.0209696,1658856,0.2029999941587448
1606409350.122015,1663831,0.28703704476356506
1606409364.8275282,1665311,0.34100720286369324
1606409371.7399278,1666066,0.2728476822376251
1606409431.5580199,1672320,0.4659999907016754
1606409473.263493,1676750,0.24892085790634155
1606409553.2905426,1685262,0.2379182130098343
1606409593.8305664,1689592,0.18367347121238708
1606409612.7785523,1691540,0.21220159530639648
1606409629.7666283,1693327,0.18910256028175354
1606409663.3099256,1696876,0.19230769574642181
1606409675.8246694,1698203,0.22175732254981995
1606409735.7019055,1704756,0.15286624431610107
1606409773.4467015,1708756,0.2759999930858612
1606409820.6228447,1713838,0.17368420958518982
1606409839.6546698,1715741,0.16201117634773254
1606409876.0870852,1719493,0.3066037595272064
1606409934.8996181,1725660,0.1550000011920929
1606409961.004335,1728298,0.24365481734275818
1606409974.8738978,1729685,0.15662650763988495
1606410015.732698,1733955,0.193359375
1606410091.276439,1741809,0.22737069427967072
1606410142.6330714,1744835,0.23308271169662476
1606410155.607946,1745909,0.26422762870788574
1606410168.9631236,1747319,0.2073170691728592
1606410178.2384877,1748319,0.3009999990463257
1606410198.7392354,1750490,0.23999999463558197
1606410204.2309666,1751043,0.26582279801368713
1606410293.3924377,1760299,0.2770000100135803
1606410329.9510329,1764172,0.24300000071525574
1606410331.147108,1764293,0.09090909361839294
1606410339.577773,1765177,0.1996644288301468
1606410367.3733706,1768008,0.21520619094371796
1606410382.3993764,1769635,0.14864864945411682
1606410432.2450695,1775047,0.17718446254730225
1606410458.7084272,1777816,0.17760618031024933
1606410504.7224262,1782745,0.15406976640224457
1606410564.516125,1788947,0.21640488505363464
1606410593.3492694,1791908,0.19879518449306488
1606410611.472786,1793723,0.22781774401664734
1606410634.3767197,1796154,0.2332613319158554
1606410679.9815385,1800985,0.31795385479927063
1606410688.4540179,1801856,0.2436647117137909
1606410764.5475168,1810128,0.21989528834819794
1606410778.698678,1811569,0.2446351945400238
1606410782.724468,1811966,0.19395466148853302
1606410885.1671166,1822614,0.4410000145435333
1606410892.0811303,1823375,0.315374493598938
1606410914.2358015,1825779,0.26477542519569397
1606410944.1153984,1828837,0.21829521656036377
1606410956.7535238,1830184,0.14985591173171997
1606410988.1679049,1833322,0.1037735864520073
1606411001.443773,1834732,0.26097559928894043
1606411008.601199,1835510,0.34961438179016113
1606411089.9729254,1844394,0.1560283750295639
1606411106.0034776,1846058,0.22300000488758087
1606411160.3898118,1851658,0.17598684132099152
1606411168.301108,1852440,0.12230215966701508
1606411226.6627543,1858645,0.28740739822387695
1606411240.1104825,1860069,0.1505376398563385
1606411252.3502548,1861352,0.257999986410141
1606411267.3164732,1862942,0.21694914996623993
1606411343.1591687,1868554,0.24100156128406525
1606411444.395272,1879037,0.19274376332759857
1606411468.3278627,1881502,0.3474676012992859
1606411517.2031188,1886569,0.15155130624771118
1606411556.6041346,1890866,0.28299999237060547
1606411583.6846948,1893634,0.195175439119339
1606411605.6284752,1895897,0.1764705926179886
1606411622.166942,1897675,0.20694087445735931
1606411649.0173123,1900600,0.3378947377204895
1606411704.987549,1906758,0.16578947007656097
1606411709.1890135,1907203,0.18651685118675232
1606411712.3564436,1907532,0.22188450396060944
1606411754.58621,1911881,0.23600000143051147
1606411868.5071812,1923828,0.227424755692482
1606411894.218528,1926599,0.23376622796058655
1606411920.8547614,1929446,0.2750000059604645
1606411950.3711572,1932444,0.24185249209403992
1606411997.9342682,1937368,0.4002145826816559
1606412026.9828858,1940423,0.16871166229248047
1606412059.4065588,1943980,0.30158731341362
1606412091.7865806,1947472,0.3160000145435333
1606412096.5093417,1947928,0.21929824352264404
1606412143.4082317,1952846,0.14130434393882751
1606412163.1056423,1954934,0.33110368251800537
1606412172.2337334,1955934,0.3619999885559082
1606412183.433714,1957184,0.3709999918937683
1606412202.5262735,1959255,0.2545454502105713
1606412206.186396,1959636,0.3490813672542572
1606412208.4618363,1959869,0.14163090288639069
1606412244.85293,1963759,0.22203947603702545
1606412255.3840854,1964808,0.2373271882534027
1606412273.2368395,1966654,0.24528302252292633
1606412282.9913156,1967654,0.4020000100135803
1606412289.9535975,1968370,0.2653631269931793
1606412291.6127346,1968516,0.17123287916183472
1606412298.5420768,1969218,0.2670940160751343
1606412310.4530208,1970423,0.25555557012557983
1606412312.6104517,1970628,0.10731707513332367
1606412352.657617,1974886,0.2744807004928589
1606412476.0868676,1978527,0.25699999928474426
1606412498.8417203,1979888,0.26273149251937866
1606412515.5743747,1981704,0.18571428954601288
1606412581.8346798,1988117,0.40700000524520874
1606412643.480798,1994055,0.4230000078678131
1606412649.736003,1994680,0.2863999903202057
1606412660.0260985,1995680,0.39500001072883606
1606412706.9026744,2000184,0.3709999918937683
1606412748.7551332,2003962,0.408433735370636
1606412778.2220345,2006705,0.20880913734436035
1606412831.7662659,2011816,0.3258064389228821
1606412891.982465,2017585,0.2361111044883728
1606412926.0491498,2020872,0.2506631314754486
1606412933.2050753,2021517,0.13479623198509216
1606412944.4092555,2022532,0.08791209012269974
1606412992.3278382,2027293,0.17772512137889862
1606413024.3783157,2030122,0.1634877324104309
1606413046.0575573,2032048,0.2507886290550232
1606413059.2826002,2033271,0.20563380420207977
1606413062.066377,2033517,0.20325203239917755
1606413172.0915377,2044130,0.22210299968719482
1606413232.5951698,2049706,0.1753554493188858
1606413320.3393435,2057877,0.19532553851604462
1606413334.4126694,2059186,0.16152018308639526
1606413353.6058078,2060940,0.2488619089126587
1606413420.332527,2067257,0.16049382090568542
1606413456.0786512,2070673,0.27785420417785645
1606413504.4040148,2075521,0.26737967133522034
1606413509.8390403,2076050,0.23818525671958923
1606413520.2903585,2077020,0.1805555522441864
1606413534.5492754,2078381,0.1567460298538208
1606413538.6497157,2078760,0.23218996822834015
1606413626.7578895,2086963,0.22068965435028076
1606413676.2837162,2091765,0.24736842513084412
1606413868.2803197,2101288,0.26600000262260437
1606413922.587885,2106488,0.1690140813589096
1606413951.6456194,2109221,0.16521738469600677
1606413972.5684211,2111262,0.24899999797344208
1606413976.8091092,2111615,0.20679886639118195
1606414009.9567451,2114664,0.21782177686691284
1606414080.085414,2121271,0.24500000476837158
1606414088.8742428,2122037,0.19672131538391113
1606414091.9582276,2122316,0.20071685314178467
1606414102.0309746,2123316,0.2540000081062317
1606414150.2297912,2128030,0.46399998664855957
1606414185.3291938,2131433,0.14782609045505524
1606414270.2286336,2139221,0.3810930550098419
1606414365.6909742,2147945,0.25106382369995117
1606414402.9808822,2151358,0.2118644118309021
1606414437.826828,2154455,0.38600000739097595
1606414442.8570056,2154902,0.268456369638443
1606414485.2067382,2159123,0.42800000309944153
1606414540.6454275,2164423,0.2957746386528015
1606414557.7178204,2165988,0.21052631735801697
1606414568.3686213,2166954,0.14035087823867798
1606414604.4541678,2170124,0.32867133617401123
1606414607.1556249,2170380,0.125
1606414619.5208979,2171519,0.27024292945861816
1606414649.559092,2174211,0.3697104752063751
1606414775.7509472,2186481,0.4454343020915985
1606414809.3718271,2189891,0.46299999952316284
1606414839.8558419,2192800,0.4180000126361847
1606414862.8659303,2194961,0.38383838534355164
1606414895.1937864,2198149,0.24899999797344208
1606414911.3893404,2199622,0.2961730360984802
1606415036.8818595,2207716,0.20087336003780365
1606415098.2390592,2213126,0.313092976808548
1606415109.0937037,2214180,0.268456369638443
1606415113.937533,2214666,0.26543208956718445
1606415192.0961554,2222031,0.1656050980091095
1606415207.4084125,2223481,0.36734694242477417
1606415213.0633702,2223983,0.27290835976600647
1606415224.3109736,2224988,0.302752286195755
1606415237.1097932,2226162,0.17766498029232025
1606415241.093377,2226557,0.2405063360929489
1606415262.506529,2228615,0.35110294818878174
1606415266.1697168,2228977,0.1767955869436264
1606415331.6279976,2234965,0.3105335235595703
1606415360.8010616,2237714,0.26658162474632263
1606415384.333355,2240022,0.30151844024658203
1606415507.2705114,2251334,0.2072829157114029
1606415572.9750407,2257531,0.37599998712539673
1606415601.4758174,2260203,0.43421053886413574
1606415630.2031667,2262859,0.24099722504615784
1606415640.9734523,2263696,0.33426183462142944
1606415644.980528,2264057,0.3407202363014221
1606415697.4636772,2268911,0.22267206013202667
1606415704.2397444,2269557,0.301857590675354
1606415768.6671104,2275560,0.3457249104976654
1606415784.8340983,2277120,0.22162161767482758
1606415864.4832838,2284911,0.3757225573062897
1606415873.7886016,2285911,0.3440000116825104
1606415881.8482254,2286729,0.23798076808452606
1606415885.8290145,2287140,0.2311435490846634
1606415939.462833,2292491,0.2529999911785126
1606415982.3985932,2296792,0.2703639566898346
1606416002.9047854,2298838,0.21841542422771454
1606416021.9951231,2300726,0.2014925330877304
1606416062.630417,2304726,0.21746881306171417
1606416158.3992765,2307548,0.24184782803058624
1606416164.500198,2308156,0.26623377203941345
1606416173.0936024,2309009,0.314647376537323
1606416230.6265905,2315001,0.25099998712539673
1606416260.473201,2317953,0.1487179547548294
1606416271.5877936,2319009,0.2062256783246994
1606416321.507469,2323951,0.13483145833015442
1606416328.4130292,2324683,0.19535519182682037
1606416341.2241907,2326046,0.22028689086437225
1606416374.575976,2329450,0.21568627655506134
1606416441.8429055,2336406,0.254408061504364
1606416472.531589,2339614,0.1267605572938919
1606416539.9775226,2346341,0.33415234088897705
1606416583.5305395,2350860,0.2398373931646347
1606416592.3854415,2351791,0.19158878922462463
1606416598.5431876,2352356,0.1835206001996994
1606416607.8363407,2353356,0.26100000739097595
1606416621.7848551,2354768,0.21868787705898285
1606416661.6491258,2358885,0.30099010467529297
1606416696.077382,2362329,0.20000000298023224
1606416715.2826712,2364201,0.2070484608411789
1606416729.9158149,2365604,0.33425796031951904
1606416739.841169,2366582,0.21761657297611237
1606416798.190373,2372301,0.2861313819885254
1606416815.8703547,2374000,0.284518837928772
1606416872.0029235,2379499,0.3199999928474426
1606416890.312322,2381224,0.26370757818222046
1606416904.6012821,2382563,0.3203883469104767
1606416931.653518,2385127,0.24319066107273102
1606416935.8108296,2385491,0.2252747267484665
1606416963.0419126,2387855,0.1625615805387497
1606417013.4503434,2392365,0.34804752469062805
1606417055.2626874,2396371,0.35552194714546204
1606417070.1614964,2397791,0.3618881106376648
1606417086.915325,2399409,0.31553396582603455
1606417097.662481,2400409,0.38999998569488525
1606417151.822881,2404877,0.3349168598651886
1606417162.5517206,2405877,0.38199999928474426
1606417171.87375,2406695,0.4352078139781952
1606417212.8899179,2410373,0.28959277272224426
1606417340.9879775,2416464,0.23618090152740479
1606417362.8913689,2418626,0.2527472674846649
1606417419.6961868,2424164,0.43700000643730164
1606417436.5745292,2425868,0.3295454680919647
1606417492.9222224,2431110,0.26831895112991333
1606417504.5340211,2432103,0.23033708333969116
1606417596.294451,2440898,0.3557046949863434
1606417659.9577863,2446977,0.19310344755649567
1606417669.1926734,2447833,0.3554757535457611
1606417700.0473952,2450727,0.2751046121120453
1606417714.1517522,2452081,0.23613086342811584
1606417767.9880404,2457127,0.29654255509376526
1606417785.0146875,2458508,0.2589927911758423
1606417801.9429502,2459973,0.2709677517414093
