Wall time,Step,Value
1604864769.4426818,3570,0.12700000405311584
1604864847.2717416,12580,0.16599999368190765
1604864880.7975264,16489,0.12800000607967377
1604864982.37987,28534,0.14399999380111694
1604864988.9100544,29312,0.14566929638385773
1604865001.4999044,30780,0.1818181872367859
1604865005.4416823,31247,0.12230215966701508
1604865031.3270054,34354,0.15664556622505188
1604865048.1553454,36383,0.14250913262367249
1604865129.2007658,45277,0.11249999701976776
1604865149.7625635,47512,0.1340000033378601
1604865167.155628,49472,0.13921569287776947
1604865228.0823839,55329,0.046296294778585434
1604865281.6239448,60245,0.03229813650250435
1604865289.0320578,60904,0.02985074557363987
1604865299.714304,61904,0.032999999821186066
1604865356.8054667,67073,0.041999999433755875
1604865444.5565453,74918,0.050999999046325684
1604865510.4807825,81183,0.05533596873283386
1604865579.756972,87364,0.054999999701976776
1604865608.8859587,90227,0.06880734115839005
1604865627.984678,92094,0.06599999964237213
1604865689.545162,98060,0.09399999678134918
1604865690.874623,98195,0.03703703731298447
1604865762.363293,105062,0.052000001072883606
1604865797.5331464,108030,0.10322580486536026
1604865805.4992096,108738,0.024024024605751038
1604865808.3940613,109002,0.018939394503831863
1604865831.2210462,110902,0.051841747015714645
1604865886.4511676,115395,0.04899999871850014
1604865947.0357113,118988,0.011976048350334167
1604865959.0644274,119988,0.03099999949336052
1605029518.879531,122790,0.15112540125846863
1605188288.5925033,123536,0.14516128599643707
1605188299.504504,124239,0.1627907007932663
1605188322.2818096,125217,0.16842105984687805
1605188331.8131545,125525,0.10000000149011612
1605188405.609685,126946,0.09734513610601425
1605188449.3438623,127546,0.07619047909975052
1605188483.1971862,127958,0.1818181872367859
1605188541.429049,128562,0.12222222238779068
1605188581.3566601,128906,0.0882352963089943
1605188598.7483118,129068,0.1041666641831398
1605188827.3335593,130756,0.1690140813589096
1605188894.9765725,131161,0.1456310749053955
1605188912.8497276,131260,0.20202019810676575
1605188976.0724301,131595,0.1764705926179886
1605189049.1509285,131969,0.1733333319425583
1605189076.3986726,132102,0.11940298229455948
1605189203.9818494,132661,0.1666666716337204
1605189222.978028,132738,0.12987013161182404
1605189357.2587097,133235,0.10606060922145844
1605189468.392431,133583,0.10606060922145844
1605189891.1034713,134217,0.03030303120613098
1605219902.7473297,136911,0.0941176488995552
1605219973.776536,139164,0.11340206116437912
1605220303.3662586,141055,0.16207951307296753
1605220345.2594347,143251,0.1656050980091095
1605220349.7774708,143401,0.1190476194024086
1605220594.303286,152994,0.14661654829978943
1605220603.0031602,153994,0.15399999916553497
1605220621.1415722,155994,0.14300000667572021
1605220651.9702992,159306,0.13473424315452576
1605220692.9685194,163941,0.16949152946472168
1605220710.3240137,165858,0.1289999932050705
1605220714.370924,166305,0.13199105858802795
1605220731.4462366,168160,0.15419161319732666
1605220764.4846408,171738,0.17431192100048065
1605220813.29358,176992,0.14923618733882904
1605220832.3821917,178989,0.0939597338438034
1605220835.4133387,179304,0.13968254625797272
1605220883.9669402,184505,0.15299999713897705
1605220965.6584024,193230,0.05723541975021362
1605220979.7807777,194634,0.027227722108364105
1605221067.761356,203438,0.02777777798473835
1605221097.4336667,206405,0.03147953748703003
1605221109.0660684,207563,0.03164556995034218
1605221120.4679048,208704,0.023255813866853714
1605221148.9064481,211582,0.09268292784690857
1605221171.7887146,213824,0.04893964156508446
1605221179.5944185,214595,0.045267488807439804
1605221206.0796006,217239,0.0560000017285347
1605221245.6145654,221130,0.061000000685453415
1605221273.0659695,223837,0.14166666567325592
1605221334.2380195,229895,0.07000000029802322
1605221363.9155195,232867,0.05882352963089943
1605221397.7925072,236343,0.027397260069847107
1605221418.0633147,238348,0.03999999910593033
1605221433.8910131,239870,0.07067137956619263
1605221440.2257485,240501,0.055194806307554245
1605221446.2457395,241119,0.1003236249089241
1605221452.942897,241791,0.043478261679410934
1605221462.187777,242735,0.02812499925494194
1605221472.2186937,243735,0.05400000140070915
1605221511.0903645,246930,0.03669724613428116
1605221513.1457691,247125,0.03076923079788685
1605221572.3027945,252935,0.028999999165534973
1605221615.5633938,257298,0.0729166641831398
1605221628.7829921,258639,0.1379999965429306
1605221661.40701,261921,0.07000000029802322
1605221689.9983044,264749,0.09399999678134918
1605221705.5855463,266272,0.04015296325087547
1605221763.2446494,272061,0.06499999761581421
1605221817.4967537,277477,0.04899999871850014
1605221827.6145036,278477,0.09099999815225601
1605221843.2303078,280016,0.035999998450279236
1605221854.3692186,281096,0.04800000041723251
1605221855.681368,281230,0.05223880708217621
1605221863.8402286,282025,0.04938271641731262
1605221919.396241,287513,0.05400000140070915
1605221938.7172177,289445,0.04755784198641777
1605221974.495628,293015,0.08699999749660492
1605221995.6171644,295127,0.0689999982714653
1605222013.5160031,296896,0.04057971015572548
1605222047.781043,300259,0.029723990708589554
1605222049.6836898,300433,0.005747126415371895
1605222079.7785134,303426,0.04800000041723251
1605222111.3277621,306562,0.043478261679410934
1605222188.6752956,314351,0.07100000232458115
1605222225.1496563,317905,0.0560000017285347
1605222231.143228,318478,0.04285714402794838
1605222269.4641047,322316,0.05147058889269829
1605222294.1504002,324809,0.060301508754491806
1605222318.4034772,327250,0.05299999937415123
1605222319.1881418,327321,0.09859155118465424
1605222325.720024,327961,0.07187499850988388
1605222373.8548446,332662,0.09600000083446503
1605222421.920688,337380,0.014925372786819935
1605222439.3275466,339083,0.04699999839067459
1605222449.54485,340083,0.05900000035762787
1605222480.478788,343206,0.03566710650920868
1605222501.589468,345294,0.03194444626569748
1605222522.323134,347336,0.0699300691485405
1605222530.1510153,348101,0.0797385647892952
1605222558.6472425,350946,0.0820000022649765
1605222627.8555617,357665,0.061104584485292435
1605222656.20582,360418,0.037542663514614105
1605222666.3720286,361418,0.020999999716877937
1605222673.9769669,362159,0.056680161505937576
1605222682.1846244,362944,0.09345794469118118
1605222686.337847,363342,0.04020100459456444
1605222733.2959042,367903,0.05125284567475319
1605222757.4313164,370275,0.0
1605222764.3413815,370955,0.03235294297337532
1605222775.933729,372076,0.0399274043738842
1605222795.9228916,374076,0.03700000047683716
1605287640.133299,375066,0.14742697775363922
1605287646.9156885,375829,0.1428571492433548
1605287656.1269715,376829,0.12200000137090683
1605287677.7328298,379162,0.14800000190734863
1605287697.678067,381534,0.12757201492786407
1605287712.6796665,383212,0.12195122241973877
1605287713.925754,383358,0.17123287916183472
1605287722.2567785,384358,0.13500000536441803
1605287741.2271585,386590,0.05263157933950424
1605287809.0272167,394515,0.15730337798595428
1605287827.944753,396647,0.13699999451637268
1605287831.2201543,397025,0.1473684161901474
1605287850.084533,399194,0.11029411852359772
1605287967.3954513,412880,0.13500000536441803
1605287975.7616224,413813,0.12334802001714706
1605287996.48254,416171,0.17910447716712952
1605288011.3994298,417843,0.1398809552192688
1605288022.5858362,419131,0.12259615212678909
1605288026.0766788,419532,0.13432836532592773
1605288075.3277557,424695,0.012500000186264515
1605288126.9598305,429572,0.039000000804662704
1605288144.5261812,431151,0.05622490122914314
1605288196.5064738,435774,0.03191489353775978
1605288205.735773,436669,0.0445544570684433
1605288260.7115302,441893,0.042918454855680466
1605288275.1501956,443240,0.08020050078630447
1605288298.927534,445482,0.03719008341431618
1605288320.9483216,447558,0.05263157933950424
1605288385.9538722,453745,0.017999999225139618
1605288396.5624552,454745,0.0560000017285347
1605288429.723416,457745,0.035999998450279236
1605288498.3201244,463711,0.05607476457953453
1605288524.704279,466200,0.06499999761581421
1605288612.8789804,474090,0.04183535650372505
1605288656.3342013,477998,0.05299999937415123
1605288682.1257515,480309,0.06430868059396744
1605288683.2948267,480412,0.0776699036359787
1605288757.9439282,487067,0.0430000014603138
1605288762.1711764,487433,0.051912568509578705
1605288789.343401,489844,0.050999999046325684
1605288811.9095144,491844,0.02199999988079071
1605288813.9011075,491975,0.04580152779817581
1605288848.695592,495064,0.04600000008940697
1605288849.6257844,495144,0.05000000074505806
1605288878.5446887,497590,0.060538116842508316
1605288890.3796988,498456,0.05196304991841316
1606340565.715703,502551,0.13636364042758942
1606340593.6146438,504232,0.13333334028720856
1606340608.9538257,505997,0.1424836665391922
1606340623.8525834,507735,0.15000000596046448
1606340625.7305768,507956,0.1493212729692459
1606340677.8150113,513938,0.15094339847564697
1606340694.8704405,515929,0.16140776872634888
1606340735.068846,520464,0.12371134012937546
1606340739.2518394,520957,0.13636364042758942
1606340753.3117602,522527,0.1715686321258545
1606340772.0439022,524678,0.13293051719665527
1606340803.2426202,528349,0.1269841343164444
1606340865.2097356,535591,0.148421049118042
1606340885.453971,537953,0.14330218732357025
1606340905.0906408,540192,0.16321243345737457
1606340910.1899505,540761,0.11926605552434921
1606340914.7768648,541270,0.22727273404598236
1606340930.031694,543000,0.13197968900203705
1606340936.3740327,543709,0.138364776968956
1606340961.530727,546621,0.12200000137090683
1606340967.2138913,547287,0.12612612545490265
1606340971.69409,547821,0.1423220932483673
1606341005.150012,551659,0.1169811338186264
1606341049.2759545,555853,0.06599999964237213
1606341081.6526108,558985,0.07100000232458115
1606341092.6034775,559985,0.09700000286102295
1606341181.2384963,567869,0.0364464707672596
1606341220.8476396,571776,0.04500000178813934
1606341313.3686852,580597,0.1082802563905716
1606341335.1890829,582597,0.054999999701976776
1606341505.776919,597882,0.21459227800369263
1606341509.5934908,598181,0.08026755601167679
1606341550.9076285,601584,0.10300000011920929
1606341552.8513672,601745,0.1304347813129425
1606341565.553349,602745,0.09700000286102295
1606341785.4685092,617359,0.04878048598766327
1606341831.2635677,621521,0.03999999910593033
1606341881.410301,626260,0.04651162773370743
1606341882.1289167,626338,0.025641025975346565
1606342496.5703504,628798,0.13991770148277283
1606342504.240584,629708,0.14345404505729675
1606342529.0497694,632534,0.1289999932050705
1606342539.3746881,633731,0.13347022235393524
1606342708.3343925,651975,0.1651495397090912
1606342719.648235,653068,0.14399999380111694
1606342724.3523304,653595,0.13475176692008972
1606342764.1799731,657815,0.07258064299821854
1606342777.2906299,659191,0.13844086229801178
1606342815.8904045,663272,0.16521738469600677
1606342829.000586,664660,0.17714285850524902
1606342848.7050326,666716,0.12903225421905518
1606342902.1532028,672226,0.13953489065170288
1606342941.4840353,676359,0.14000000059604645
1606343000.271607,681895,0.03799999877810478
1606343052.3582382,686594,0.07900000363588333
1606343062.4287698,687594,0.07900000363588333
1606343108.772065,691690,0.07621247321367264
1606343196.6315036,699940,0.0430000014603138
1606343232.1604807,703138,0.07846715301275253
1606343242.6952205,704138,0.050999999046325684
1606343262.3427444,705973,0.07599999755620956
1606343307.1743855,709651,0.0430000014603138
1606343324.0954933,711106,0.035164836794137955
1606343349.6685662,713284,0.05056179687380791
1606343382.7421765,716284,0.04500000178813934
1606343409.7370799,718763,0.04399999976158142
1606343411.2193656,718905,0.07746478915214539
1606343560.9272122,732003,0.07092198729515076
1606343671.7071176,742389,0.032999999821186066
1606343749.8431342,748922,0.09700000286102295
1606343768.7014902,750667,0.17699114978313446
1606343772.1485703,750965,0.08724832534790039
1606343788.7770143,752449,0.09130434691905975
1606343791.4134085,752688,0.09623430669307709
1606343928.823242,764453,0.14054054021835327
1606343931.6076572,764691,0.07983193546533585
1606343953.574129,766703,0.09090909361839294
1606343964.4575033,767754,0.09743589907884598
1606343992.2685082,770108,0.04500000178813934
1606343994.0146418,770242,0.029411764815449715
1606344009.162184,771430,0.07918552309274673
1606344052.3555071,775029,0.08299999684095383
1606344086.3440857,778216,0.052000001072883606
1606344211.7931545,790716,0.12916666269302368
1606344212.7832005,790809,0.23655913770198822
1606344255.9644697,795065,0.1515151560306549
1606344295.1976304,799109,0.12410501390695572
1606344297.992796,799384,0.20363636314868927
1606344313.0337574,800872,0.12765957415103912
1606344321.1579092,801697,0.17918314039707184
1606344321.9097428,801764,0.31343284249305725
1606344355.4382126,805194,0.11500000208616257
1606344381.9525042,807903,0.06751054525375366
1606344425.4758828,812316,0.17030568420886993
1606344427.527513,812516,0.17000000178813934
1606344436.779079,813422,0.051948051899671555
1606344492.3584144,818907,0.1827957034111023
1606344511.6645787,820908,0.27358490228652954
1606344512.5145667,820985,0.25974026322364807
1606344514.9328423,821229,0.3787878751754761
1606344538.088858,823546,0.08974359184503555
1606344549.4187713,824672,0.14864864945411682
1606344550.6367488,824782,0.13636364042758942
1606344574.7930837,827268,0.14468085765838623
1606344594.6861935,829377,0.1863013654947281
1606344599.6281555,829877,0.10218977928161621
1606344612.4364643,831198,0.09090909361839294
1606344742.117619,834736,0.06060606241226196
1606344766.7281702,837209,0.1517857164144516
1606344767.9441645,837328,0.27731093764305115
1606344780.6639876,838555,0.0
1606344805.647458,841066,0.16516517102718353
1606344847.3564112,845201,0.1794871836900711
1606344848.0995843,845267,0.1818181872367859
1606344852.5715866,845709,0.2489626556634903
1606344868.22289,847269,0.14705882966518402
1606344887.2814436,849219,0.16161616146564484
1606344890.8711586,849566,0.12953367829322815
1606344898.1741872,850332,0.1461988240480423
1606344902.0415852,850713,0.13333334028720856
1606344915.6299095,852079,0.16911764442920685
1606344935.8600872,854088,0.28705883026123047
1606344953.40983,855866,0.28070175647735596
1606344960.7074006,856598,0.26356589794158936
1606344967.8861425,857327,0.3126385807991028
1606344972.0885801,857745,0.29904305934906006
1606344990.4091702,859564,0.1927374303340912
1606344994.7139282,860022,0.1877729296684265
1606345016.1961331,862244,0.21985815465450287
1606345019.7205236,862600,0.1879194676876068
1606345020.8936903,862722,0.16393442451953888
1606345021.6199362,862788,0.24242424964904785
1606345025.4994385,863182,0.20496894419193268
1606345035.4766097,864178,0.2600536048412323
1606345056.8042843,866332,0.1634877324104309
1606345057.5890205,866399,0.014925372786819935
1606345095.0977356,870270,0.2343096286058426
1606345096.5438526,870414,0.1944444477558136
1606345106.7703264,871424,0.05806451663374901
1606345118.6980603,872594,0.2638888955116272
1606345125.9284086,873306,0.17241379618644714
1606345130.658838,873760,0.1666666716337204
1606345142.3219612,874897,0.16785714030265808
1606345147.4252675,875416,0.12138728052377701
1606345155.8323805,876286,0.21904762089252472
1606345159.031146,876610,0.1944444477558136
1606345160.0296297,876703,0.16129031777381897
1606345180.0690389,878693,0.27368420362472534
1606345217.3732078,882467,0.03030303120613098
1606345244.7131965,885252,0.0555555559694767
1606345261.1400776,886855,0.11267605423927307
1606345281.7695072,888911,0.19191919267177582
1606345284.4476538,889168,0.18287937343120575
1606345346.6864274,892428,0.0833333358168602
1606345382.4720514,896113,0.16545012593269348
1606345413.1048377,899156,0.13037249445915222
1606345432.3363698,901149,0.1818181872367859
1606345435.1450708,901435,0.15714286267757416
1606345447.2315552,902667,0.17786560952663422
1606345480.0790665,905950,0.13131313025951385
1606345480.6657388,906018,0.13235294818878174
1606345482.7234068,906216,0.09090909361839294
1606345489.668936,906923,0.323615163564682
1606345508.2113125,908851,0.17687074840068817
1606345529.7276502,911037,0.06060606241226196
1606345540.3811707,912137,0.2370370328426361
1606345564.2398412,914498,0.15333333611488342
1606345564.9560518,914564,0.07575757801532745
1606345565.551083,914630,0.12121212482452393
1606345616.5219066,919875,0.13765181601047516
1606345664.9011822,924790,0.20886075496673584
1606345674.5942416,925767,0.04545454680919647
1606345686.8376546,926960,0.12222222238779068
1606345702.35273,928466,0.13011153042316437
1606345707.1578052,928926,0.20512820780277252
1606345713.552616,929581,0.12732096016407013
1606345725.643932,930835,0.0860000029206276
1606345739.2861707,932255,0.140625
1606345749.4326112,933323,0.20108695328235626
1606345751.886626,933558,0.2083333283662796
1606345765.5863385,935004,0.13899999856948853
1606345772.7917485,935734,0.11612903326749802
1606345778.4907532,936287,0.14102564752101898
1606345796.367797,938052,0.02666666731238365
1606345797.9780748,938226,0.01515151560306549
1606345825.8930275,941061,0.0810810774564743
1606345827.1332772,941184,0.16260161995887756
1606345828.3033364,941303,0.13445378839969635
1606345927.3470297,946115,0.10507246106863022
1606345934.9097273,946848,0.1328413337469101
1606345948.9049475,948290,0.11178861558437347
1606345971.6396852,950647,0.0689999982714653
1606345972.2417147,950713,0.06060606241226196
1606345976.1290135,951100,0.1230769231915474
1606345979.3197315,951433,0.15730337798595428
1606345997.5597088,953417,0.09857723861932755
1606346021.49865,955894,0.09661835432052612
1606346023.7592356,956113,0.05228758230805397
1606346045.833906,958412,0.1528751701116562
1606346053.4065833,959167,0.1433691829442978
1606346055.6161046,959381,0.12345679104328156
1606346057.5875537,959566,0.04477611929178238
1606346068.1074104,960698,0.11299999803304672
1606346085.0520194,962624,0.13699999451637268
1606346140.5059383,968370,0.06666667014360428
1606346179.3880534,972356,0.05454545468091965
1606346181.8527908,972613,0.143968865275383
1606346183.5569417,972783,0.1764705926179886
1606346186.9459784,973131,0.2545454502105713
1606346188.5770729,973286,0.19354838132858276
1606346193.689954,973807,0.1837349385023117
1606346204.9469101,974983,0.16738197207450867
1606346215.2732964,976073,0.13636364042758942
1606346234.6167324,978101,0.10982658714056015
1606346248.974848,979575,0.11046511679887772
1606346251.9876573,979861,0.14218010008335114
1606346274.8049746,982161,0.1388888955116272
1606346282.9135015,983007,0.04545454680919647
1606346299.45105,984811,0.12121212482452393
1606346306.1315794,985482,0.04545454680919647
1606346321.8661985,987044,0.07508532702922821
1606346329.0649655,987771,0.07085346430540085
1606346338.175715,988771,0.0989999994635582
1606346368.5159252,991830,0.07575757801532745
1606346378.4165828,992783,0.1760299652814865
1606346380.8571687,993026,0.22857142984867096
1606346393.9688263,994440,0.09256844967603683
1606346398.0877447,994863,0.06855791807174683
1606346408.8853903,995989,0.08076923340559006
1606346409.8284206,996080,0.1428571492433548
1606346416.9901328,996795,0.06625577807426453
1606346423.9829566,997487,0.06363636255264282
1606346424.896427,997572,0.0470588244497776
1606346445.401653,999692,0.08712871372699738
1606346446.7127454,999829,0.058394160121679306
1606346450.1506178,1000143,0.06060606241226196
1606346451.941083,1000336,0.07086614519357681
1606346454.4564521,1000576,0.0901639312505722
1606346462.4001336,1001384,0.03030303120613098
1606346490.5689356,1004274,0.0746268630027771
1606346493.272175,1004540,0.13500000536441803
1606346495.6772726,1004779,0.14705882966518402
1606346504.8502088,1005779,0.08699999749660492
1606346544.776219,1006519,0.17431192100048065
1606346548.6093836,1006884,0.1111111119389534
1606346574.5969415,1009573,0.12121212482452393
1606346587.2606766,1010912,0.10499999672174454
1606346633.28964,1015658,0.1007462665438652
1606346650.3489332,1017436,0.14529915153980255
1606346661.908869,1018572,0.07230769097805023
1606346679.022094,1020333,0.13636364042758942
1606346682.923944,1020726,0.04580152779817581
1606346693.1026502,1021793,0.10499999672174454
1606346696.563697,1022136,0.09375
1606346697.9744658,1022258,0.19672131538391113
1606346701.0083911,1022548,0.14814814925193787
1606346706.2012832,1023059,0.1658986210823059
1606346710.645406,1023485,0.10093896836042404
1606346741.3685968,1026706,0.15723270177841187
1606346757.4793816,1028472,0.11999999731779099
1606346771.315112,1029911,0.10526315867900848
1606346814.1854136,1034283,0.07000000029802322
1606346834.1397147,1036342,0.21212121844291687
1606346846.9311433,1037724,0.1473214328289032
1606346884.3748116,1041489,0.04500000178813934
1606346902.8747275,1043292,0.08022922277450562
1606346908.806015,1043871,0.1552795022726059
1606346913.1336894,1044293,0.14705882966518402
1606346924.4956944,1045530,0.12072434276342392
1606346928.1962855,1045899,0.17344173789024353
1606346929.8106325,1046049,0.11999999731779099
1606346952.7862499,1048402,0.12705881893634796
1606346953.8894203,1048513,0.09009008854627609
1606346954.6175885,1048579,0.03030303120613098
1606346957.7884405,1048901,0.056338027119636536
1606346987.4663846,1052013,0.11881188303232193
1606346989.021088,1052152,0.12230215966701508
1606346995.6536252,1052839,0.12721416354179382
1606347014.1154993,1054835,0.2068965584039688
1606347036.4701667,1057135,0.15830115973949432
1606347092.7547183,1063019,0.04545454680919647
1606347131.8152268,1067075,0.02985074557363987
1606347143.1505215,1068198,0.1666666716337204
1606347146.436419,1068529,0.0876132920384407
1606347150.7407014,1068949,0.14529915153980255
1606347186.2745314,1070365,0.2136363685131073
1606347189.7602744,1070717,0.15841583907604218
1606347193.9282289,1071110,0.18478260934352875
1606347217.8264177,1073511,0.19801980257034302
1606347231.796803,1074862,0.1538461595773697
1606347233.2687,1075016,0.2142857164144516
1606347258.014615,1077535,0.2069970816373825
1606347274.7625196,1079288,0.15241636335849762
1606347284.3748002,1080273,0.10367892682552338
1606347285.086088,1080339,0.13636364042758942
1606347287.9829986,1080621,0.1111111119389534
1606347298.1436875,1081715,0.05319149047136307
1606347304.5663037,1082349,0.1807228922843933
1606347338.6973193,1085781,0.16190476715564728
1606347358.847085,1087966,0.1304347813129425
1606347367.5322063,1088966,0.22200000286102295
1606347407.1600733,1093201,0.24271844327449799
1606347410.1934247,1093499,0.11940298229455948
1606347412.8385072,1093749,0.14606741070747375
1606347417.8028226,1094275,0.1806083619594574
1606347418.5701606,1094346,0.1690140813589096
1606347450.065112,1097643,0.11864406615495682
1606347454.4430518,1098087,0.09745762497186661
1606347466.7367008,1099384,0.13636364042758942
1606347476.9906163,1100434,0.192592591047287
1606347486.87396,1101500,0.1515151560306549
1606347490.9224863,1101907,0.14482758939266205
1606347494.5328603,1102251,0.1528925597667694
1606347510.111021,1103828,0.10606060922145844
1606347518.7608743,1104653,0.1720000058412552
1606347532.0887618,1106051,0.09600000083446503
1606347539.195057,1106757,0.09859155118465424
1606347555.4031937,1108500,0.05882352963089943
1606347574.6353774,1110554,0.08695652335882187
1606347578.9858806,1110989,0.06896551698446274
1606347603.809316,1113532,0.13432836532592773
1606347605.466403,1113683,0.0470588244497776
1606347643.5342674,1117540,0.1428571492433548
1606347644.106727,1117606,0.07575757801532745
1606347652.1047263,1118467,0.10104529559612274
1606347653.5898697,1118629,0.14814814925193787
1606347681.6014278,1119920,0.057416267693042755
1606347688.9397013,1120647,0.0982142835855484
1606347697.1983905,1121447,0.1682243049144745
1606347704.8727295,1122322,0.16685713827610016
1606347715.7810664,1123420,0.12727272510528564
1606347730.5424154,1124971,0.15402038395404816
1606347740.3710945,1125976,0.21782177686691284
1606347752.1954038,1127225,0.10447761416435242
1606347756.9042768,1127658,0.11940298229455948
1606347760.129103,1127945,0.12195122241973877
1606347771.237285,1129097,0.08461538702249527
1606347777.587147,1129774,0.11827956885099411
1606347787.2057865,1130709,0.12244898080825806
1606347794.385262,1131384,0.2589285671710968
1606347801.753524,1132126,0.16748768091201782
1606347843.1918626,1136466,0.059405941516160965
1606347850.2315881,1137189,0.2915254235267639
1606347853.5746934,1137525,0.14869888126850128
1606347876.097404,1139899,0.16867469251155853
1606347883.245561,1140590,0.12345679104328156
1606347908.8934994,1143335,0.1111111119389534
1606347918.3054814,1144295,0.06372549384832382
1606347924.0020661,1144864,0.08403361588716507
1606347981.041857,1150728,0.1750972718000412
1606348008.4609895,1153419,0.1315789520740509
1606348009.474174,1153521,0.23529411852359772
1606348018.902292,1154501,0.23935091495513916
1606348031.9061148,1155895,0.04545454680919647
1606348040.9831784,1156791,0.05494505539536476
1606348042.1794887,1156909,0.1355932205915451
1606348044.142929,1157103,0.12371134012937546
1606348046.3609858,1157329,0.11946902424097061
1606348054.826289,1158329,0.18299999833106995
1606348056.1854105,1158450,0.10743801295757294
1606348068.8668473,1159704,0.19337016344070435
1606348123.3230212,1165294,0.18115942180156708
1606348124.074712,1165362,0.1617647111415863
1606348125.4188864,1165500,0.10144927352666855
1606348148.0270956,1166629,0.125
1606348177.8990357,1169673,0.10227272659540176
1606348182.2334929,1170126,0.1180555522441864
1606348213.4251227,1173436,0.13385826349258423
1606348214.4252858,1173531,0.1473684161901474
1606348220.3333488,1174104,0.09047619253396988
1606348223.3904653,1174395,0.10638298094272614
1606348224.2145476,1174469,0.12162162363529205
1606348226.5067248,1174663,0.1328125
1606348266.5156875,1178868,0.0845070406794548
1606348282.520002,1180489,0.1515151560306549
1606348287.3241332,1180951,0.13395638763904572
1606348293.4346118,1181582,0.11409395933151245
1606348306.8967116,1182933,0.12121212482452393
1606348312.790053,1183584,0.2380952388048172
1606348322.261373,1184537,0.1269841343164444
1606348329.5082583,1185298,0.13084112107753754
1606348337.277341,1186168,0.22873562574386597
1606348357.7869058,1188278,0.21893490850925446
1606348361.1992955,1188609,0.17283950746059418
1606348366.40172,1189109,0.12121212482452393
1606348367.9274507,1189251,0.01515151560306549
1606348374.1803992,1189905,0.24626865983009338
1606348385.6190124,1191176,0.12931033968925476
1606348414.7952576,1194201,0.2117263823747635
1606348423.2632375,1195123,0.15714286267757416
1606348424.8850074,1195278,0.0903225839138031
1606348425.6242816,1195346,0.029411764815449715
1606348455.8329968,1198538,0.09859155118465424
1606348490.8086867,1202260,0.19680851697921753
1606348515.0453987,1204889,0.17316018044948578
1606348546.4886942,1208094,0.13962264358997345
1606348577.4905488,1211386,0.28881651163101196
1606348578.812625,1211522,0.16911764442920685
1606348582.8474987,1211922,0.22727273404598236
1606348598.5114233,1213524,0.0833333358168602
1606348613.7794724,1215124,0.08053690940141678
1606348627.4518867,1215842,0.1818181872367859
1606348638.091968,1216938,0.06306306272745132
1606348646.7691994,1217900,0.1670403629541397
1606348658.5717747,1219166,0.22599999606609344
1606348666.2246785,1219963,0.17763157188892365
1606348674.6231825,1220863,0.29153093695640564
1606348684.678115,1221947,0.24383917450904846
1606348688.6989365,1222365,0.16267941892147064
1606348697.470482,1223298,0.11374407261610031
1606348707.960883,1224352,0.18902438879013062
1606348710.1434383,1224573,0.05970149114727974
1606348724.421321,1226169,0.382999986410141
1606348738.6420639,1227625,0.18840579688549042
1606348749.361397,1228783,0.21782177686691284
1606348750.4741764,1228896,0.12389380484819412
1606348751.257407,1228966,0.2142857164144516
1606348760.7156749,1229904,0.1666666716337204
1606348789.555435,1232962,0.13636364042758942
1606348799.899028,1234109,0.10465116053819656
1606348805.5460472,1234675,0.1041666641831398
1606348807.3327334,1234842,0.1599999964237213
1606348810.0931811,1235130,0.12820513546466827
1606348838.9339118,1238260,0.10000000149011612
1606348844.7332804,1238829,0.12727272510528564
1606348873.852872,1241808,0.07207207381725311
1606348885.4010255,1243055,0.12087912112474442
1606348927.4034224,1247403,0.10674156993627548
1606348959.976264,1250765,0.15600000321865082
1606348960.561661,1250832,0.16417910158634186
1606348977.491508,1252621,0.21199999749660492
1606348979.8167462,1252851,0.12173912674188614
1606348985.4284692,1253461,0.1879049688577652
1606348988.9445999,1253816,0.12435232847929001
1606349007.0718296,1255798,0.25529101490974426
1606349020.7688596,1257277,0.19886364042758942
1606349028.4785848,1258135,0.15656565129756927
1606349095.0500598,1265266,0.08799999952316284
1606349116.0694342,1267547,0.06666667014360428
1606349122.166507,1268168,0.06878306716680527
1606349239.2717955,1271821,0.23399999737739563
1606349250.914237,1272076,0.13725490868091583
1606349270.1339018,1274105,0.1644100546836853
1606349273.0143623,1274386,0.10227272659540176
1606349336.151916,1281003,0.20200000703334808
1606349341.4789152,1281525,0.09859155118465424
1606349357.6211817,1283259,0.20930232107639313
1606349372.4306364,1284926,0.1547619104385376
1606349373.7397244,1285042,0.11206896603107452
1606349376.8627796,1285356,0.1627907007932663
1606349377.534026,1285433,0.20779220759868622
1606349388.134384,1286496,0.1574344038963318
1606349417.5202138,1289584,0.10447761416435242
1606349434.5237703,1291350,0.11227153986692429
1606349464.494885,1294618,0.1666666716337204
1606349466.6146169,1294825,0.03896103799343109
1606349469.2861903,1295082,0.16753926873207092
1606349482.3098295,1296511,0.15000000596046448
1606349487.821645,1297067,0.13425925374031067
1606349520.7771175,1300462,0.15454545617103577
1606349523.7890527,1300774,0.10000000149011612
1606349540.3084838,1302575,0.12345679104328156
1606349556.9674597,1304299,0.11538461595773697
1606349565.5729938,1305146,0.09848485141992569
1606349568.2394857,1305431,0.08421052992343903
1606349569.9898047,1305599,0.1666666716337204
1606349577.0396037,1306316,0.04477611929178238
1606349586.768762,1307328,0.1948818862438202
1606349612.6738577,1310138,0.1916537880897522
1606349645.6998112,1313645,0.14810924232006073
1606349665.9798515,1315797,0.16515837609767914
1606349673.4769719,1316543,0.1195652186870575
1606349679.665042,1317147,0.09708737581968307
1606349692.7983167,1318522,0.14166666567325592
1606349708.5813007,1320117,0.10510510206222534
1606349719.6714242,1321312,0.12800000607967377
1606349721.4634595,1321482,0.14423076808452606
1606349725.2855077,1321847,0.08433734625577927
1606349756.2265003,1325137,0.14910858869552612
1606349888.636495,1329335,0.15789473056793213
1606349908.7638464,1331515,0.14757969975471497
1606349922.7844644,1333023,0.1474878489971161
1606349947.97258,1335615,0.0595238097012043
1606349952.9343274,1336097,0.17977528274059296
1606349955.7532685,1336360,0.1111111119389534
1606349970.3923528,1337920,0.11911357194185257
1606349994.562909,1340523,0.12244898080825806
1606350001.1694987,1341181,0.15046297013759613
1606350014.1702971,1342625,0.18319720029830933
1606350037.35318,1345051,0.23000000417232513
1606350038.817458,1345204,0.05882352963089943
1606350065.8099058,1348045,0.23284313082695007
1606350092.1053505,1350895,0.16200000047683716
1606350104.958641,1352304,0.11249999701976776
1606350111.3421903,1353003,0.1515151560306549
1606350118.7382965,1353744,0.16521738469600677
1606350142.7768092,1356198,0.09090909361839294
1606350152.7395678,1357279,0.16034986078739166
1606350175.7898893,1359699,0.12399999797344208
1606350177.9853835,1359904,0.09090909361839294
1606350181.27659,1360224,0.19148936867713928
1606350183.8769455,1360464,0.13131313025951385
1606350194.64426,1361553,0.1818181872367859
1606350222.1726675,1364355,0.03030303120613098
1606350226.6742585,1364829,0.18000000715255737
1606350244.5930169,1366783,0.32499998807907104
1606350246.4221337,1366961,0.15168538689613342
1606350249.772086,1367288,0.06578947603702545
1606350261.3934236,1368571,0.208480566740036
1606350270.7950501,1369490,0.18627451360225677
1606350271.7659297,1369583,0.19354838132858276
1606350283.1664968,1370704,0.12820513546466827
1606350311.1433191,1373730,0.18367347121238708
1606350317.223375,1374336,0.17142857611179352
1606350349.3818212,1377688,0.13605442643165588
1606350351.142237,1377858,0.15294118225574493
1606350374.0262601,1379136,0.23423422873020172
1606350375.695539,1379296,0.16875000298023224
1606350427.9158545,1384945,0.2852760851383209
1606350435.141919,1385683,0.08988764137029648
1606350440.2761223,1386198,0.20224718749523163
1606350448.7818143,1387074,0.1607142835855484
1606350461.7683153,1388437,0.20999999344348907
1606350466.7045724,1388929,0.12745098769664764
1606350489.5933654,1391214,0.14102564752101898
1606350500.003049,1392249,0.09677419066429138
1606350501.6851833,1392418,0.1818181872367859
1606350530.906866,1395477,0.08799999952316284
1606350531.7295363,1395549,0.0833333358168602
1606350554.377045,1397990,0.12536443769931793
1606350580.58707,1400868,0.10000000149011612
1606350663.2356637,1409579,0.210999995470047
1606350687.4918153,1412124,0.0923076942563057
1606350692.9526763,1412686,0.2760416567325592
1606350752.4103878,1419010,0.027397260069847107
1606350755.6027539,1419332,0.11971831321716309
1606350762.238784,1420004,0.21467390656471252
1606350765.8598988,1420382,0.21693122386932373
1606350767.5913396,1420552,0.1411764770746231
1606350793.088101,1423350,0.07692307978868484
1606350802.572898,1424379,0.11206896603107452
1606350815.5396218,1425785,0.190476194024086
1606350858.5793178,1430559,0.07526881992816925
1606350880.2298658,1432863,0.15811966359615326
1606350887.1805737,1433554,0.1818181872367859
1606350907.095073,1435597,0.2695167362689972
1606350916.0770586,1436502,0.18780487775802612
1606350932.9051104,1438293,0.1582278460264206
1606350975.626983,1442784,0.28315412998199463
1606351032.2394173,1443446,0.21694914996623993
1606351040.715912,1443760,0.05263157933950424
1606385853.7446153,1446160,0.14399999380111694
1606385881.5236564,1449549,0.1402936428785324
1606385913.11927,1453328,0.12361623346805573
1606385925.2756188,1454676,0.15399999916553497
1606385991.8106022,1462364,0.125
1606386002.0574274,1463585,0.16699999570846558
1606386016.4555387,1465322,0.13975577056407928
1606386079.7618828,1472966,0.16699999570846558
1606386109.2295172,1476529,0.1379999965429306
1606386150.2701294,1481444,0.15199999511241913
1606386164.5230937,1483153,0.1515151560306549
1606386195.5269356,1486910,0.16632859408855438
1606386213.6056793,1489105,0.11282051354646683
1606386229.7458699,1491039,0.13600000739097595
1606386287.714086,1497635,0.2297111451625824
1606386292.8092365,1498223,0.261904776096344
1606386293.9432836,1498345,0.10655737668275833
1606386303.123022,1499347,0.23255814611911774
1606386307.61115,1499827,0.0419580414891243
1606386324.9758186,1501725,0.05042016878724098
1606386334.312534,1502695,0.09574468433856964
1606386349.5055382,1504370,0.056179776787757874
1606386351.4779465,1504582,0.15094339847564697
1606386368.753972,1506551,0.21414537727832794
1606386399.747169,1510073,0.2329999953508377
1606386409.7237446,1511146,0.15789473056793213
1606386422.8464255,1512560,0.04477611929178238
1606386427.633205,1513062,0.08438818901777267
1606386462.5222523,1516891,0.11467889696359634
1606386481.2457883,1518995,0.1473684161901474
1606386523.2179186,1523924,0.19793014228343964
1606386539.8337748,1525845,0.20588235557079315
1606386550.9509733,1527035,0.13757699728012085
1606386566.7776785,1527982,0.09756097197532654
1606386578.8292203,1529188,0.15177065134048462
1606386579.384339,1529254,0.19696970283985138
1606386607.246271,1532357,0.060150377452373505
1606386608.1579762,1532449,0.14130434393882751
1606386644.4141057,1536636,0.18029740452766418
1606386646.1630867,1536811,0.11538461595773697
1606386648.326006,1537053,0.14049586653709412
1606386665.1058462,1538833,0.16358838975429535
1606386667.8805888,1539124,0.18000000715255737
1606386669.3498654,1539275,0.14569535851478577
1606386677.6434126,1540275,0.23899999260902405
1606386678.2066195,1540341,0.1515151560306549
1606386681.788035,1540706,0.10884353518486023
1606386688.9823492,1541519,0.1913580298423767
1606386755.3927097,1548843,0.0
1606386759.184489,1549233,0.15555556118488312
1606386828.6493304,1557297,0.11926605552434921
1606386837.8380518,1558297,0.1340206116437912
1606386839.5460532,1558476,0.18435753881931305
1606386856.5136704,1560476,0.33399999141693115
1606386873.3783514,1562296,0.10559006035327911
1606386885.9861243,1563636,0.1111111119389534
1606386897.214508,1564827,0.10300429165363312
1606386989.7616577,1575073,0.13461539149284363
1606387017.9309807,1578236,0.10126582533121109
1606387051.2615397,1581969,0.11510791629552841
1606387072.4924364,1584357,0.4479905366897583
1606387093.874446,1586752,0.19590643048286438
1606387094.5948703,1586818,0.10606060922145844
1606387123.0252402,1589976,0.14754098653793335
1606387126.0439894,1590277,0.15946844220161438
1606387128.496727,1590534,0.08176100999116898
1606387133.8727205,1591076,0.2222222238779068
1606387137.3084762,1591420,0.221374049782753
1606387139.6284387,1591651,0.16450215876102448
1606387141.6097326,1591843,0.11764705926179886
1606387262.5222623,1599617,0.5149999856948853
1606387279.4675777,1601515,0.09782608598470688
1606387292.141592,1602929,0.21118012070655823
1606387305.7801812,1604444,0.1855670064687729
1606387325.297944,1606631,0.37599998712539673
1606387349.9165442,1609392,0.39018404483795166
1606387374.0296934,1612107,0.184523805975914
1606387378.5374103,1612580,0.14666666090488434
1606387386.844327,1613580,0.3659999966621399
1606387413.920603,1616579,0.051948051899671555
1606387421.2956474,1617352,0.10982658714056015
1606387475.8234546,1623509,0.1315789520740509
1606387494.5602765,1625592,0.08888889104127884
1606387506.7841666,1626996,0.4909999966621399
1606387517.290439,1628196,0.11538461595773697
1606387534.130083,1630073,0.37857142090797424
1606387538.3873398,1630536,0.20325203239917755
1606387560.8689096,1632982,0.1387755125761032
1606387574.1806552,1634435,0.22727273404598236
1606387586.4133189,1635671,0.21250000596046448
1606387605.1741776,1637749,0.20610687136650085
1606387628.7410853,1640400,0.23987539112567902
1606387642.0539403,1641882,0.4650000035762787
1606387651.1449473,1642850,0.2078651636838913
1606387686.2965753,1646886,0.08467742055654526
1606387697.6664233,1648151,0.0595238097012043
1606387722.422122,1650823,0.15714286267757416
1606387726.9209788,1651287,0.13131313025951385
1606387773.6791615,1656645,0.17910447716712952
1606387797.3885732,1659312,0.33000001311302185
1606387803.4011946,1659947,0.18831168115139008
1606387818.2924595,1660184,0.10691823810338974
1606387820.684066,1660271,0.12643678486347198
1606387829.2511482,1661164,0.13432836532592773
1606387830.5265267,1661302,0.14492753148078918
1606387832.502953,1661509,0.1111111119389534
1606387870.9732397,1665719,0.17142857611179352
1606387887.6093125,1667603,0.1171875
1606387889.0095043,1667755,0.03947368264198303
1606387898.295105,1668802,0.355021208524704
1606387921.131004,1671311,0.20408163964748383
1606387933.935015,1672752,0.3179999887943268
1606387953.5745623,1674977,0.06818182021379471
1606387958.5679812,1675495,0.04494382068514824
1606387984.4994707,1678407,0.07042253762483597
1606388029.2812154,1683522,0.15600000321865082
1606388055.0757856,1686449,0.3319999873638153
1606388070.7081747,1688204,0.16356877982616425
1606388083.1937525,1689635,0.3319999873638153
1606388105.847499,1692129,0.13215859234333038
1606388115.2398725,1693214,0.05882352963089943
1606388159.677422,1698322,0.13380281627178192
1606388178.464311,1700528,0.12162162363529205
1606388186.8983114,1701528,0.19300000369548798
1606388244.7436845,1707868,0.0746268630027771
1606388247.884841,1708216,0.14367815852165222
1606388258.9519837,1709490,0.22100000083446503
1606388292.0615826,1713191,0.2329999953508377
1606388296.137963,1713628,0.1071428582072258
1606388330.5344033,1717467,0.1560283750295639
1606388347.1992128,1719318,0.3330000042915344
1606388355.921654,1720318,0.335999995470047
1606388390.7168899,1724059,0.21166306734085083
1606388396.0213006,1724603,0.17307692766189575
1606388398.0866246,1724814,0.13270142674446106
1606388428.9845107,1728221,0.40700000524520874
1606388439.6917982,1729425,0.31003040075302124
1606388483.8196325,1734422,0.29600000381469727
1606388499.5071337,1736163,0.12121212482452393
1606388511.711239,1737578,0.1325301229953766
1606388519.9567125,1738506,0.125
1606388568.6373656,1742285,0.17661097645759583
1606388630.2277129,1749127,0.078125
1606388643.6226962,1750648,0.11538461595773697
1606388687.1800141,1755688,0.328000009059906
1606388720.0287414,1759336,0.30799999833106995
1606388752.3755538,1762897,0.40799999237060547
1606388769.2852798,1764725,0.17688679695129395
1606388772.7918658,1765088,0.1244635209441185
1606388798.041368,1767968,0.4819999933242798
1606388819.9603987,1770262,0.2901785671710968
1606388823.8466735,1770679,0.12470024079084396
1606388832.2892177,1771679,0.3230000138282776
1606388872.8089135,1776316,0.13274335861206055
1606388933.9583519,1782873,0.15434083342552185
1606388956.7397115,1785381,0.15730337798595428
1606388975.9782012,1787505,0.12459016591310501
1606388990.2597246,1789134,0.10913140326738358
1606389000.0998182,1790208,0.12921348214149475
1606389046.200354,1795446,0.09972298890352249
1606389061.9536946,1797236,0.02666666731238365
1606389086.8297083,1800087,0.03750000149011612
1606389100.8040066,1801661,0.0941176488995552
1606389102.0208817,1801784,0.12195122241973877
1606389125.663203,1804367,0.09646302461624146
1606389130.7624204,1804900,0.08633093535900116
1606389132.6743937,1805082,0.17582418024539948
1606389134.8413756,1805295,0.11235955357551575
1606389147.075499,1806647,0.0714285746216774
1606389147.895381,1806728,0.09876543283462524
1606389152.913497,1807305,0.24783362448215485
1606389177.42986,1810192,0.1403162032365799
1606389188.8017972,1811538,0.12138728052377701
1606389203.7811756,1813204,0.175105482339859
1606389209.4652314,1813840,0.17138364911079407
1606389211.132202,1814002,0.09259258955717087
1606389220.1461768,1815002,0.38600000739097595
1606389231.0807407,1816242,0.36000001430511475
1606389243.581977,1817612,0.1550561785697937
1606389246.4016755,1817924,0.125
1606389268.6220324,1820414,0.20800000429153442
1606389280.3879957,1821655,0.13333334028720856
1606389289.7899897,1822753,0.26147279143333435
1606389315.089656,1824276,0.13245032727718353
1606389347.4666164,1827622,0.043478261679410934
1606389367.8063796,1829761,0.0476190485060215
1606389369.2762024,1829920,0.056603774428367615
1606389371.33188,1830134,0.08411215245723724
1606389398.294182,1833079,0.08296943455934525
1606389435.4667008,1837261,0.10663983970880508
1606389447.8543642,1838589,0.13179916143417358
1606389469.35922,1840968,0.1666666716337204
1606389517.648452,1846295,0.06611569970846176
1606389542.9395702,1849224,0.13953489065170288
1606389548.3406484,1849763,0.125
1606389559.907508,1850990,0.13385826349258423
1606389585.289913,1853857,0.11864406615495682
1606389616.4548666,1857304,0.07399576902389526
1606389623.711046,1858096,0.14768683910369873
1606389634.3650913,1859337,0.33500000834465027
1606389635.4926424,1859456,0.11764705926179886
1606389681.472138,1864647,0.12403100728988647
1606389716.5556014,1868499,0.07364340871572495
1606389722.4459133,1869154,0.15419846773147583
1606389765.5793128,1874070,0.36000001430511475
1606389798.0475554,1877558,0.07421875
1606389807.990442,1878577,0.07476635277271271
1606389817.7039452,1879603,0.14412811398506165
1606389880.6753724,1886571,0.24500000476837158
1606389928.8200066,1891974,0.17032040655612946
1606389952.3264647,1894409,0.12244898080825806
1606389953.3832407,1894513,0.03846153989434242
1606389969.5291789,1896329,0.21699999272823334
1606389982.0075305,1897581,0.13230769336223602
1606389983.3363755,1897703,0.15000000596046448
1606389983.3363755,1897793,0.15000000596046448
1606389983.3363755,1897794,0.15000000596046448
1606389983.3363755,1897795,0.15000000596046448
1606389983.3363755,1897796,0.15000000596046448
1606389983.3363755,1897797,0.15000000596046448
1606390039.5846207,1903929,0.13548387587070465
1606390072.0295,1907627,0.07500000298023224
1606390082.1716478,1908810,0.08196721225976944
1606390167.675303,1915057,0.06785714626312256
1606390193.058137,1917761,0.2504931092262268
1606390218.7927792,1920706,0.19382716715335846
1606390228.4927766,1921771,0.13373860716819763
1606390233.9820206,1922389,0.1229773461818695
1606390250.2253742,1924228,0.3190000057220459
1606390257.932142,1925054,0.11881188303232193
1606390311.5328455,1931013,0.1767151802778244
1606390319.2581475,1931876,0.09090909361839294
1606390324.1970048,1932422,0.14835165441036224
1606390332.6448905,1933422,0.3619999885559082
1606390354.4409893,1935824,0.037383176386356354
1606390381.3359847,1938878,0.2438650280237198
1606390434.389188,1944790,0.16630196571350098
1606390479.0410128,1949594,0.0803212821483612
1606390525.4399078,1954908,0.28299999237060547
1606390541.2788897,1956582,0.2851153016090393
1606390544.4876525,1956944,0.16850829124450684
1606390589.7148569,1962116,0.3580000102519989
1606390633.7665138,1967078,0.2208835333585739
1606390650.1766784,1968934,0.14330708980560303
1606390656.4241095,1969642,0.18502825498580933
1606390670.9628568,1971281,0.1690140813589096
1606390701.6977363,1974797,0.18307086825370789
1606390710.239011,1975797,0.25999999046325684
1606390720.7645497,1976957,0.1610284149646759
1606390747.7872853,1980029,0.0750507116317749
1606390755.9770954,1980885,0.11135371029376984
1606390825.2484,1988600,0.08771929889917374
1606390858.2450352,1992311,0.35600000619888306
1606390894.0330956,1996225,0.18352940678596497
1606390938.895597,2000959,0.25200000405311584
1606390958.841784,2002951,0.23800000548362732
1606390972.1568668,2004274,0.14315353333950043
1606391050.1824796,2012268,0.4560000002384186
1606391217.8407338,2018785,0.09913793206214905
1606391228.6092906,2019845,0.07692307978868484
1606391233.3847356,2020308,0.10367170721292496
1606391292.0803218,2026567,0.11548556387424469
