Wall time,Step,Value
1604864769.4430304,3570,0.12800000607967377
1604864847.2722733,12580,0.16500000655651093
1604864880.7978435,16489,0.13699999451637268
1604864982.380173,28534,0.12700000405311584
1604864988.910204,29312,0.18110236525535583
1604865001.500046,30780,0.12299465388059616
1604865005.441835,31247,0.14028777182102203
1604865031.327231,34354,0.14398734271526337
1604865048.1555886,36383,0.15468940138816833
1604865129.2009141,45277,0.14374999701976776
1604865149.76286,47512,0.1550000011920929
1604865167.1558964,49472,0.13725490868091583
1604865228.0825307,55329,0.7962962985038757
1604865281.6242712,60245,0.3763975203037262
1604865289.0321884,60904,0.7910447716712952
1604865299.7146657,61904,0.5950000286102295
1604865356.8058395,67073,0.14300000667572021
1604865444.5568616,74918,0.10400000214576721
1604865510.480959,81183,0.22134387493133545
1604865579.757308,87364,0.17399999499320984
1604865608.886123,90227,0.0229357797652483
1604865627.9850676,92094,0.2160000056028366
1604865689.5454836,98060,0.19099999964237213
1604865690.874769,98195,0.16296295821666718
1604865762.3638597,105062,0.24500000476837158
1604865797.533332,108030,0.3516128957271576
1604865805.4994013,108738,0.6486486196517944
1604865808.39427,109002,0.4280303120613098
1604865831.2214007,110902,0.2523874342441559
1604865886.4515262,115395,0.23899999260902405
1604865947.0358975,118988,0.227544903755188
1604865959.065268,119988,0.15000000596046448
1605029518.8798456,122790,0.12968917191028595
1605188288.5926242,123536,0.09677419066429138
1605188299.5046396,124239,0.11627907305955887
1605188322.2819188,125217,0.10526315867900848
1605188331.8132963,125525,0.13750000298023224
1605188405.6097968,126946,0.1592920422554016
1605188449.3439815,127546,0.16190476715564728
1605188483.1972942,127958,0.1515151560306549
1605188541.4291902,128562,0.10000000149011612
1605188581.3567603,128906,0.19117647409439087
1605188598.7484221,129068,0.1979166716337204
1605188827.3336697,130756,0.14084507524967194
1605188894.9767678,131161,0.1456310749053955
1605188912.8498383,131260,0.16161616146564484
1605188976.0725353,131595,0.13235294818878174
1605189049.151042,131969,0.11999999731779099
1605189076.3987806,132102,0.1492537260055542
1605189203.9819539,132661,0.12121212482452393
1605189222.9781327,132738,0.07792207598686218
1605189357.2588181,133235,0.12121212482452393
1605189468.392537,133583,0.12121212482452393
1605189891.103576,134217,0.1666666716337204
1605219902.7474418,136911,0.11764705926179886
1605219973.7768035,139164,0.17525772750377655
1605220303.366404,141055,0.14373089373111725
1605220345.2595527,143251,0.14012739062309265
1605220349.7775729,143401,0.130952388048172
1605220594.3034434,152994,0.14661654829978943
1605220603.003467,153994,0.1459999978542328
1605220621.1418521,155994,0.17299999296665192
1605220651.9705648,159306,0.15327565371990204
1605220692.9686978,163941,0.14406779408454895
1605220710.3243258,165858,0.16200000047683716
1605220714.3710957,166305,0.11409395933151245
1605220731.4464877,168160,0.15119759738445282
1605220764.4847865,171738,0.13302752375602722
1605220813.293873,176992,0.15041127800941467
1605220832.382339,178989,0.16107381880283356
1605220835.4135115,179304,0.14603175222873688
1605220883.9672537,184505,0.14800000190734863
1605220965.658786,193230,0.24298055469989777
1605220979.780952,194634,0.2772277295589447
1605221067.7614663,203438,0.4861111044883728
1605221097.4339743,206405,0.28331583738327026
1605221109.0662053,207563,0.20253165066242218
1605221120.468029,208704,0.24418604373931885
1605221148.906632,211582,0.24634146690368652
1605221171.788953,213824,0.12887439131736755
1605221179.594575,214595,0.19341564178466797
1605221206.0799327,217239,0.24199999868869781
1605221245.6150024,221130,0.10999999940395355
1605221273.0661063,223837,0.1666666716337204
1605221334.2383196,229895,0.2070000022649765
1605221363.915629,232867,0.11764705926179886
1605221397.7926452,236343,0.27397260069847107
1605221418.0636337,238348,0.18299999833106995
1605221433.8911967,239870,0.1236749142408371
1605221440.2259514,240501,0.3961038887500763
1605221446.2459784,241119,0.22977346181869507
1605221452.9430149,241791,0.18840579688549042
1605221462.1879451,242735,0.375
1605221472.2190223,243735,0.09799999743700027
1605221511.090519,246930,0.1834862381219864
1605221513.145918,247125,0.2102564126253128
1605221572.3031409,252935,0.1420000046491623
1605221615.5635612,257298,0.1284722238779068
1605221628.7835255,258639,0.12800000607967377
1605221661.4073453,261921,0.07500000298023224
1605221689.9986193,264749,0.07100000232458115
1605221705.585769,266272,0.1739961802959442
1605221763.2449572,272061,0.13899999856948853
1605221817.4970634,277477,0.15700000524520874
1605221827.6148505,278477,0.11999999731779099
1605221843.2306333,280016,0.06199999898672104
1605221854.369538,281096,0.041999999433755875
1605221855.6815016,281230,0.15671642124652863
1605221863.8403459,282025,0.2716049253940582
1605221919.3965652,287513,0.11699999868869781
1605221938.7174857,289445,0.2544987201690674
1605221974.4959285,293015,0.10300000011920929
1605221995.6174965,295127,0.10999999940395355
1605222013.5162456,296896,0.10869564861059189
1605222047.7812595,300259,0.23354564607143402
1605222049.68383,300433,0.2298850566148758
1605222079.7789195,303426,0.08799999952316284
1605222111.327882,306562,0.14492753148078918
1605222188.675633,314351,0.13099999725818634
1605222225.1502786,317905,0.1420000046491623
1605222231.1433792,318478,0.09285714477300644
1605222269.4642417,322316,0.08088235557079315
1605222294.1505678,324809,0.143216073513031
1605222318.4038377,327250,0.11299999803304672
1605222319.1882665,327321,0.3661971688270569
1605222325.7202752,327961,0.09687499701976776
1605222373.855181,332662,0.07800000160932541
1605222421.920797,337380,0.28358209133148193
1605222439.3278623,339083,0.13300000131130219
1605222449.5451646,340083,0.1080000028014183
1605222480.4790835,343206,0.10832232236862183
1605222501.5897083,345294,0.0902777761220932
1605222522.3233013,347336,0.14335663616657257
1605222530.1512847,348101,0.10065359622240067
1605222558.6475482,350946,0.08900000154972076
1605222627.8559043,357665,0.16803760826587677
1605222656.20639,360418,0.07508532702922821
1605222666.3723454,361418,0.08399999886751175
1605222673.9772353,362159,0.09716599434614182
1605222682.1847515,362944,0.009345794096589088
1605222686.3380282,363342,0.055276382714509964
1605222733.2961943,367903,0.06605922430753708
1605222757.431431,370275,0.0595238097012043
1605222764.341663,370955,0.07058823853731155
1605222775.9339788,372076,0.08892922103404999
1605222795.9232094,374076,0.10100000351667404
1605287640.1336334,375066,0.15716272592544556
1605287646.9161334,375829,0.14023591578006744
1605287656.127274,376829,0.15199999511241913
1605287677.7331161,379162,0.13699999451637268
1605287697.6782017,381534,0.12757201492786407
1605287712.6798005,383212,0.17073170840740204
1605287713.9258735,383358,0.15068493783473969
1605287722.2572153,384358,0.1420000046491623
1605287741.2272708,386590,0.10526315867900848
1605287809.027336,394515,0.12359550595283508
1605287827.9450512,396647,0.15000000596046448
1605287831.220269,397025,0.12631578743457794
1605287850.084685,399194,0.16911764442920685
1605287967.3957186,412880,0.13699999451637268
1605287975.7617521,413813,0.1629955917596817
1605287996.482652,416171,0.13432836532592773
1605288011.3996658,417843,0.1383928507566452
1605288022.5859993,419131,0.13461539149284363
1605288026.076807,419532,0.11940298229455948
1605288075.327869,424695,0.10000000149011612
1605288126.9601965,429572,0.13099999725818634
1605288144.5263543,431151,0.3654618561267853
1605288196.506733,435774,0.10182370990514755
1605288205.7359207,436669,0.16336633265018463
1605288260.711825,441893,0.08905579149723053
1605288275.1503844,443240,0.16040100157260895
1605288298.9276977,445482,0.2933884263038635
1605288320.9484448,447558,0.19736842811107635
1605288385.9541845,453745,0.03700000047683716
1605288396.5627842,454745,0.17499999701976776
1605288429.7237608,457745,0.04800000041723251
1605288498.3204346,463711,0.19893190264701843
1605288524.7046363,466200,0.10700000077486038
1605288612.8792698,474090,0.15789473056793213
1605288656.334542,477998,0.08100000023841858
1605288682.125934,480309,0.20257234573364258
1605288683.2949662,480412,0.19417475163936615
1605288757.9443135,487067,0.12399999797344208
1605288762.17137,487433,0.09836065769195557
1605288789.343739,489844,0.07800000160932541
1605288811.910063,491844,0.050999999046325684
1605288813.9012718,491975,0.2671755850315094
1605288848.6959388,495064,0.08900000154972076
1605288849.6258998,495144,0.05000000074505806
1605288878.5449317,497590,0.08744394779205322
1605288890.3800147,498456,0.07043880224227905
1606340565.7158415,502551,0.14935064315795898
1606340593.6147702,504232,0.08571428805589676
1606340608.9541895,505997,0.15424837172031403
1606340623.8530087,507735,0.14800000190734863
1606340625.7307196,507956,0.14479638636112213
1606340677.8151665,513938,0.1320754736661911
1606340694.8707147,515929,0.13713592290878296
1606340735.069035,520464,0.1340206116437912
1606340739.2519586,520957,0.125
1606340753.3119426,522527,0.125
1606340772.0440538,524678,0.16012084484100342
1606340803.2428715,528349,0.12857143580913544
1606340865.210007,535591,0.13578946888446808
1606340885.4541419,537953,0.13084112107753754
1606340905.0908573,540192,0.11139896512031555
1606340910.1901183,540761,0.09480122476816177
1606340914.7769747,541270,0.12121212482452393
1606340930.0318418,543000,0.09137056022882462
1606340936.3742414,543709,0.16352201998233795
1606340961.5311022,546621,0.14900000393390656
1606340967.2141268,547287,0.1501501500606537
1606340971.694295,547821,0.15543070435523987
1606341005.1501586,551659,0.12075471878051758
1606341049.2762995,555853,0.23100000619888306
1606341081.65294,558985,0.11699999868869781
1606341092.6038027,559985,0.20900000631809235
1606341181.23875,567869,0.17312072217464447
1606341220.8479838,571776,0.12700000405311584
1606341313.368977,580597,0.11305732280015945
1606341335.1894727,582597,0.0689999982714653
1606341505.7770884,597882,0.21459227800369263
1606341509.5936828,598181,0.10033445060253143
1606341550.9080164,601584,0.10499999672174454
1606341552.8515384,601745,0.21739129722118378
1606341565.5537002,602745,0.125
1606341785.4686904,617359,0.056910570710897446
1606341831.263933,621521,0.09000000357627869
1606341881.4104557,626260,0.13372093439102173
1606341882.1290379,626338,0.1666666716337204
1606342496.5704873,628798,0.1358024626970291
1606342504.2410412,629708,0.13649025559425354
1606342529.0502732,632534,0.1379999965429306
1606342539.3749518,633731,0.15605749189853668
1606342708.3346753,651975,0.1482444703578949
1606342719.6485727,653068,0.14900000393390656
1606342724.352483,653595,0.1489361673593521
1606342764.180098,657815,0.14516128599643707
1606342777.2909243,659191,0.14919355511665344
1606342815.89053,663272,0.156521737575531
1606342829.000776,664660,0.11428571492433548
1606342848.7052424,666716,0.14261460304260254
1606342902.1533737,672226,0.1428571492433548
1606342941.4844372,676359,0.12600000202655792
1606343000.2719817,681895,0.08799999952316284
1606343052.3585489,686594,0.08299999684095383
1606343062.4291167,687594,0.20100000500679016
1606343108.7726154,691690,0.07852193713188171
1606343196.631835,699940,0.05900000035762787
1606343232.160765,703138,0.10766423493623734
1606343242.6956308,704138,0.04899999871850014
1606343262.3430896,705973,0.10700000077486038
1606343307.1747773,709651,0.08100000023841858
1606343324.0957432,711106,0.035164836794137955
1606343349.6687284,713284,0.12359550595283508
1606343382.742518,716284,0.09700000286102295
1606343409.7374249,718763,0.07100000232458115
1606343411.2195117,718905,0.1619718372821808
1606343560.9274836,732003,0.15130023658275604
1606343671.7074811,742389,0.07400000095367432
1606343749.8434346,748922,0.1679999977350235
1606343768.7016482,750667,0.32743361592292786
1606343772.148761,750965,0.17114093899726868
1606343788.7773187,752449,0.3449275493621826
1606343791.413574,752688,0.3514644205570221
1606343928.8234556,764453,0.2405405342578888
1606343931.6078103,764691,0.2478991597890854
1606343953.574275,766703,0.14393939077854156
1606343964.4576643,767754,0.22564102709293365
1606343992.2688823,770108,0.18400000035762787
1606343994.0147688,770242,0.45588234066963196
1606344009.162422,771430,0.19230769574642181
1606344052.3558545,775029,0.1599999964237213
1606344086.3444002,778216,0.09000000357627869
1606344211.7933106,790716,0.20000000298023224
1606344212.7833233,790809,0.4516128897666931
1606344255.9645896,795065,0.3333333432674408
1606344295.1978202,799109,0.20047733187675476
1606344297.9929621,799384,0.2654545307159424
1606344313.0339196,800872,0.22127659618854523
1606344321.158155,801697,0.23320157825946808
1606344321.9098585,801764,0.2238806039094925
1606344355.4385288,805194,0.2199999988079071
1606344381.952711,807903,0.16455696523189545
1606344425.4760427,812316,0.27947598695755005
1606344427.5276601,812516,0.20000000298023224
1606344436.7792473,813422,0.23376622796058655
1606344492.3585982,818907,0.301075279712677
1606344511.6647103,820908,0.3396226465702057
1606344512.5146775,820985,0.23376622796058655
1606344514.932957,821229,0.1818181872367859
1606344538.0889754,823546,0.5384615659713745
1606344549.4189084,824672,0.4054054021835327
1606344550.6368816,824782,0.5363636612892151
1606344574.7932312,827268,0.14468085765838623
1606344594.6864426,829377,0.2589040994644165
1606344599.628285,829877,0.33576643466949463
1606344612.4365795,831198,0.4545454680919647
1606344742.1177742,834736,0.42424243688583374
1606344766.7283413,837209,0.3273809552192688
1606344767.9442983,837328,0.32773110270500183
1606344780.6640954,838555,0.260869562625885
1606344805.6476152,841066,0.20720720291137695
1606344847.3566673,845201,0.23076923191547394
1606344848.09971,845267,0.4545454680919647
1606344852.5717468,845709,0.3858921229839325
1606344868.223016,847269,0.5
1606344887.281596,849219,0.3265993297100067
1606344890.8712862,849566,0.4922279715538025
1606344898.1743238,850332,0.42105263471603394
1606344902.0417368,850713,0.43589743971824646
1606344915.6300385,852079,0.22794117033481598
1606344935.8602843,854088,0.3294117748737335
1606344953.4099684,855866,0.28070175647735596
1606344960.7075198,856598,0.26356589794158936
1606344967.8863227,857327,0.2616407871246338
1606344972.088773,857745,0.3444976210594177
1606344990.4094446,859564,0.2402234673500061
1606344994.7141151,860022,0.3340611457824707
1606345016.1963055,862244,0.3404255211353302
1606345019.7206595,862600,0.449664443731308
1606345020.8938162,862722,0.30327868461608887
1606345021.6200483,862788,0.4848484992980957
1606345025.4996023,863182,0.3602484464645386
1606345035.4767892,864178,0.1957104504108429
1606345056.804465,866332,0.23705722391605377
1606345057.5891373,866399,0.2238806039094925
1606345095.0984235,870270,0.24058577418327332
1606345096.5439978,870414,0.1875
1606345106.7704482,871424,0.17419354617595673
1606345118.698188,872594,0.4166666567325592
1606345125.9285266,873306,0.4396551847457886
1606345130.6589715,873760,0.23333333432674408
1606345142.3221235,874897,0.15714286267757416
1606345147.4254837,875416,0.23892100155353546
1606345155.8325062,876286,0.37142857909202576
1606345159.0313141,876610,0.2777777910232544
1606345160.0297518,876703,0.4838709533214569
1606345180.0691574,878693,0.49473685026168823
1606345217.3733184,882467,0.7424242496490479
1606345244.713484,885252,0.1436314433813095
1606345261.1402168,886855,0.3732394278049469
1606345281.7696345,888911,0.4444444477558136
1606345284.4478233,889168,0.26070037484169006
1606345346.6865683,892428,0.5763888955116272
1606345382.4723232,896113,0.23357664048671722
1606345413.1050878,899156,0.14899712800979614
1606345432.3364897,901149,0.3787878751754761
1606345435.14519,901435,0.26428571343421936
1606345447.2316995,902667,0.3083004057407379
1606345480.0791802,905950,0.5353535413742065
1606345480.6658788,906018,0.5588235259056091
1606345482.7235274,906216,0.39393940567970276
1606345489.669111,906923,0.3206997215747833
1606345508.2114496,908851,0.30612245202064514
1606345529.727771,911037,0.5151515007019043
1606345540.3812938,912137,0.46666666865348816
1606345564.2399824,914498,0.47333332896232605
1606345564.9561658,914564,0.5151515007019043
1606345565.5511909,914630,0.3181818127632141
1606345616.522053,919875,0.42510122060775757
1606345664.9013104,924790,0.3734177350997925
1606345674.5943654,925767,0.3636363744735718
1606345686.837809,926960,0.2611111104488373
1606345702.3528993,928466,0.27137547731399536
1606345707.1579556,928926,0.4871794879436493
1606345713.5527816,929581,0.2519893944263458
1606345725.6443167,930835,0.18799999356269836
1606345739.2863011,932255,0.40625
1606345749.4327433,933323,0.364130437374115
1606345751.8867424,933558,0.3958333432674408
1606345765.5866401,935004,0.2930000126361847
1606345772.7918687,935734,0.522580623626709
1606345778.4909258,936287,0.44017094373703003
1606345796.3679307,938052,0.18666666746139526
1606345797.9781866,938226,0.3636363744735718
1606345825.893161,941061,0.2432432472705841
1606345827.133446,941184,0.30894309282302856
1606345828.3034592,941303,0.4789915978908539
1606345927.347208,946115,0.4637681245803833
1606345934.9098914,946848,0.4833948314189911
1606345948.9054737,948290,0.2398373931646347
1606345971.6400292,950647,0.20800000429153442
1606345972.241823,950713,0.6515151262283325
1606345976.1291444,951100,0.5307692289352417
1606345979.3199327,951433,0.3333333432674408
1606345997.5600095,953417,0.18292683362960815
1606346021.4988089,955894,0.12077295035123825
1606346023.7593672,956113,0.23529411852359772
1606346045.8341722,958412,0.24263674020767212
1606346053.4067407,959167,0.458781361579895
1606346055.6162114,959381,0.2839506268501282
1606346057.5876734,959566,0.5522388219833374
1606346068.1077435,960698,0.25600001215934753
1606346085.0523305,962624,0.20600000023841858
1606346140.5060606,968370,0.22857142984867096
1606346179.3881843,972356,0.30909091234207153
1606346181.852945,972613,0.3463034927845001
1606346183.557075,972783,0.33529412746429443
1606346186.946104,973131,0.32121211290359497
1606346188.5772083,973286,0.4838709533214569
1606346193.6901042,973807,0.4337349534034729
1606346204.947074,974983,0.3433476388454437
1606346215.27341,976073,0.28787878155708313
1606346234.6168747,978101,0.39306357502937317
1606346248.9751127,979575,0.25
1606346251.9878037,979861,0.3744075894355774
1606346274.8051226,982161,0.4166666567325592
1606346282.9136302,983007,0.5757575631141663
1606346299.4511788,984811,0.22727273404598236
1606346306.1316955,985482,0.3484848439693451
1606346321.8664236,987044,0.24744027853012085
1606346329.0651922,987771,0.244766503572464
1606346338.1760323,988771,0.2680000066757202
1606346368.5160382,991830,0.469696968793869
1606346378.4167383,992783,0.36329588294029236
1606346380.857274,993026,0.4285714328289032
1606346393.9690995,994440,0.2529335021972656
1606346398.0879197,994863,0.2576832175254822
1606346408.885657,995989,0.35576921701431274
1606346409.8285456,996080,0.5164835453033447
1606346416.9903715,996795,0.3112480640411377
1606346423.9830782,997487,0.3545454442501068
1606346424.8965328,997572,0.3176470696926117
1606346445.4018815,999692,0.3306930661201477
1606346446.7128801,999829,0.525547444820404
1606346450.1507525,1000143,0.1515151560306549
1606346451.9411998,1000336,0.35433071851730347
1606346454.4565766,1000576,0.49180328845977783
1606346462.400262,1001384,0.1666666716337204
1606346490.569055,1004274,0.20895522832870483
1606346493.272313,1004540,0.4350000023841858
1606346495.6773963,1004779,0.36274510622024536
1606346504.8506181,1005779,0.23000000417232513
1606346544.7763448,1006519,0.3211009204387665
1606346548.6095157,1006884,0.5299145579338074
1606346574.5970616,1009573,0.39393940567970276
1606346587.2609663,1010912,0.20399999618530273
1606346633.2899084,1015658,0.28358209133148193
1606346650.3491209,1017436,0.31339031457901
1606346661.9091249,1018572,0.255384624004364
1606346679.022222,1020333,0.1818181872367859
1606346682.9241393,1020726,0.44020354747772217
1606346693.1029766,1021793,0.28999999165534973
1606346696.5638287,1022136,0.3229166567325592
1606346697.9745896,1022258,0.4836065471172333
1606346701.008533,1022548,0.327160507440567
1606346706.20142,1023059,0.45622119307518005
1606346710.645606,1023485,0.34272301197052
1606346741.3687572,1026706,0.402515709400177
1606346757.479676,1028472,0.29899999499320984
1606346771.3152852,1029911,0.2936288118362427
1606346814.185561,1034283,0.5199999809265137
1606346834.1398642,1036342,0.3636363744735718
1606346846.9313161,1037724,0.4040178656578064
1606346884.3752074,1041489,0.31299999356269836
1606346902.8749225,1043292,0.2979942560195923
1606346908.8061495,1043871,0.40993788838386536
1606346913.133801,1044293,0.1764705926179886
1606346924.4960012,1045530,0.2696177065372467
1606346928.1964467,1045899,0.3739837408065796
1606346929.810764,1046049,0.46000000834465027
1606346952.7864573,1048402,0.34823527932167053
1606346953.8895445,1048513,0.5405405163764954
1606346954.6177008,1048579,0.5151515007019043
1606346957.7885585,1048901,0.4225352108478546
1606346987.4665189,1052013,0.47029703855514526
1606346989.021218,1052152,0.4532374143600464
1606346995.653965,1052839,0.34621578454971313
1606347014.1156378,1054835,0.45402297377586365
1606347036.470329,1057135,0.39382240176200867
1606347092.7548506,1063019,0.21212121844291687
1606347131.8153472,1067075,0.28358209133148193
1606347143.1506312,1068198,0.3787878751754761
1606347146.4365911,1068529,0.33836859464645386
1606347150.740884,1068949,0.43874645233154297
1606347186.274682,1070365,0.34545454382896423
1606347189.7604117,1070717,0.40594059228897095
1606347193.9283576,1071110,0.45108696818351746
1606347217.826553,1073511,0.41584157943725586
1606347231.796913,1074862,0.43589743971824646
1606347233.2688265,1075016,0.41558441519737244
1606347258.0148025,1077535,0.3148688077926636
1606347274.7626925,1079288,0.4349442422389984
1606347284.375002,1080273,0.33779263496398926
1606347285.0862153,1080339,0.4848484992980957
1606347287.9831579,1080621,0.3472222089767456
1606347298.1438174,1081715,0.521276593208313
1606347304.566426,1082349,0.3253012001514435
1606347338.6974394,1085781,0.4095238149166107
1606347358.8471973,1087966,0.4637681245803833
1606347367.5325253,1088966,0.21299999952316284
1606347407.1603193,1093201,0.3673139214515686
1606347410.1935427,1093499,0.26865673065185547
1606347412.8386252,1093749,0.37078651785850525
1606347417.8030725,1094275,0.31749048829078674
1606347418.5702825,1094346,0.3802816867828369
1606347450.065268,1097643,0.5338982939720154
1606347454.443197,1098087,0.33898305892944336
1606347466.7368164,1099384,0.13636364042758942
1606347476.990775,1100434,0.4592592716217041
1606347486.8740652,1101500,0.1666666716337204
1606347490.9226398,1101907,0.3137930929660797
1606347494.5330205,1102251,0.43801653385162354
1606347510.1111422,1103828,0.3333333432674408
1606347518.7610312,1104653,0.4000000059604645
1606347532.0888846,1106051,0.36000001430511475
1606347539.195299,1106757,0.3345070481300354
1606347555.4033308,1108500,0.27941176295280457
1606347574.6355042,1110554,0.52173912525177
1606347578.9861052,1110989,0.22068965435028076
1606347603.8094182,1113532,0.46268656849861145
1606347605.4665215,1113683,0.5529412031173706
1606347643.5343907,1117540,0.36263737082481384
1606347644.1068838,1117606,0.6060606241226196
1606347652.105226,1118467,0.30197444558143616
1606347653.5900085,1118629,0.5432098507881165
1606347681.6015732,1119920,0.15311004221439362
1606347688.939886,1120647,0.3392857015132904
1606347697.198519,1121447,0.37383177876472473
1606347704.8729925,1122322,0.2948571443557739
1606347715.7811964,1123420,0.3636363744735718
1606347730.5427027,1124971,0.2502831220626831
1606347740.3712122,1125976,0.4356435537338257
1606347752.1955087,1127225,0.10447761416435242
1606347756.9044037,1127658,0.20895522832870483
1606347760.1292963,1127945,0.45644599199295044
1606347771.2373977,1129097,0.4307692348957062
1606347777.5872808,1129774,0.4301075339317322
1606347787.205909,1130709,0.581632673740387
1606347794.3853848,1131384,0.2410714328289032
1606347801.7536578,1132126,0.4433497488498688
1606347843.1920083,1136466,0.5099009871482849
1606347850.2317646,1137189,0.38983049988746643
1606347853.5748599,1137525,0.35687732696533203
1606347876.0975556,1139899,0.3734939694404602
1606347883.2456672,1140590,0.5061728358268738
1606347908.8936353,1143335,0.39393940567970276
1606347918.3056302,1144295,0.4803921580314636
1606347924.0022268,1144864,0.5420168042182922
1606347981.042049,1150728,0.5291828513145447
1606348008.4611099,1153419,0.3947368562221527
1606348009.4742975,1153521,0.3921568691730499
1606348018.9024832,1154501,0.3387424051761627
1606348031.9062352,1155895,0.19696970283985138
1606348040.9833133,1156791,0.5494505763053894
1606348042.1796083,1156909,0.38983049988746643
1606348044.1430905,1157103,0.44329896569252014
1606348046.3611364,1157329,0.33185839653015137
1606348054.8265824,1158329,0.28700000047683716
1606348056.1855426,1158450,0.42148759961128235
1606348068.8669872,1159704,0.3977900445461273
1606348123.3231864,1165294,0.41304346919059753
1606348124.0748723,1165362,0.11764705926179886
1606348125.419024,1165500,0.5072463750839233
1606348148.0272183,1166629,0.375
1606348177.8991709,1169673,0.3068181872367859
1606348182.2336283,1170126,0.5555555820465088
1606348213.4252455,1173436,0.5590550899505615
1606348214.4254084,1173531,0.4421052634716034
1606348220.3334894,1174104,0.44285714626312256
1606348223.3905785,1174395,0.6063829660415649
1606348224.214667,1174469,0.3378378450870514
1606348226.5068698,1174663,0.4296875
1606348266.5158014,1178868,0.5492957830429077
1606348282.5201535,1180489,0.4191919267177582
1606348287.3242826,1180951,0.5233644843101501
1606348293.4347334,1181582,0.4161073863506317
1606348306.8968296,1182933,0.469696968793869
1606348312.7902768,1183584,0.3164362609386444
1606348322.2615006,1184537,0.4523809552192688
1606348329.5084953,1185298,0.3457943797111511
1606348337.27765,1186168,0.3011494278907776
1606348357.7870429,1188278,0.44378697872161865
1606348361.1994236,1188609,0.43209877610206604
1606348366.4018283,1189109,0.28787878155708313
1606348367.9275615,1189251,0.3484848439693451
1606348374.18053,1189905,0.4253731369972229
1606348385.6191497,1191176,0.5258620977401733
1606348414.7954195,1194201,0.44625407457351685
1606348423.2633564,1195123,0.44285714626312256
1606348424.8851352,1195278,0.522580623626709
1606348425.6243982,1195346,0.45588234066963196
1606348455.8331378,1198538,0.5492957830429077
1606348490.8088527,1202260,0.33510637283325195
1606348515.045545,1204889,0.38528138399124146
1606348546.4888477,1208094,0.4264150857925415
1606348577.490883,1211386,0.2388707995414734
1606348578.8127482,1211522,0.44117647409439087
1606348582.847608,1211922,0.5151515007019043
1606348598.511549,1213524,0.5714285969734192
1606348613.7796593,1215124,0.3668903708457947
1606348627.4520173,1215842,0.32575756311416626
1606348638.092162,1216938,0.45045045018196106
1606348646.7695048,1217900,0.347533643245697
1606348658.572071,1219166,0.2849999964237213
1606348666.2248945,1219963,0.3930920958518982
1606348674.62341,1220863,0.31596091389656067
1606348684.6783915,1221947,0.287937730550766
1606348688.6991217,1222365,0.41387560963630676
1606348697.4706593,1223298,0.4644549787044525
1606348707.9610233,1224352,0.34756097197532654
1606348710.1435542,1224573,0.43283581733703613
1606348724.4216144,1226169,0.23100000619888306
1606348738.6422515,1227625,0.4033816456794739
1606348749.3615308,1228783,0.3762376308441162
1606348750.4743118,1228896,0.47787609696388245
1606348751.2575288,1228966,0.41428571939468384
1606348760.715803,1229904,0.3916666805744171
1606348789.5555522,1232962,0.5454545617103577
1606348799.8991582,1234109,0.5
1606348805.5462193,1234675,0.3723958432674408
1606348807.3328524,1234842,0.5199999809265137
1606348810.0933084,1235130,0.29487180709838867
1606348838.9340286,1238260,0.6857143044471741
1606348844.7334106,1238829,0.42424243688583374
1606348873.8529954,1241808,0.5495495200157166
1606348885.4011562,1243055,0.48351648449897766
1606348927.4035623,1247403,0.5224719047546387
1606348959.9765542,1250765,0.27399998903274536
1606348960.5617948,1250832,0.35820895433425903
1606348977.491794,1252621,0.2930000126361847
1606348979.8168912,1252851,0.5043478012084961
1606348985.4286554,1253461,0.3261339068412781
1606348988.9447424,1253816,0.49740931391716003
1606349007.0721085,1255798,0.2341269850730896
1606349020.7690215,1257277,0.39772728085517883
1606349028.4787102,1258135,0.5101010203361511
1606349095.0501866,1265266,0.6240000128746033
1606349116.069547,1267547,0.4555555582046509
1606349122.1666462,1268168,0.460317462682724
1606349239.2721763,1271821,0.23899999260902405
1606349250.914402,1272076,0.37254902720451355
1606349270.134113,1274105,0.3539651930332184
1606349273.0144844,1274386,0.47727271914482117
1606349336.1522083,1281003,0.25
1606349341.4791048,1281525,0.5164319276809692
1606349357.6212907,1283259,0.43023255467414856
1606349372.4307468,1284926,0.3452380895614624
1606349373.7398646,1285042,0.43103447556495667
1606349376.8629277,1285356,0.4127906858921051
1606349377.5341473,1285433,0.27272728085517883
1606349388.134536,1286496,0.44606414437294006
1606349417.5203445,1289584,0.31343284249305725
1606349434.5239522,1291350,0.37597912549972534
1606349464.4950008,1294618,0.3333333432674408
1606349466.6147323,1294825,0.31168830394744873
1606349469.2863338,1295082,0.35078534483909607
1606349482.3101475,1296511,0.23000000417232513
1606349487.8217878,1297067,0.49537035822868347
1606349520.7773025,1300462,0.415909081697464
1606349523.7891984,1300774,0.512499988079071
1606349540.3085945,1302575,0.4691357910633087
1606349556.9675698,1304299,0.21794871985912323
1606349565.573152,1305146,0.46212121844291687
1606349568.2396328,1305431,0.49824562668800354
1606349569.9899442,1305599,0.4226190447807312
1606349577.0397127,1306316,0.4776119291782379
1606349586.7689638,1307328,0.2854330837726593
1606349612.6742313,1310138,0.3786707818508148
1606349645.7001188,1313645,0.3056722581386566
1606349665.9800448,1315797,0.3461538553237915
1606349673.477118,1316543,0.5652173757553101
1606349679.6652997,1317147,0.3281553387641907
1606349692.7984397,1318522,0.5083333253860474
1606349708.5814588,1320117,0.44144144654273987
1606349719.6717114,1321312,0.25
1606349721.4635897,1321482,0.4326923191547394
1606349725.2856276,1321847,0.1927710771560669
1606349756.2267473,1325137,0.2706645131111145
1606349888.6366405,1329335,0.3368421196937561
1606349908.7641113,1331515,0.3140496015548706
1606349922.7846892,1333023,0.32576984167099
1606349947.9727006,1335615,0.3452380895614624
1606349952.9344594,1336097,0.4325842559337616
1606349955.7533894,1336360,0.4747474789619446
1606349970.3925147,1337920,0.3407202363014221
1606349994.5630345,1340523,0.5510203838348389
1606350001.169712,1341181,0.34490740299224854
1606350014.170577,1342625,0.26487746834754944
1606350037.353506,1345051,0.23999999463558197
1606350038.8175938,1345204,0.6209150552749634
1606350065.810231,1348045,0.281862735748291
1606350092.1057036,1350895,0.22699999809265137
1606350104.958759,1352304,0.6000000238418579
1606350111.342308,1353003,0.39393940567970276
1606350118.7384264,1353744,0.4521739184856415
1606350142.7769175,1356198,0.5
1606350152.7397544,1357279,0.2740524709224701
1606350175.7900388,1359699,0.4000000059604645
1606350177.9854875,1359904,0.43939393758773804
1606350181.2767305,1360224,0.3510638177394867
1606350183.877057,1360464,0.5757575631141663
1606350194.6443954,1361553,0.5454545617103577
1606350222.1727817,1364355,0.40909090638160706
1606350226.6743884,1364829,0.4866666793823242
1606350244.5933588,1366783,0.23600000143051147
1606350246.4222765,1366961,0.38764044642448425
1606350249.7722123,1367288,0.5263158082962036
1606350261.3935723,1368571,0.4558303952217102
1606350270.795199,1369490,0.45098039507865906
1606350271.7660475,1369583,0.49462366104125977
1606350283.1666281,1370704,0.39743590354919434
1606350311.1434417,1373730,0.4183673560619354
1606350317.223514,1374336,0.4523809552192688
1606350349.3819554,1377688,0.45578232407569885
1606350351.1423757,1377858,0.5235294103622437
1606350374.0264409,1379136,0.3310810923576355
1606350375.6956818,1379296,0.5062500238418579
1606350427.9161143,1384945,0.24233128130435944
1606350435.1420465,1385683,0.43820226192474365
1606350440.2762835,1386198,0.3061797618865967
1606350448.7819812,1387074,0.4583333432674408
1606350461.768635,1388437,0.2280000001192093
1606350466.7046998,1388929,0.4313725531101227
1606350489.5934863,1391214,0.4743589758872986
1606350500.0031936,1392249,0.4784946143627167
1606350501.6853135,1392418,0.3333333432674408
1606350530.9069905,1395477,0.527999997138977
1606350531.729659,1395549,0.3194444477558136
1606350554.377209,1397990,0.4839650094509125
1606350580.5872047,1400868,0.47999998927116394
1606350663.2359946,1409579,0.22499999403953552
1606350687.4919412,1412124,0.38461539149284363
1606350692.952852,1412686,0.3463541567325592
1606350752.410507,1419010,0.465753436088562
1606350755.6029015,1419332,0.5
1606350762.2389657,1420004,0.301630437374115
1606350765.8600807,1420382,0.35978835821151733
1606350767.5914702,1420552,0.42941176891326904
1606350793.0882363,1423350,0.5299145579338074
1606350802.5730278,1424379,0.517241358757019
1606350815.5398655,1425785,0.33954450488090515
1606350858.579447,1430559,0.5161290168762207
1606350880.2300162,1432863,0.4615384638309479
1606350887.1807024,1433554,0.4545454680919647
1606350907.0952837,1435597,0.3661710023880005
1606350916.077231,1436502,0.47560974955558777
1606350932.9052389,1438293,0.5379746556282043
1606350975.6273375,1442784,0.3405017852783203
1606351032.2397106,1443446,0.29661017656326294
1606351040.7160354,1443760,0.42105263471603394
1606385853.7448967,1446160,0.12700000405311584
1606385881.5238848,1449549,0.13539966940879822
1606385913.1195173,1453328,0.127306267619133
1606385925.275896,1454676,0.16300000250339508
1606385991.8109016,1462364,0.1550000011920929
1606386002.057704,1463585,0.1379999965429306
1606386016.4557703,1465322,0.11397557705640793
1606386079.7621596,1472966,0.1289999932050705
1606386109.2300503,1476529,0.1469999998807907
1606386150.2704122,1481444,0.1589999943971634
1606386164.5232146,1483153,0.12121212482452393
1606386195.527108,1486910,0.12576064467430115
1606386213.605808,1489105,0.17435897886753082
1606386229.7461798,1491039,0.13600000739097595
1606386287.7143347,1497635,0.290233850479126
1606386292.809452,1498223,0.3469387888908386
1606386293.9434044,1498345,0.5081967115402222
1606386303.1231372,1499347,0.43023255467414856
1606386307.611279,1499827,0.46853145956993103
1606386324.975943,1501725,0.529411792755127
1606386334.312646,1502695,0.44680851697921753
1606386349.5056703,1504370,0.6348314881324768
1606386351.4780796,1504582,0.46226415038108826
1606386368.7541733,1506551,0.31827113032341003
1606386399.747638,1510073,0.28600001335144043
1606386409.7238863,1511146,0.4019138813018799
1606386422.846562,1512560,0.35820895433425903
1606386427.6333485,1513062,0.4641350209712982
1606386462.522402,1516891,0.44495412707328796
1606386481.2459793,1518995,0.4231579005718231
1606386523.2181635,1523924,0.25485122203826904
1606386539.8338935,1525845,0.3970588147640228
1606386550.951156,1527035,0.42299795150756836
1606386566.7778163,1527982,0.5853658318519592
1606386578.8295312,1529188,0.3608768880367279
1606386579.3844624,1529254,0.43939393758773804
1606386607.2464259,1532357,0.5714285969734192
1606386608.1580887,1532449,0.5
1606386644.4143348,1536636,0.31784385442733765
1606386646.163205,1536811,0.5865384340286255
1606386648.3261602,1537053,0.41322314739227295
1606386665.106009,1538833,0.40897098183631897
1606386667.8807163,1539124,0.3400000035762787
1606386669.3499935,1539275,0.45695364475250244
1606386677.643715,1540275,0.21899999678134918
1606386678.206734,1540341,0.4848484992980957
1606386681.7881696,1540706,0.5442177057266235
1606386688.9825199,1541519,0.29012346267700195
1606386755.3928218,1548843,0.469696968793869
1606386759.1846142,1549233,0.34074074029922485
1606386828.64946,1557297,0.4587155878543854
1606386837.8381672,1558297,0.5463917255401611
1606386839.5461867,1558476,0.4357541799545288
1606386856.5141973,1560476,0.2669999897480011
1606386873.3784986,1562296,0.52173912525177
1606386885.9862604,1563636,0.47342994809150696
1606386897.2146425,1564827,0.4763948619365692
1606386989.7617915,1575073,0.5384615659713745
1606387017.9310915,1578236,0.18987341225147247
1606387051.2616978,1581969,0.568345308303833
1606387072.4926925,1584357,0.25531914830207825
1606387093.874613,1586752,0.4649122953414917
1606387094.5949852,1586818,0.27272728085517883
1606387123.0254016,1589976,0.5409836173057556
1606387126.0441856,1590277,0.46179401874542236
1606387128.4968522,1590534,0.5408805012702942
1606387133.8728845,1591076,0.4861111044883728
1606387137.308602,1591420,0.35877862572669983
1606387139.6285868,1591651,0.47186148166656494
1606387141.6098468,1591843,0.6617646813392639
1606387262.5225515,1599617,0.22100000083446503
1606387279.4676898,1601515,0.5760869383811951
1606387292.1417234,1602929,0.38509318232536316
1606387305.780326,1604444,0.42268040776252747
1606387325.2982466,1606631,0.2770000100135803
1606387349.9170475,1609392,0.262576699256897
1606387374.0298524,1612107,0.431547611951828
1606387378.5375342,1612580,0.4399999976158142
1606387386.844608,1613580,0.22100000083446503
1606387413.9207237,1616579,0.6233766078948975
1606387421.2957792,1617352,0.5028901696205139
1606387475.8235803,1623509,0.3815789520740509
1606387494.560409,1625592,0.24444444477558136
1606387506.7846923,1626996,0.2070000022649765
1606387517.2905526,1628196,0.5897436141967773
1606387534.13037,1630073,0.24387754499912262
1606387538.3875253,1630536,0.4471544623374939
1606387560.869055,1632982,0.4000000059604645
1606387574.1807659,1634435,0.27272728085517883
1606387586.4134672,1635671,0.4833333194255829
1606387605.1743774,1637749,0.43765902519226074
1606387628.74124,1640400,0.336448609828949
1606387642.0544178,1641882,0.19499999284744263
1606387651.1450808,1642850,0.42134830355644226
1606387686.2967381,1646886,0.5201612710952759
1606387697.6665452,1648151,0.511904776096344
1606387722.4222505,1650823,0.4000000059604645
1606387726.921095,1651287,0.5454545617103577
1606387773.6793149,1656645,0.40597015619277954
1606387797.3888578,1659312,0.20900000631809235
1606387803.4013603,1659947,0.3863636255264282
1606387818.2926116,1660184,0.5723270177841187
1606387820.6841884,1660271,0.6551724076271057
1606387829.2512767,1661164,0.46766167879104614
1606387830.5266593,1661302,0.3840579688549042
1606387832.503087,1661509,0.49275362491607666
1606387870.9733508,1665719,0.44285714626312256
1606387887.609438,1667603,0.546875
1606387889.0096247,1667755,0.4934210479259491
1606387898.295348,1668802,0.25459688901901245
1606387921.1311734,1671311,0.3906705677509308
1606387933.9356806,1672752,0.2529999911785126
1606387953.5746818,1674977,0.6704545617103577
1606387958.5680974,1675495,0.584269642829895
1606387984.499605,1678407,0.577464759349823
1606388029.2814972,1683522,0.2329999953508377
1606388055.0761404,1686449,0.2280000001192093
1606388070.7083256,1688204,0.38661709427833557
1606388083.1940339,1689635,0.21699999272823334
1606388105.8476422,1692129,0.41850221157073975
1606388115.239996,1693214,0.47058823704719543
1606388159.6775522,1698322,0.35211268067359924
1606388178.4644547,1700528,0.47297295928001404
1606388186.8986313,1701528,0.2529999911785126
1606388244.7438023,1707868,0.447761207818985
1606388247.885002,1708216,0.4080459773540497
1606388258.952301,1709490,0.20800000429153442
1606388292.0618865,1713191,0.257999986410141
1606388296.1380808,1713628,0.5476190447807312
1606388330.5348577,1717467,0.326241135597229
1606388347.1995113,1719318,0.1809999942779541
1606388355.92196,1720318,0.2590000033378601
1606388390.7170703,1724059,0.3844492435455322
1606388396.0214474,1724603,0.42307692766189575
1606388398.0867589,1724814,0.5165876746177673
1606388428.9848108,1728221,0.19499999284744263
1606388439.6920357,1729425,0.2689969539642334
1606388483.820167,1734422,0.22300000488758087
1606388499.5073245,1736163,0.4825174808502197
1606388511.7114222,1737578,0.4506024122238159
1606388519.9568884,1738506,0.4479166567325592
1606388568.6375544,1742285,0.4463007152080536
1606388630.2278333,1749127,0.546875
1606388643.6228359,1750648,0.5153846144676208
1606388687.1803412,1755688,0.23600000143051147
1606388720.029058,1759336,0.20600000023841858
1606388752.375867,1762897,0.23199999332427979
1606388769.2854748,1764725,0.4150943458080292
1606388772.7920125,1765088,0.5107296109199524
1606388798.0417302,1767968,0.1599999964237213
1606388819.960715,1770262,0.306547611951828
1606388823.8469293,1770679,0.4724220633506775
1606388832.2895086,1771679,0.23600000143051147
1606388872.8090441,1776316,0.3097345232963562
1606388933.9585216,1782873,0.41800642013549805
1606388956.7398858,1785381,0.3988763988018036
1606388975.9784677,1787505,0.41803279519081116
1606388990.2599106,1789134,0.4498886466026306
1606389000.0999496,1790208,0.5224719047546387
1606389046.2005265,1795446,0.4349030554294586
1606389061.953825,1797236,0.5199999809265137
1606389086.8298295,1800087,0.612500011920929
1606389100.8041725,1801661,0.47058823704719543
1606389102.021011,1801784,0.3414634168148041
1606389125.6633637,1804367,0.4533762037754059
1606389130.7625628,1804900,0.5179855823516846
1606389132.6745694,1805082,0.36263737082481384
1606389134.8414965,1805295,0.4157303273677826
1606389147.075636,1806647,0.4523809552192688
1606389147.8954995,1806728,0.5061728358268738
1606389152.913769,1807305,0.3691507875919342
1606389177.4300678,1810192,0.39723318815231323
1606389188.8019595,1811538,0.43063583970069885
1606389203.7813807,1813204,0.46202531456947327
1606389209.4654517,1813840,0.36320754885673523
1606389211.132346,1814002,0.5925925970077515
1606389220.1464543,1815002,0.1679999977350235
1606389231.081052,1816242,0.2409999966621399
1606389243.5822191,1817612,0.40674155950546265
1606389246.401839,1817924,0.5384615659713745
1606389268.622344,1820414,0.20900000631809235
1606389280.388126,1821655,0.5555555820465088
1606389289.790279,1822753,0.2540021240711212
1606389315.0897965,1824276,0.4370861053466797
1606389347.466745,1827622,0.3913043439388275
1606389367.8065124,1829761,0.5714285969734192
1606389369.2763546,1829920,0.5157232880592346
1606389371.332039,1830134,0.43457943201065063
1606389398.2943242,1833079,0.6200873255729675
1606389435.4669402,1837261,0.3581489026546478
1606389447.8545773,1838589,0.42677825689315796
1606389469.359451,1840968,0.3432539701461792
1606389517.64859,1846295,0.43801653385162354
1606389542.9396977,1849224,0.4806201457977295
1606389548.3409111,1849763,0.4364035129547119
1606389559.9076602,1850990,0.5078740119934082
1606389585.2900434,1853857,0.4661017060279846
1606389616.455064,1857304,0.4904862642288208
1606389623.7115586,1858096,0.4145907461643219
1606389634.3653831,1859337,0.2529999911785126
1606389635.4927778,1859456,0.4957983195781708
1606389681.47231,1864647,0.5271317958831787
1606389716.5557537,1868499,0.4961240291595459
1606389722.446147,1869154,0.3786259591579437
1606389765.579641,1874070,0.19599999487400055
1606389798.0477104,1877558,0.5390625
1606389807.9905713,1878577,0.4065420627593994
1606389817.7042222,1879603,0.3896797299385071
1606389880.6756954,1886571,0.21699999272823334
1606389928.8202643,1891974,0.3153457045555115
1606389952.3266242,1894409,0.4591836631298065
1606389953.3834803,1894513,0.6442307829856873
1606389969.5295415,1896329,0.2150000035762787
1606389982.0077186,1897581,0.4707692265510559
1606389983.3365142,1897701,0.3166666626930237
1606390039.5847557,1903929,0.47096773982048035
1606390072.0296352,1907627,0.4950000047683716
1606390082.1717997,1908810,0.5027322173118591
1606390167.675454,1915057,0.5321428775787354
1606390193.058369,1917761,0.3550295829772949
1606390218.7930408,1920706,0.25925925374031067
1606390228.4930272,1921771,0.41033434867858887
1606390233.982243,1922389,0.3446601927280426
1606390250.2256718,1924228,0.22200000286102295
1606390257.9322696,1925054,0.5544554591178894
1606390311.5330534,1931013,0.35550934076309204
1606390319.2582748,1931876,0.5649350881576538
1606390324.1972094,1932422,0.2985348105430603
1606390332.6451886,1933422,0.23499999940395355
1606390354.4411116,1935824,0.5981308221817017
1606390381.336222,1938878,0.3650306761264801
1606390434.389375,1944790,0.4398249387741089
1606390479.0411913,1949594,0.3935742974281311
1606390525.4402163,1954908,0.23399999737739563
1606390541.2790847,1956582,0.29559749364852905
1606390544.4878168,1956944,0.4116021990776062
1606390589.7151864,1962116,0.23499999940395355
1606390633.7668447,1967078,0.376171350479126
1606390650.1769412,1968934,0.31496062874794006
1606390656.4243658,1969642,0.2612994313240051
1606390670.9630985,1971281,0.34585288166999817
1606390701.6980486,1974797,0.374015748500824
1606390710.2393131,1975797,0.18700000643730164
1606390720.76479,1976957,0.3166441023349762
1606390747.7874937,1980029,0.46450304985046387
1606390755.9772997,1980885,0.43449780344963074
1606390825.2486236,1988600,0.26140350103378296
1606390858.2453685,1992311,0.20399999618530273
1606390894.033436,1996225,0.28823530673980713
1606390938.8959262,2000959,0.26600000262260437
1606390958.8420825,2002951,0.2029999941587448
1606390972.1570807,2004274,0.408713698387146
1606391050.1828272,2012268,0.210999995470047
1606391217.840913,2018785,0.45258620381355286
1606391228.6094625,2019845,0.52226722240448
1606391233.3849454,2020308,0.323974072933197
1606391292.0804932,2026567,0.4566929042339325
