Wall time,Step,Value
1604864769.443322,3570,0.13699999451637268
1604864847.2725766,12580,0.13500000536441803
1604864880.798146,16489,0.14900000393390656
1604864982.3804562,28534,0.17299999296665192
1604864988.9103386,29312,0.13385826349258423
1604865001.5001736,30780,0.15508021414279938
1604865005.4419727,31247,0.12230215966701508
1604865031.3274434,34354,0.1376582235097885
1604865048.155892,36383,0.16199755668640137
1604865129.2010462,45277,0.15625
1604865149.7631464,47512,0.14900000393390656
1604865167.1561813,49472,0.14509804546833038
1604865228.0826643,55329,0.046296294778585434
1604865281.6245732,60245,0.4509316682815552
1604865289.0323005,60904,0.014925372786819935
1604865299.7150133,61904,0.20800000429153442
1604865356.8061829,67073,0.5809999704360962
1604865444.5571659,74918,0.6259999871253967
1604865510.4811628,81183,0.5256916880607605
1604865579.7576282,87364,0.5289999842643738
1604865608.8862734,90227,0.5275229215621948
1604865627.9854088,92094,0.4560000002384186
1604865689.5457945,98060,0.45500001311302185
1604865690.8748975,98195,0.5703703761100769
1604865762.3643217,105062,0.4259999990463257
1604865797.533502,108030,0.3354838788509369
1604865805.499578,108738,0.171171173453331
1604865808.3944583,109002,0.38257575035095215
1604865831.2217271,110902,0.34515687823295593
1604865886.4518769,115395,0.5419999957084656
1604865947.0360405,118988,0.598802387714386
1604865959.0659785,119988,0.5870000123977661
1605029518.8800979,122790,0.13504822552204132
1605188288.5927303,123536,0.12903225421905518
1605188299.5047631,124239,0.11240310221910477
1605188322.282015,125217,0.10526315867900848
1605188331.813425,125525,0.1875
1605188405.6098974,126946,0.1504424810409546
1605188449.3440857,127546,0.12380952388048172
1605188483.197391,127958,0.10606060922145844
1605188541.429294,128562,0.1666666716337204
1605188581.3568492,128906,0.07352941483259201
1605188598.7485182,129068,0.1770833283662796
1605188827.3337677,130756,0.0845070406794548
1605188894.9768686,131161,0.12621359527111053
1605188912.8499377,131260,0.09090909361839294
1605188976.0726717,131595,0.11764705926179886
1605189049.1511405,131969,0.1599999964237213
1605189076.3988779,132102,0.13432836532592773
1605189203.9820452,132661,0.1515151560306549
1605189222.978225,132738,0.22077922523021698
1605189357.2589135,133235,0.12121212482452393
1605189468.3926303,133583,0.13636364042758942
1605189891.103667,134217,0.21212121844291687
1605219902.747541,136911,0.1882352977991104
1605219973.7769907,139164,0.1340206116437912
1605220303.3665369,141055,0.14678898453712463
1605220345.2596593,143251,0.12738853693008423
1605220349.7776833,143401,0.1785714328289032
1605220594.303589,152994,0.1428571492433548
1605220603.0038114,153994,0.14300000667572021
1605220621.142142,155994,0.13199999928474426
1605220651.970861,159306,0.135970339179039
1605220692.9688642,163941,0.16384181380271912
1605220710.3246293,165858,0.12700000405311584
1605220714.371256,166305,0.16554810106754303
1605220731.4467468,168160,0.1497005969285965
1605220764.484918,171738,0.12844036519527435
1605220813.2941546,176992,0.1339600533246994
1605220832.3824697,178989,0.21476510167121887
1605220835.4136693,179304,0.11428571492433548
1605220883.9675608,184505,0.13899999856948853
1605220965.6591043,193230,0.40820735692977905
1605220979.7811148,194634,0.4826732575893402
1605221067.7615623,203438,0.3055555522441864
1605221097.43427,206405,0.3840503692626953
1605221109.0663269,207563,0.26582279801368713
1605221120.4681387,208704,0.12790697813034058
1605221148.9068553,211582,0.35121950507164
1605221171.789223,213824,0.27406197786331177
1605221179.5947337,214595,0.3580246865749359
1605221206.0802488,217239,0.32499998807907104
1605221245.6153393,221130,0.3580000102519989
1605221273.0662134,223837,0.20000000298023224
1605221334.2386117,229895,0.2919999957084656
1605221363.9157274,232867,0.3529411852359772
1605221397.7927518,236343,0.4109589159488678
1605221418.063942,238348,0.38999998569488525
1605221433.891373,239870,0.4805653691291809
1605221440.2261264,240501,0.3279220759868622
1605221446.2462323,241119,0.3090614974498749
1605221452.9431183,241791,0.5652173757553101
1605221462.188101,242735,0.31562501192092896
1605221472.2193367,243735,0.2240000069141388
1605221511.0906975,246930,0.4587155878543854
1605221513.1460536,247125,0.44102564454078674
1605221572.3034718,252935,0.38199999928474426
1605221615.5637157,257298,0.4930555522441864
1605221628.7838273,258639,0.44999998807907104
1605221661.4076707,261921,0.33799999952316284
1605221689.9989483,264749,0.37299999594688416
1605221705.5859869,266272,0.3021032512187958
1605221763.245257,272061,0.48899999260902405
1605221817.4973612,277477,0.41200000047683716
1605221827.6151633,278477,0.41100001335144043
1605221843.2309704,280016,0.5649999976158142
1605221854.3698442,281096,0.5540000200271606
1605221855.681623,281230,0.38805970549583435
1605221863.8404524,282025,0.1358024626970291
1605221919.3968608,287513,0.48100000619888306
1605221938.7177432,289445,0.28791773319244385
1605221974.4962366,293015,0.5329999923706055
1605221995.617815,295127,0.5820000171661377
1605222013.5164757,296896,0.36811593174934387
1605222047.7814615,300259,0.37154990434646606
1605222049.6839578,300433,0.2931034564971924
1605222079.7793136,303426,0.6079999804496765
1605222111.3279874,306562,0.52173912525177
1605222188.67596,314351,0.4300000071525574
1605222225.150836,317905,0.31700000166893005
1605222231.1435204,318478,0.3571428656578064
1605222269.4643633,322316,0.4117647111415863
1605222294.150787,324809,0.4296482503414154
1605222318.4041822,327250,0.34700000286102295
1605222319.1883745,327321,0.14084507524967194
1605222325.7205148,327961,0.39531248807907104
1605222373.85549,332662,0.5379999876022339
1605222421.9208937,337380,0.4029850661754608
1605222439.3281662,339083,0.5550000071525574
1605222449.545471,340083,0.39899998903274536
1605222480.4793677,343206,0.5904887914657593
1605222501.58994,345294,0.5791666507720947
1605222522.3234522,347336,0.3881118893623352
1605222530.1515431,348101,0.40130719542503357
1605222558.6478617,350946,0.5090000033378601
1605222627.856234,357665,0.3913043439388275
1605222656.2069082,360418,0.6484641432762146
1605222666.372652,361418,0.7300000190734863
1605222673.9774935,362159,0.5614035129547119
1605222682.1848636,362944,0.42990654706954956
1605222686.3381968,363342,0.5075376629829407
1605222733.296476,367903,0.5671981573104858
1605222757.4315326,370275,0.6904761791229248
1605222764.3419323,370955,0.5897058844566345
1605222775.9342177,372076,0.4555353820323944
1605222795.9235194,374076,0.49300000071525574
1605287640.1338778,375066,0.15855354070663452
1605287646.9163756,375829,0.15596330165863037
1605287656.1275651,376829,0.1420000046491623
1605287677.7333903,379162,0.1459999978542328
1605287697.6783245,381534,0.14814814925193787
1605287712.6799226,383212,0.16027875244617462
1605287713.926014,383358,0.1438356190919876
1605287722.2575524,384358,0.1459999978542328
1605287741.227368,386590,0.15789473056793213
1605287809.027439,394515,0.17977528274059296
1605287827.9453828,396647,0.13500000536441803
1605287831.2203717,397025,0.10526315867900848
1605287850.084803,399194,0.16911764442920685
1605287967.3959744,412880,0.13899999856948853
1605287975.7618709,413813,0.14537444710731506
1605287996.4827964,416171,0.11940298229455948
1605288011.3998888,417843,0.162202388048172
1605288022.5861495,419131,0.13461539149284363
1605288026.0769227,419532,0.17412935197353363
1605288075.327967,424695,0.25
1605288126.9605167,429572,0.47099998593330383
1605288144.526507,431151,0.2610441744327545
1605288196.5070515,435774,0.5440729260444641
1605288205.7360563,436669,0.6683168411254883
1605288260.7121105,441893,0.45493561029434204
1605288275.1505618,443240,0.32581454515457153
1605288298.9278471,445482,0.3512396812438965
1605288320.9485543,447558,0.15789473056793213
1605288385.9545112,453745,0.7300000190734863
1605288396.5630865,454745,0.37700000405311584
1605288429.7240903,457745,0.640999972820282
1605288498.3207312,463711,0.3991989195346832
1605288524.7050502,466200,0.41600000858306885
1605288612.879565,474090,0.3589743673801422
1605288656.3349447,477998,0.5600000023841858
1605288682.126099,480309,0.3536977469921112
1605288683.295087,480412,0.3203883469104767
1605288757.9446762,487067,0.4449999928474426
1605288762.171548,487433,0.5901639461517334
1605288789.344065,489844,0.3959999978542328
1605288811.9104836,491844,0.5410000085830688
1605288813.9014158,491975,0.3129771053791046
1605288848.6962743,495064,0.5410000085830688
1605288849.6260037,495144,0.6000000238418579
1605288878.5451593,497590,0.5538116693496704
1605288890.380321,498456,0.6235565543174744
1606340565.7159467,502551,0.16883116960525513
1606340593.6149273,504232,0.190476194024086
1606340608.9544168,505997,0.17124183475971222
1606340623.8533373,507735,0.13199999928474426
1606340625.7308953,507956,0.15837104618549347
1606340677.8152895,513938,0.1320754736661911
1606340694.8709786,515929,0.1419902890920639
1606340735.0691373,520464,0.1340206116437912
1606340739.2520638,520957,0.10227272659540176
1606340753.3120866,522527,0.11519607901573181
1606340772.0441928,524678,0.10574018210172653
1606340803.2430902,528349,0.14761905372142792
1606340865.2102704,535591,0.13684210181236267
1606340885.4543002,537953,0.14641743898391724
1606340905.0910153,540192,0.13730570673942566
1606340910.190261,540761,0.15596330165863037
1606340914.7770696,541270,0.12121212482452393
1606340930.0319707,543000,0.1421319842338562
1606340936.3743913,543709,0.21383647620677948
1606340961.5314064,546621,0.12999999523162842
1606340967.2143533,547287,0.15165165066719055
1606340971.6944888,547821,0.1404494345188141
1606341005.1502924,551659,0.15094339847564697
1606341049.276632,555853,0.35499998927116394
1606341081.653237,558985,0.44200000166893005
1606341092.6041722,559985,0.4020000100135803
1606341181.238956,567869,0.45558086037635803
1606341220.848291,571776,0.41200000047683716
1606341313.369213,580597,0.5445860028266907
1606341335.1897886,582597,0.5329999923706055
1606341505.77724,597882,0.09012875705957413
1606341509.59386,598181,0.4949832856655121
1606341550.9083834,601584,0.4339999854564667
1606341552.8517036,601745,0.1677018702030182
1606341565.554038,602745,0.43799999356269836
1606341785.4688504,617359,0.7154471278190613
1606341831.2643075,621521,0.5360000133514404
1606341881.4105933,626260,0.7151162624359131
1606341882.1291435,626338,0.7307692170143127
1606342496.570611,628798,0.1563785970211029
1606342504.241296,629708,0.12534819543361664
1606342529.050731,632534,0.14800000190734863
1606342539.3751082,633731,0.14784394204616547
1606342708.3349452,651975,0.1352405697107315
1606342719.6488993,653068,0.13899999856948853
1606342724.3526223,653595,0.10638298094272614
1606342764.1802092,657815,0.12903225421905518
1606342777.291188,659191,0.1505376398563385
1606342815.8907192,663272,0.13913042843341827
1606342829.000932,664660,0.1599999964237213
1606342848.705442,666716,0.16808149218559265
1606342902.1535304,672226,0.1661129593849182
1606342941.4847863,676359,0.16099999845027924
1606343000.272342,681895,0.6290000081062317
1606343052.3588715,686594,0.6930000185966492
1606343062.4294286,687594,0.492000013589859
1606343108.7731287,691690,0.6789838075637817
1606343196.632152,699940,0.6549999713897705
1606343232.1610355,703138,0.5675182342529297
1606343242.6960154,704138,0.6940000057220459
1606343262.3434052,705973,0.5049999952316284
1606343307.1752148,709651,0.5230000019073486
1606343324.0959435,711106,0.42197802662849426
1606343349.668876,713284,0.06179775297641754
1606343382.7428677,716284,0.3070000112056732
1606343409.7378154,718763,0.6100000143051147
1606343411.2196422,718905,0.3661971688270569
1606343560.927677,732003,0.4231678545475006
1606343671.7078297,742389,0.718999981880188
1606343749.8437219,748922,0.4259999990463257
1606343768.7017913,750667,0.13716813921928406
1606343772.1490386,750965,0.4563758373260498
1606343788.7776082,752449,0.11739130318164825
1606343791.4137225,752688,0.071129709482193
1606343928.8236523,764453,0.2432432472705841
1606343931.60795,764691,0.3361344635486603
1606343953.5744095,766703,0.4015151560306549
1606343964.4578097,767754,0.41025641560554504
1606343992.2692416,770108,0.6069999933242798
1606343994.0148885,770242,0.3235294222831726
1606344009.1626441,771430,0.4502262473106384
1606344052.3561893,775029,0.5070000290870667
1606344086.3447158,778216,0.5849999785423279
1606344211.7934546,790716,0.1875
1606344212.78343,790809,0.02150537632405758
1606344255.9646952,795065,0.10606060922145844
1606344295.1980002,799109,0.4319809079170227
1606344297.993114,799384,0.22181817889213562
1606344313.0340707,800872,0.37021276354789734
1606344321.1584127,801697,0.20026350021362305
1606344321.9099588,801764,0.2537313401699066
1606344355.438845,805194,0.21199999749660492
1606344381.9529047,807903,0.3945147693157196
1606344425.4761894,812316,0.1572052389383316
1606344427.5277946,812516,0.14000000059604645
1606344436.779401,813422,0.40692639350891113
1606344492.3587682,818907,0.08817204087972641
1606344511.664831,820908,0.0
1606344512.514782,820985,0.0
1606344514.933058,821229,0.01515151560306549
1606344538.0890784,823546,0.025641025975346565
1606344549.4190187,824672,0.013513513840734959
1606344550.6370037,824782,0.0181818176060915
1606344574.7933655,827268,0.5574468374252319
1606344594.6867034,829377,0.21780821681022644
1606344599.628401,829877,0.11678832024335861
1606344612.4366815,831198,0.08181817829608917
1606344742.1179047,834736,0.01515151560306549
1606344766.728502,837209,0.011904762126505375
1606344767.9444206,837328,0.016806723549962044
1606344780.6641936,838555,0.37681159377098083
1606344805.6477635,841066,0.30630630254745483
1606344847.3569126,845201,0.16194331645965576
1606344848.0998209,845267,0.0
1606344852.5718946,845709,0.02489626593887806
1606344868.2231393,847269,0.0
1606344887.2817345,849219,0.17171716690063477
1606344890.871436,849566,0.02590673603117466
1606344898.174447,850332,0.05263157933950424
1606344902.0418756,850713,0.010256410576403141
1606344915.6301572,852079,0.07352941483259201
1606344935.860452,854088,0.014117646962404251
1606344953.4100928,855866,0.06432748585939407
1606344960.7076252,856598,0.07751937955617905
1606344967.886489,857327,0.013303769752383232
1606344972.0889547,857745,0.009569377638399601
1606344990.4097164,859564,0.04189944267272949
1606344994.7142892,860022,0.05676855891942978
1606345016.1964204,862244,0.007092198356986046
1606345019.720783,862600,0.020134227350354195
1606345020.8939273,862722,0.13934426009655
1606345021.6201482,862788,0.04545454680919647
1606345025.4997535,863182,0.009316770359873772
1606345035.4769566,864178,0.053619302809238434
1606345056.8046303,866332,0.07629428058862686
1606345057.5892408,866399,0.0
1606345095.0989497,870270,0.04707112908363342
1606345096.5441294,870414,0.0625
1606345106.7705576,871424,0.22580644488334656
1606345118.6983,872594,0.0555555559694767
1606345125.9286313,873306,0.043103449046611786
1606345130.6590872,873760,0.15000000596046448
1606345142.3222709,874897,0.23571428656578064
1606345147.4256907,875416,0.3815028965473175
1606345155.8326168,876286,0.02857142873108387
1606345159.0314698,876610,0.1358024626970291
1606345160.02986,876703,0.032258063554763794
1606345180.0692604,878693,0.010526316240429878
1606345217.373415,882467,0.01515151560306549
1606345244.7137613,885252,0.39024388790130615
1606345261.1403415,886855,0.07042253762483597
1606345281.7697468,888911,0.03030303120613098
1606345284.4479764,889168,0.13229571282863617
1606345346.686692,892428,0.0902777761220932
1606345382.4725814,896113,0.09002432972192764
1606345413.105396,899156,0.16475644707679749
1606345432.336592,901149,0.10606060922145844
1606345435.145298,901435,0.25
1606345447.2318318,902667,0.14229248464107513
1606345480.0792806,905950,0.020202020183205605
1606345480.6659822,906018,0.05882352963089943
1606345482.7236388,906216,0.01515151560306549
1606345489.6692748,906923,0.014577259309589863
1606345508.2115743,908851,0.22448979318141937
1606345529.727878,911037,0.01515151560306549
1606345540.3814037,912137,0.007407407276332378
1606345564.2400997,914498,0.013333333656191826
1606345564.9562654,914564,0.03030303120613098
1606345565.5512877,914630,0.0
1606345616.5221872,919875,0.036437246948480606
1606345664.9014256,924790,0.012658228166401386
1606345674.594473,925767,0.0
1606345686.8379502,926960,0.02777777798473835
1606345702.3530526,928466,0.014869888313114643
1606345707.1580653,928926,0.025641025975346565
1606345713.552933,929581,0.029177719727158546
1606345725.64487,930835,0.027000000700354576
1606345739.2864192,932255,0.015625
1606345749.4328623,933323,0.06521739065647125
1606345751.8868954,933558,0.010416666977107525
1606345765.5869997,935004,0.0430000014603138
1606345772.791977,935734,0.006451612804085016
1606345778.491069,936287,0.012820512987673283
1606345796.3680518,938052,0.006666666828095913
1606345797.9782858,938226,0.01515151560306549
1606345825.893283,941061,0.20720720291137695
1606345827.13358,941184,0.024390242993831635
1606345828.3035684,941303,0.0
1606345927.3473861,946115,0.06159420311450958
1606345934.9100416,946848,0.018450183793902397
1606345948.9057941,948290,0.3241869807243347
1606345971.640364,950647,0.2800000011920929
1606345972.241933,950713,0.03030303120613098
1606345976.1292624,951100,0.007692307699471712
1606345979.3200831,951433,0.02996254712343216
1606345997.5602992,953417,0.47357723116874695
1606346021.4989471,955894,0.4637681245803833
1606346023.7594862,956113,0.03267974033951759
1606346045.834478,958412,0.12903225421905518
1606346053.4068985,959167,0.032258063554763794
1606346055.6163046,959381,0.03703703731298447
1606346057.5877783,959566,0.014925372786819935
1606346068.1080644,960698,0.1589999943971634
1606346085.0526302,962624,0.367000013589859
1606346140.5061703,968370,0.0
1606346179.3883016,972356,0.145454540848732
1606346181.8530855,972613,0.07782100886106491
1606346183.5571942,972783,0.029411764815449715
1606346186.946217,973131,0.012121211737394333
1606346188.577334,973286,0.019354838877916336
1606346193.6902766,973807,0.0150602413341403
1606346204.9472203,974983,0.16738197207450867
1606346215.27351,976073,0.03030303120613098
1606346234.6169891,978101,0.07514450699090958
1606346248.9753692,979575,0.3008720874786377
1606346251.987934,979861,0.014218009077012539
1606346274.805259,982161,0.003968254197388887
1606346282.9137392,983007,0.01515151560306549
1606346299.4512925,984811,0.04545454680919647
1606346306.1317978,985482,0.04545454680919647
1606346321.8666356,987044,0.31058019399642944
1606346329.0654073,987771,0.2302737534046173
1606346338.1763372,988771,0.18700000643730164
1606346368.5161371,991830,0.0
1606346378.4168794,992783,0.14606741070747375
1606346380.8573787,993026,0.014285714365541935
1606346393.969357,994440,0.35853976011276245
1606346398.0880818,994863,0.2742316722869873
1606346408.88587,995989,0.048076923936605453
1606346409.828653,996080,0.010989011265337467
1606346416.990599,996795,0.08628659695386887
1606346423.983186,997487,0.072727270424366
1606346424.8966835,997572,0.0235294122248888
1606346445.4020858,999692,0.10099010169506073
1606346446.7130008,999829,0.007299270015209913
1606346450.1508825,1000143,0.04545454680919647
1606346451.9413035,1000336,0.007874015718698502
1606346454.4566875,1000576,0.0
1606346462.4003758,1001384,0.01515151560306549
1606346490.5691605,1004274,0.0
1606346493.272439,1004540,0.05000000074505806
1606346495.6775074,1004779,0.03921568766236305
1606346504.850944,1005779,0.3310000002384186
1606346544.7764564,1006519,0.01834862306714058
1606346548.6096334,1006884,0.0
1606346574.5971541,1009573,0.01515151560306549
1606346587.2612877,1010912,0.3569999933242798
1606346633.2901666,1015658,0.24253731966018677
1606346650.349295,1017436,0.1339031308889389
1606346661.9093685,1018572,0.14769230782985687
1606346679.0223312,1020333,0.0
1606346682.9243217,1020726,0.11959287524223328
1606346693.1032863,1021793,0.09200000017881393
1606346696.5639434,1022136,0.010416666977107525
1606346697.97473,1022258,0.016393441706895828
1606346701.0086608,1022548,0.1975308656692505
1606346706.2015476,1023059,0.07834101468324661
1606346710.645786,1023485,0.19718310236930847
1606346741.3689027,1026706,0.003144653979688883
1606346757.479962,1028472,0.09799999743700027
1606346771.3154457,1029911,0.1855955719947815
1606346814.185693,1034283,0.05999999865889549
1606346834.1399815,1036342,0.0
1606346846.9314787,1037724,0.0915178582072258
1606346884.3755255,1041489,0.3050000071525574
1606346902.8750782,1043292,0.3065902590751648
1606346908.8062692,1043871,0.012422360479831696
1606346913.1338983,1044293,0.014705882407724857
1606346924.4963033,1045530,0.13179074227809906
1606346928.1965973,1045899,0.01084010861814022
1606346929.8109279,1046049,0.02666666731238365
1606346952.7866507,1048402,0.1482352912425995
1606346953.8896525,1048513,0.009009009227156639
1606346954.6178,1048579,0.01515151560306549
1606346957.7886617,1048901,0.15492957830429077
1606346987.4666388,1052013,0.009900989942252636
1606346989.0213335,1052152,0.0
1606346995.6542718,1052839,0.15619967877864838
1606347014.1157644,1054835,0.005747126415371895
1606347036.4704788,1057135,0.0154440151527524
1606347092.7549553,1063019,0.03030303120613098
1606347131.8154511,1067075,0.0
1606347143.1507263,1068198,0.0
1606347146.4367504,1068529,0.19637462496757507
1606347150.741052,1068949,0.014245014637708664
1606347186.2748327,1070365,0.12272727489471436
1606347189.7605646,1070717,0.009900989942252636
1606347193.928476,1071110,0.027173912152647972
1606347217.8266826,1073511,0.009900989942252636
1606347231.7970107,1074862,0.025641025975346565
1606347233.2689385,1075016,0.0
1606347258.0149724,1077535,0.040816325694322586
1606347274.7628632,1079288,0.0037174720782786608
1606347284.375145,1080273,0.3110367953777313
1606347285.0863273,1080339,0.01515151560306549
1606347287.983301,1080621,0.15740740299224854
1606347298.1439333,1081715,0.0
1606347304.5665333,1082349,0.0
1606347338.697547,1085781,0.0
1606347358.847296,1087966,0.0
1606347367.5328193,1088966,0.30300000309944153
1606347407.1605527,1093201,0.02427184395492077
1606347410.193645,1093499,0.0
1606347412.8387427,1093749,0.0
1606347417.8033056,1094275,0.1749049425125122
1606347418.570389,1094346,0.0
1606347450.0653968,1097643,0.025423727929592133
1606347454.4433281,1098087,0.15677966177463531
1606347466.7369182,1099384,0.0
1606347476.9909313,1100434,0.06296296417713165
1606347486.874157,1101500,0.0
1606347490.9227831,1101907,0.1827586144208908
1606347494.5331678,1102251,0.0
1606347510.1112473,1103828,0.0
1606347518.7611754,1104653,0.02800000086426735
1606347532.088994,1106051,0.0560000017285347
1606347539.1955016,1106757,0.27112674713134766
1606347555.4034495,1108500,0.34558823704719543
1606347574.6356153,1110554,0.010869565419852734
1606347578.9862747,1110989,0.5103448033332825
1606347603.8095255,1113532,0.0
1606347605.4666283,1113683,0.0117647061124444
1606347643.5345006,1117540,0.24175824224948883
1606347644.1069791,1117606,0.0
1606347652.1055148,1118467,0.3286875784397125
1606347653.590134,1118629,0.006172839552164078
1606347681.601705,1119920,0.540669858455658
1606347688.940049,1120647,0.2142857164144516
1606347697.1986313,1121447,0.009345794096589088
1606347704.8733332,1122322,0.09828571230173111
1606347715.7813127,1123420,0.042424242943525314
1606347730.542983,1124971,0.27519819140434265
1606347740.3713162,1125976,0.009900989942252636
1606347752.1955984,1127225,0.0
1606347756.904515,1127658,0.0
1606347760.1294744,1127945,0.03484320640563965
1606347771.2375011,1129097,0.2153846174478531
1606347777.5874002,1129774,0.0
1606347787.2060182,1130709,0.010204081423580647
1606347794.385493,1131384,0.008928571827709675
1606347801.7537787,1132126,0.004926108289510012
1606347843.1921444,1136466,0.12376237660646439
1606347850.2319245,1137189,0.0
1606347853.5750022,1137525,0.08921933174133301
1606347876.0976937,1139899,0.0401606410741806
1606347883.2457604,1140590,0.0
1606347908.893756,1143335,0.0
1606347918.3057644,1144295,0.06372549384832382
1606347924.002375,1144864,0.004201680887490511
1606347981.0422218,1150728,0.0038910505827516317
1606348008.4612145,1153419,0.0
1606348009.4744055,1153521,0.0
1606348018.9026618,1154501,0.01217038556933403
1606348031.9063377,1155895,0.0
1606348040.9834335,1156791,0.0
1606348042.1797347,1156909,0.0
1606348044.1432347,1157103,0.005154639016836882
1606348046.3612912,1157329,0.0044247787445783615
1606348054.8269143,1158329,0.1379999965429306
1606348056.1856608,1158450,0.00826446246355772
1606348068.8671126,1159704,0.0220994483679533
1606348123.3233354,1165294,0.010869565419852734
1606348124.0750115,1165362,0.014705882407724857
1606348125.4191456,1165500,0.0
1606348148.0273292,1166629,0.0
1606348177.8992748,1169673,0.0
1606348182.233751,1170126,0.0
1606348213.4253514,1173436,0.0
1606348214.4255147,1173531,0.0
1606348220.3336205,1174104,0.0476190485060215
1606348223.3906782,1174395,0.0
1606348224.2147713,1174469,0.013513513840734959
1606348226.5069816,1174663,0.0234375
1606348266.5159001,1178868,0.028169013559818268
1606348282.5202909,1180489,0.005050505045801401
1606348287.3244195,1180951,0.0031152646988630295
1606348293.4348881,1181582,0.00671140942722559
1606348306.8969324,1182933,0.01515151560306549
1606348312.7904944,1183584,0.006144393235445023
1606348322.2616155,1184537,0.007936508394777775
1606348329.5087194,1185298,0.028037382289767265
1606348337.2779481,1186168,0.012643678113818169
1606348357.7871654,1188278,0.0
1606348361.1995277,1188609,0.0
1606348366.4019225,1189109,0.0
1606348367.9276562,1189251,0.0
1606348374.180648,1189905,0.014925372786819935
1606348385.6192603,1191176,0.0
1606348414.7955692,1194201,0.0065146577544510365
1606348423.2634683,1195123,0.0
1606348424.8852496,1195278,0.0
1606348425.6245005,1195346,0.0
1606348455.8332603,1198538,0.0
1606348490.8090053,1202260,0.06648936122655869
1606348515.0456781,1204889,0.0
1606348546.4889889,1208094,0.0
1606348577.4911575,1211386,0.01737242192029953
1606348578.8128588,1211522,0.0
1606348582.8477046,1211922,0.01515151560306549
1606348598.5116615,1213524,0.0
1606348613.779831,1215124,0.0044742729514837265
1606348627.4521346,1215842,0.0
1606348638.092336,1216938,0.009009009227156639
1606348646.7697892,1217900,0.006726457271724939
1606348658.5723586,1219166,0.004999999888241291
1606348666.225101,1219963,0.0
1606348674.6236293,1220863,0.0016286644386127591
1606348684.6786618,1221947,0.0012970168609172106
1606348688.6992939,1222365,0.0023923444095999002
1606348697.4707775,1223298,0.0
1606348707.9611535,1224352,0.0
1606348710.1436594,1224573,0.0
1606348724.4218962,1226169,0.003000000026077032
1606348738.642427,1227625,0.002415458904579282
1606348749.3616533,1228783,0.009900989942252636
1606348750.4744308,1228896,0.0
1606348751.257635,1228966,0.0
1606348760.7159178,1229904,0.0
1606348789.5556552,1232962,0.0
1606348799.899276,1234109,0.0
1606348805.5463758,1234675,0.0
1606348807.3329816,1234842,0.0
1606348810.0934198,1235130,0.0
1606348838.9341304,1238260,0.0
1606348844.7335262,1238829,0.0
1606348873.853108,1241808,0.0
1606348885.4012716,1243055,0.0
1606348927.4036872,1247403,0.0
1606348959.9768367,1250765,0.007000000216066837
1606348960.561894,1250832,0.014925372786819935
1606348977.4920697,1252621,0.0020000000949949026
1606348979.8170218,1252851,0.004347825888544321
1606348985.428832,1253461,0.0
1606348988.9448705,1253816,0.0
1606349007.072374,1255798,0.0013227512827143073
1606349020.7691522,1257277,0.005681818351149559
1606349028.4789,1258135,0.005050505045801401
1606349095.0502992,1265266,0.0
1606349116.0696447,1267547,0.0
1606349122.1667728,1268168,0.005291005130857229
1606349239.272544,1271821,0.0010000000474974513
1606349250.9145515,1272076,0.0
1606349270.1343157,1274105,0.0019342360319569707
1606349273.0145912,1274386,0.0
1606349336.1524925,1281003,0.004000000189989805
1606349341.4792721,1281525,0.0
1606349357.6213868,1283259,0.0
1606349372.4309115,1284926,0.0
1606349373.7399945,1285042,0.008620689623057842
1606349376.8630502,1285356,0.0
1606349377.53425,1285433,0.0
1606349388.1346889,1286496,0.0029154520016163588
1606349417.5204487,1289584,0.0
1606349434.5241199,1291350,0.01827676221728325
1606349464.4951026,1294618,0.0
1606349466.614844,1294825,0.0
1606349469.286465,1295082,0.0
1606349482.3104722,1296511,0.004999999888241291
1606349487.8219187,1297067,0.0
1606349520.7774737,1300462,0.0
1606349523.7893314,1300774,0.0
1606349540.3086934,1302575,0.0
1606349556.9676652,1304299,0.0
1606349565.5732856,1305146,0.0
1606349568.239768,1305431,0.0
1606349569.990089,1305599,0.0
1606349577.0398073,1306316,0.0
1606349586.769155,1307328,0.003937007859349251
1606349612.6745808,1310138,0.0
1606349645.7004128,1313645,0.0010504202218726277
1606349665.9802246,1315797,0.004524887073785067
1606349673.4772441,1316543,0.0
1606349679.6655543,1317147,0.0
1606349692.7985487,1318522,0.0
1606349708.5816066,1320117,0.0030030030757188797
1606349719.6719892,1321312,0.003000000026077032
1606349721.4637144,1321482,0.03846153989434242
1606349725.2857301,1321847,0.0
1606349756.2270026,1325137,0.0
1606349888.6367695,1329335,0.0
1606349908.764446,1331515,0.0011806375114247203
1606349922.7849028,1333023,0.003241491038352251
1606349947.9728065,1335615,0.0
1606349952.9345791,1336097,0.00561797758564353
1606349955.753497,1336360,0.0
1606349970.3926632,1337920,0.002770083025097847
1606349994.56314,1340523,0.0
1606350001.1699297,1341181,0.004629629664123058
1606350014.1708639,1342625,0.0011668611550703645
1606350037.3538191,1345051,0.0010000000474974513
1606350038.8177176,1345204,0.0
1606350065.8105426,1348045,0.0036764706019312143
1606350092.106055,1350895,0.0020000000949949026
1606350104.9588785,1352304,0.0
1606350111.3424122,1353003,0.0
1606350118.7385418,1353744,0.0
1606350142.7770104,1356198,0.0
1606350152.7399259,1357279,0.0
1606350175.7901745,1359699,0.004000000189989805
1606350177.9855793,1359904,0.0
1606350181.276847,1360224,0.0
1606350183.8771539,1360464,0.0
1606350194.644517,1361553,0.0
1606350222.1728837,1364355,0.0
1606350226.6745076,1364829,0.0
1606350244.5936377,1366783,0.0010000000474974513
1606350246.422409,1366961,0.0
1606350249.772323,1367288,0.0
1606350261.393707,1368571,0.0
1606350270.7953346,1369490,0.0
1606350271.766151,1369583,0.0
1606350283.166747,1370704,0.0
1606350311.1435509,1373730,0.0
1606350317.2236412,1374336,0.0
1606350349.3820739,1377688,0.0
1606350351.1425004,1377858,0.0058823530562222
1606350374.0266106,1379136,0.0045045046135783195
1606350375.6958115,1379296,0.0
1606350427.9162984,1384945,0.0
1606350435.142148,1385683,0.0
1606350440.276434,1386198,0.0
1606350448.7821295,1387074,0.0
1606350461.7689807,1388437,0.003000000026077032
1606350466.7048137,1388929,0.0
1606350489.5935924,1391214,0.012820512987673283
1606350500.003325,1392249,0.0
1606350501.6854272,1392418,0.0
1606350530.907101,1395477,0.0
1606350531.729766,1395549,0.0
1606350554.3773565,1397990,0.0029154520016163588
1606350580.5873234,1400868,0.0
1606350663.2363157,1409579,0.0010000000474974513
1606350687.4920535,1412124,0.0
1606350692.9530149,1412686,0.0026041667442768812
1606350752.4106104,1419010,0.0
1606350755.6030219,1419332,0.007042253389954567
1606350762.2391286,1420004,0.0027173913549631834
1606350765.8602498,1420382,0.0
1606350767.591588,1420552,0.0
1606350793.0883565,1423350,0.0
1606350802.5731459,1424379,0.0
1606350815.540093,1425785,0.0
1606350858.5795588,1430559,0.0
1606350880.2301528,1432863,0.0
1606350887.1808145,1433554,0.00826446246355772
1606350907.0954854,1435597,0.0
1606350916.0773904,1436502,0.0
1606350932.9053535,1438293,0.0
1606350975.6275914,1442784,0.001792114693671465
1606351032.2399786,1443446,0.0016949152341112494
1606351040.7161386,1443760,0.0
1606385861.942646,1447160,0.12800000607967377
1606385889.5973063,1450535,0.1450304239988327
1606385916.315647,1453676,0.12643678486347198
1606385934.342466,1455676,0.16300000250339508
1606385993.641125,1462585,0.1493212729692459
1606386010.3263423,1464585,0.15600000321865082
1606386018.109112,1465519,0.15228426456451416
1606386086.4463997,1473776,0.13456790149211884
1606386112.5208282,1476925,0.15656565129756927
1606386151.6221008,1481605,0.14906832575798035
1606386172.5970082,1484117,0.14730291068553925
1606386203.754231,1487910,0.13199999928474426
1606386221.4088705,1490039,0.17558886110782623
1606386231.6437032,1491267,0.14035087823867798
1606386292.8096557,1498223,0.0
1606386293.9435112,1498345,0.008196720853447914
1606386295.0269291,1498459,0.008771929889917374
1606386306.2870748,1499684,0.0
1606386310.115575,1500097,0.003703703638166189
1606386326.498558,1501879,0.0
1606386336.484984,1502935,0.0
1606386351.478199,1504582,0.004716981202363968
1606386352.1068852,1504656,0.0
1606386369.450448,1506617,0.01515151560306549
1606386400.3051333,1510139,0.0
1606386410.4192343,1511212,0.0
1606386423.9252753,1512671,0.09909909963607788
1606386435.098289,1513940,0.002277904422953725
1606386465.828182,1517241,0.008571428246796131
1606386487.7712991,1519753,0.003957783803343773
1606386525.2657633,1524143,0.0
1606386541.78939,1526050,0.004878048785030842
1606386551.7138803,1527102,0.014925372786819935
1606386569.1657298,1528113,0.0
1606386579.3845692,1529254,0.0
1606386580.2847757,1529343,0.0
1606386608.1581872,1532449,0.0
1606386610.249671,1532663,0.004672897048294544
1606386645.1531003,1536707,0.0
1606386648.3263001,1537053,0.0
1606386650.4101946,1537262,0.0
1606386666.4882545,1538974,0.0
1606386669.3501065,1539275,0.0066225165501236916
1606386677.6441169,1540275,0.0020000000949949026
1606386678.20685,1540341,0.0
1606386678.9143393,1540407,0.0
1606386687.3977118,1541357,0.004608294926583767
1606386689.7439647,1541592,0.013698630034923553
1606386756.746933,1548970,0.0
1606386767.6079645,1550233,0.0010000000474974513
1606386831.181608,1557572,0.014545454643666744
1606386839.546305,1558476,0.0
1606386847.9717805,1559476,0.0
1606386859.2117813,1560769,0.0034129691775888205
1606386876.1106706,1562572,0.0
1606386888.8289924,1563950,0.006369426846504211
1606386898.704613,1564974,0.0
1606386994.8113608,1575651,0.0
1606387019.9394698,1578447,0.0
1606387059.9643884,1582969,0.0010000000474974513
1606387074.2841876,1584542,0.0
1606387094.595086,1586818,0.06060606241226196
1606387095.6841433,1586932,0.0
1606387126.044325,1590277,0.0
1606387127.0080652,1590375,0.0
1606387130.9593606,1590788,0.003937007859349251
1606387135.1407094,1591207,0.0
1606387139.6287212,1591651,0.0
1606387141.03683,1591775,0.0
1606387192.1087468,1592410,0.0
1606387270.8920093,1600617,0.0
1606387288.06054,1602515,0.003000000026077032
1606387295.1579268,1603250,0.0031152646988630295
1606387310.3818376,1604939,0.002020202111452818
1606387327.3597171,1606858,0.0
1606387350.987338,1609503,0.0
1606387376.8902993,1612417,0.0
1606387386.8448763,1613580,0.0010000000474974513
1606387387.5203123,1613658,0.0
1606387414.5715632,1616656,0.0
1606387429.7267349,1618352,0.004000000189989805
1606387480.6526902,1624035,0.0019011406693607569
1606387495.3250334,1625666,0.0
1606387507.9369543,1627118,0.0
1606387519.5040827,1628434,0.0
1606387535.0690472,1630167,0.0
1606387540.0455394,1630705,0.0
1606387564.561069,1633361,0.0
1606387575.8767843,1634600,0.0
1606387587.880056,1635828,0.0
1606387609.2391658,1638185,0.0
1606387629.696966,1640497,0.0
1606387643.2133777,1642005,0.0
1606387654.371113,1643187,0.002967359032481909
1606387695.0343583,1647886,0.0010000000474974513
1606387699.1494992,1648284,0.0
1606387724.3876295,1651033,0.0
1606387728.6912444,1651479,0.0
1606387775.1311197,1656782,0.0
1606387799.0932322,1659488,0.0
1606387804.2069507,1660025,0.0
1606387820.6842937,1660271,0.0
1606387824.0177536,1660646,0.0
1606387830.5267768,1661302,0.0
1606387832.5032089,1661509,0.0
1606387835.441793,1661829,0.0062500000931322575
1606387872.9689279,1665927,0.009615384973585606
1606387889.0097342,1667755,0.0
1606387892.1981225,1668095,0.0
1606387900.3239594,1669014,0.004716981202363968
1606387921.9490263,1671388,0.0
1606387937.4916017,1673151,0.0
1606387954.5593207,1675079,0.0
1606387961.571826,1675830,0.005970149300992489
1606387986.2179797,1678579,0.0058139534667134285
1606388031.2929213,1683730,0.0
1606388063.5310762,1687449,0.003000000026077032
1606388073.8721545,1688550,0.0
1606388088.0937588,1690182,0.0018281536176800728
1606388114.3591967,1693129,0.004000000189989805
1606388116.9656975,1693389,0.0
1606388167.9809697,1699322,0.0010000000474974513
1606388186.8989606,1701528,0.0
1606388188.682323,1701695,0.0
1606388247.885152,1708216,0.0
1606388248.7693312,1708304,0.0
1606388265.5223532,1710235,0.0026845638640224934
1606388295.2734718,1713544,0.0
1606388297.7210362,1713785,0.0
1606388337.785322,1718318,0.0011750881094485521
1606388355.9222553,1720318,0.0010000000474974513
1606388356.6303623,1720384,0.0
1606388393.4401822,1724343,0.0
1606388398.0869303,1724814,0.0
1606388400.6907554,1725078,0.0037878789007663727
1606388430.1237237,1728343,0.0
1606388440.5887601,1729514,0.0
1606388492.5549812,1735422,0.0010000000474974513
1606388508.0566905,1737163,0.0010000000474974513
1606388516.4023962,1738122,0.005514706019312143
1606388521.5540617,1738666,0.0
1606388570.7185419,1742491,0.004854368977248669
1606388631.625965,1749260,0.0
1606388646.2623065,1750922,0.0
1606388691.0576534,1756096,0.0024509804788976908
1606388724.5867214,1759809,0.004228329751640558
1606388755.406872,1763228,0.006042296066880226
1606388770.5212827,1764855,0.0
1606388777.6273167,1765646,0.001792114693671465
1606388801.760325,1768365,0.002518891589716077
1606388823.8470922,1770679,0.0047961631789803505
1606388832.2897854,1771679,0.004000000189989805
1606388833.616889,1771821,0.0
1606388874.5485823,1776495,0.0
1606388938.2393014,1783353,0.0020833334419876337
1606388958.768876,1785588,0.0
1606388982.6491203,1788272,0.002607561880722642
1606388995.2609856,1789691,0.0017953321803361177
1606389001.4868517,1790358,0.0
1606389054.6622245,1796446,0.0020000000949949026
1606389070.2621775,1798236,0.0020000000949949026
1606389087.442112,1800159,0.0
1606389102.0211253,1801784,0.008130080997943878
1606389103.9631913,1801983,0.0
1606389127.968809,1804622,0.0
1606389132.6747012,1805082,0.005494505632668734
1606389133.899214,1805206,0.0
1606389136.8313165,1805479,0.005434782709926367
1606389147.8956037,1806728,0.0
1606389152.914038,1807305,0.0
1606389155.8030837,1807614,0.0
1606389185.679307,1811192,0.006000000052154064
1606389195.3513145,1812279,0.001349527621641755
1606389209.4656625,1813840,0.0015723269898444414
1606389211.1324742,1814002,0.0
1606389220.146737,1815002,0.0
1606389222.3952494,1815242,0.0
1606389238.0434077,1817025,0.0012771391775459051
1606389246.401987,1817924,0.0
1606389250.4506125,1818381,0.0
1606389270.4999542,1820611,0.005076142027974129
1606389281.9772983,1821816,0.0
1606389298.276492,1823753,0.0010000000474974513
1606389318.9232888,1824526,0.0
1606389350.2730422,1827920,0.0
1606389369.2764878,1829920,0.012578615918755531
1606389371.3321831,1830134,0.004672897048294544
1606389374.5649428,1830466,0.0
1606389401.349854,1833401,0.0
1606389436.9221892,1837421,0.0
1606389448.4455447,1838655,0.0
1606389472.5107615,1841314,0.0
1606389525.89186,1847295,0.003000000026077032
1606389543.8582947,1849307,0.0
1606389550.911646,1850033,0.0
1606389562.7596495,1851297,0.0032573288772255182
1606389589.372264,1854293,0.0
1606389617.8328495,1857453,0.0
1606389625.954239,1858337,0.0
1606389635.4928896,1859456,0.0
1606389643.6742463,1860359,0.0
1606389687.2376454,1865289,0.0031152646988630295
1606389722.4463897,1869154,0.0030534351244568825
1606389724.7376986,1869384,0.004347825888544321
1606389766.7461727,1874193,0.0
1606389801.7230153,1877941,0.0
1606389811.7321694,1878972,0.0
1606389819.951232,1879822,0.004566209856420755
1606389889.7575324,1887571,0.003000000026077032
1606389931.6637514,1892270,0.0033783784601837397
1606389953.3837264,1894513,0.0
1606389956.8699226,1894877,0.0
1606389978.466496,1897256,0.0
1606389983.336636,1897701,0.0
1606389988.2988813,1898194,0.0020283975172787905
1606390048.089516,1904929,0.0010000000474974513
1606390080.3527172,1908627,0.0010000000474974513
1606390085.4815571,1909164,0.0028248587623238564
1606390169.4429574,1915228,0.0
1606390194.6050127,1917933,0.0
1606390221.5475965,1920995,0.0
1606390233.9825125,1922389,0.0016181230312213302
1606390239.2744691,1922988,0.001669449033215642
1606390254.977546,1924751,0.005736137740314007
1606390261.6820097,1925437,0.0
1606390317.683438,1931722,0.0028208745643496513
1606390324.197407,1932422,0.0
1606390332.6454806,1933422,0.0
1606390335.409485,1933722,0.0
1606390357.1249554,1936106,0.003546099178493023
1606390386.8705478,1939465,0.003407154930755496
1606390435.6915548,1944922,0.0
1606390487.5535572,1950594,0.0020000000949949026
1606390529.0445309,1955284,0.0
1606390544.4879699,1956944,0.005524862091988325
1606390553.0727227,1957944,0.0
1606390593.8443613,1962559,0.004514672793447971
1606390638.6538668,1967628,0.0
1606390656.4246075,1969642,0.0014124293811619282
1606390665.1665094,1970642,0.0
1606390677.908569,1972083,0.0
1606390710.2395916,1975797,0.0
1606390714.1180995,1976218,0.0023752970155328512
1606390721.67528,1977043,0.0
1606390750.744185,1980336,0.0
1606390758.0485706,1981107,0.0045045046135783195
1606390833.7634945,1989600,0.0020000000949949026
1606390864.6324553,1993014,0.001422475092113018
1606390903.1600573,1997225,0.0010000000474974513
1606390943.5173337,2001421,0.0
1606390962.8365142,2003369,0.0
1606390976.5263224,2004713,0.0
1606391059.265628,2013236,0.0
1606391218.7437534,2018864,0.0
1606391233.385143,2020308,0.0
1606391237.9602127,2020775,0.0
1606391292.0806527,2026567,0.002624671906232834
