Wall time,Step,Value
1604864769.442799,3570,0.1589999943971634
1604864847.2718992,12580,0.13199999928474426
1604864880.797636,16489,0.14900000393390656
1604864982.379974,28534,0.14800000190734863
1604864988.9101076,29312,0.11023622006177902
1604865001.499957,30780,0.12834224104881287
1604865005.4417367,31247,0.1474820077419281
1604865031.3270848,34354,0.12816455960273743
1604865048.1554294,36383,0.14129111170768738
1604865129.2008204,45277,0.125
1604865149.7626667,47512,0.1289999932050705
1604865167.1557148,49472,0.14509804546833038
1604865228.082437,55329,0.02777777798473835
1604865281.6240602,60245,0.02981366403400898
1604865289.0321074,60904,0.0746268630027771
1604865299.7144296,61904,0.02800000086426735
1604865356.805601,67073,0.029999999329447746
1604865444.5566561,74918,0.029999999329447746
1604865510.4808471,81183,0.04743082821369171
1604865579.7570891,87364,0.02500000037252903
1604865608.886019,90227,0.1055045872926712
1604865627.984851,92094,0.039000000804662704
1604865689.5452735,98060,0.052000001072883606
1604865690.8746789,98195,0.02222222276031971
1604865762.363577,105062,0.019999999552965164
1604865797.533214,108030,0.03870967775583267
1604865805.4992785,108738,0.03303303197026253
1604865808.3941376,109002,0.03787878900766373
1604865831.2211773,110902,0.07912687957286835
1604865886.4512935,115395,0.028999999165534973
1604865947.0357697,118988,0.02994011901319027
1604865959.064767,119988,0.04500000178813934
1605029518.8796697,122790,0.15112540125846863
1605188288.5925484,123536,0.11290322244167328
1605188299.5045521,124239,0.1782945692539215
1605188322.2818484,125217,0.17894737422466278
1605188331.813203,125525,0.09375
1605188405.6097252,126946,0.16814158856868744
1605188449.3439064,127546,0.21904762089252472
1605188483.1972256,127958,0.13636364042758942
1605188541.429091,128562,0.13333334028720856
1605188581.356697,128906,0.1764705926179886
1605188598.7483516,129068,0.1770833283662796
1605188827.3335996,130756,0.19718310236930847
1605188894.97666,131161,0.13592232763767242
1605188912.8497682,131260,0.1818181872367859
1605188976.072469,131595,0.1617647111415863
1605189049.150971,131969,0.1066666692495346
1605189076.3987126,132102,0.2238806039094925
1605189203.9818876,132661,0.12121212482452393
1605189222.9780662,132738,0.12987013161182404
1605189357.2587492,133235,0.1515151560306549
1605189468.3924694,133583,0.1515151560306549
1605189891.10351,134217,0.06060606241226196
1605219902.74737,136911,0.11764705926179886
1605219973.776621,139164,0.1340206116437912
1605220303.3663108,141055,0.13149847090244293
1605220345.2594779,143251,0.1146496832370758
1605220349.7775083,143401,0.1547619104385376
1605220594.3033433,152994,0.12781955301761627
1605220603.0032666,153994,0.14800000190734863
1605220621.141669,155994,0.13099999725818634
1605220651.9703896,159306,0.1384425163269043
1605220692.9685836,163941,0.14689265191555023
1605220710.3241222,165858,0.15299999713897705
1605220714.3709846,166305,0.14541387557983398
1605220731.446325,168160,0.12574850022792816
1605220764.4846942,171738,0.13302752375602722
1605220813.2936814,176992,0.13278496265411377
1605220832.3822472,178989,0.0939597338438034
1605220835.4134011,179304,0.13650794327259064
1605220883.9670482,184505,0.15199999511241913
1605220965.6585176,193230,0.03239740803837776
1605220979.7808406,194634,0.019801979884505272
1605221067.761397,203438,0.02777777798473835
1605221097.4337735,206405,0.04512067139148712
1605221109.0661197,207563,0.03164556995034218
1605221120.4679508,208704,0.04651162773370743
1605221148.9065144,211582,0.060975611209869385
1605221171.788799,213824,0.09787928313016891
1605221179.5944748,214595,0.041152264922857285
1605221206.079719,217239,0.08500000089406967
1605221245.6147604,221130,0.04500000178813934
1605221273.0660295,223837,0.05000000074505806
1605221334.238124,229895,0.12200000137090683
1605221363.9155605,232867,0.029411764815449715
1605221397.7925565,236343,0.08219178020954132
1605221418.0634248,238348,0.07199999690055847
1605221433.8910794,239870,0.035335689783096313
1605221440.2258263,240501,0.04220779240131378
1605221446.2458239,241119,0.058252427726984024
1605221452.9429407,241791,0.014492753893136978
1605221462.1878371,242735,0.09062500298023224
1605221472.2188091,243735,0.210999995470047
1605221511.0904195,246930,0.027522936463356018
1605221513.1458237,247125,0.05128205195069313
1605221572.3029141,252935,0.08799999952316284
1605221615.5634546,257298,0.0416666679084301
1605221628.7832885,258639,0.035999998450279236
1605221661.4071271,261921,0.054999999701976776
1605221689.998412,264749,0.08799999952316284
1605221705.585625,266272,0.07456979155540466
1605221763.2447562,272061,0.06800000369548798
1605221817.4968603,277477,0.017000000923871994
1605221827.6146193,278477,0.03799999877810478
1605221843.2304184,280016,0.03500000014901161
1605221854.3693287,281096,0.04100000113248825
1605221855.6814182,281230,0.06716418266296387
1605221863.8402724,282025,0.08641975373029709
1605221919.396348,287513,0.0820000022649765
1605221938.717311,289445,0.08226221054792404
1605221974.495732,293015,0.050999999046325684
1605221995.617279,295127,0.04800000041723251
1605222013.516088,296896,0.052173912525177
1605222047.7811186,300259,0.14012739062309265
1605222049.683741,300433,0.2931034564971924
1605222079.778617,303426,0.050999999046325684
1605222111.3278072,306562,0.043478261679410934
1605222188.6754117,314351,0.07500000298023224
1605222225.1498256,317905,0.10899999737739563
1605222231.1432822,318478,0.07500000298023224
1605222269.4641562,322316,0.11029411852359772
1605222294.15046,324809,0.07537688314914703
1605222318.4036036,327250,0.054999999701976776
1605222319.1881886,327321,0.0422535203397274
1605222325.7201128,327961,0.06093750149011612
1605222373.8549588,332662,0.052000001072883606
1605222421.9207292,337380,0.02985074557363987
1605222439.3276558,339083,0.039000000804662704
1605222449.544959,340083,0.07500000298023224
1605222480.47889,343206,0.03698810935020447
1605222501.5895512,345294,0.04305555671453476
1605222522.3231978,347336,0.03846153989434242
1605222530.1511097,348101,0.0470588244497776
1605222558.647348,350946,0.032999999821186066
1605222627.8556814,357665,0.0493537001311779
1605222656.206081,360418,0.03412969410419464
1605222666.372138,361418,0.02199999988079071
1605222673.97706,362159,0.04993252456188202
1605222682.1846735,362944,0.06542056053876877
1605222686.3379116,363342,0.055276382714509964
1605222733.2960048,367903,0.035307515412569046
1605222757.4313598,370275,0.011904762126505375
1605222764.3414798,370955,0.020588235929608345
1605222775.9338171,372076,0.058076225221157074
1605222795.9230018,374076,0.0689999982714653
1605287640.1334167,375066,0.1446453481912613
1605287646.9158456,375829,0.125819131731987
1605287656.1270642,376829,0.1379999965429306
1605287677.7329285,379162,0.15700000524520874
1605287697.678115,381534,0.15226337313652039
1605287712.6797144,383212,0.11846689879894257
1605287713.9257972,383358,0.13698630034923553
1605287722.25697,384358,0.16699999570846558
1605287741.2272,386590,0.20000000298023224
1605287809.0272613,394515,0.10112359374761581
1605287827.9448547,396647,0.13600000739097595
1605287831.220197,397025,0.17894737422466278
1605287850.084578,399194,0.11764705926179886
1605287967.3955445,412880,0.15000000596046448
1605287975.7616699,413813,0.1409691572189331
1605287996.4825826,416171,0.08955223858356476
1605288011.399512,417843,0.150297611951828
1605288022.585894,419131,0.13221153616905212
1605288026.0767252,419532,0.1442786008119583
1605288075.3277984,424695,0.02500000037252903
1605288126.9599874,429572,0.03500000014901161
1605288144.5262444,431151,0.05220883712172508
1605288196.5065634,435774,0.03495440632104874
1605288205.7358272,436669,0.004950494971126318
1605288260.711631,441893,0.03969956934452057
1605288275.150262,443240,0.035087719559669495
1605288298.9275935,445482,0.01652892492711544
1605288320.948368,447558,0.10526315867900848
1605288385.953973,453745,0.05000000074505806
1605288396.5625618,454745,0.039000000804662704
1605288429.7235377,457745,0.057999998331069946
1605288498.320232,463711,0.04405874386429787
1605288524.7044022,466200,0.039000000804662704
1605288612.879081,474090,0.03913630172610283
1605288656.3343186,477998,0.039000000804662704
1605288682.1258173,480309,0.057877812534570694
1605288683.2948809,480412,0.019417475908994675
1605288757.9440649,487067,0.054999999701976776
1605288762.1712468,487433,0.03551912680268288
1605288789.3435178,489844,0.057999998331069946
1605288811.9097621,491844,0.03700000047683716
1605288813.9011707,491975,0.05343511328101158
1605288848.6957123,495064,0.035999998450279236
1605288849.6258278,495144,0.07500000298023224
1605288878.5447748,497590,0.053811658173799515
1605288890.3798063,498456,0.03926096856594086
1606340565.715751,502551,0.11038961261510849
1606340593.6146884,504232,0.16190476715564728
1606340608.9539075,505997,0.1437908560037613
1606340623.852758,507735,0.15600000321865082
1606340625.7306323,507956,0.1538461595773697
1606340677.8150792,513938,0.18490566313266754
1606340694.8705406,515929,0.12742719054222107
1606340735.0689328,520464,0.17525772750377655
1606340739.251884,520957,0.14772726595401764
1606340753.31184,522527,0.16421568393707275
1606340772.0439563,524678,0.14803625643253326
1606340803.2427037,528349,0.15238095819950104
1606340865.2098296,535591,0.14210526645183563
1606340885.4540315,537953,0.14641743898391724
1606340905.0907016,540192,0.13730570673942566
1606340910.190018,540761,0.1651376187801361
1606340914.7769053,541270,0.10606060922145844
1606340930.0317495,543000,0.17258882522583008
1606340936.3741007,543709,0.10062892735004425
1606340961.5308878,546621,0.1469999998807907
1606340967.2139735,547287,0.16066065430641174
1606340971.6941626,547821,0.12359550595283508
1606341005.1500657,551659,0.1320754736661911
1606341049.2760808,555853,0.04699999839067459
1606341081.6527367,558985,0.028999999165534973
1606341092.6035912,559985,0.02800000086426735
1606341181.23857,567869,0.061503417789936066
1606341220.8477561,571776,0.07800000160932541
1606341313.3688128,580597,0.058917198330163956
1606341335.189194,582597,0.0560000017285347
1606341505.776983,597882,0.2446351945400238
1606341509.5935602,598181,0.14381271600723267
1606341550.9077635,601584,0.10100000351667404
1606341552.85144,601745,0.2484472095966339
1606341565.553471,602745,0.15800000727176666
1606341785.468577,617359,0.056910570710897446
1606341831.2636945,621521,0.03400000184774399
1606341881.4103587,626260,0.023255813866853714
1606341882.1289613,626338,0.0
1606342496.5704007,628798,0.16872428357601166
1606342504.2408164,629708,0.13927575945854187
1606342529.0498965,632534,0.14399999380111694
1606342539.3747506,633731,0.13963039219379425
1606342708.3345006,651975,0.1352405697107315
1606342719.6483521,653068,0.14000000059604645
1606342724.3523872,653595,0.12056737393140793
1606342764.1800206,657815,0.19354838132858276
1606342777.2907279,659191,0.12231183052062988
1606342815.8904514,663272,0.06086956337094307
1606342829.0006518,664660,0.1428571492433548
1606342848.7051065,666716,0.14261460304260254
1606342902.1532626,672226,0.15614618360996246
1606342941.4841979,676359,0.14900000393390656
1606343000.2717364,681895,0.023000000044703484
1606343052.358345,686594,0.035999998450279236
1606343062.4289057,687594,0.06700000166893005
1606343108.7722535,691690,0.04157043993473053
1606343196.6316175,699940,0.02199999988079071
1606343232.160582,703138,0.03832116723060608
1606343242.6953628,704138,0.035999998450279236
1606343262.3428745,705973,0.032999999821186066
1606343307.174521,709651,0.019999999552965164
1606343324.095593,711106,0.013186813332140446
1606343349.668627,713284,0.056179776787757874
1606343382.742294,716284,0.0430000014603138
1606343409.7372015,718763,0.020999999716877937
1606343411.2194204,718905,0.09154929220676422
1606343560.9273212,732003,0.06146572157740593
1606343671.707243,742389,0.035999998450279236
1606343749.8432386,748922,0.08399999886751175
1606343768.7015479,750667,0.13274335861206055
1606343772.1486373,750965,0.0906040295958519
1606343788.7771204,752449,0.16231884062290192
1606343791.4134698,752688,0.20083682239055634
1606343928.823318,764453,0.12432432174682617
1606343931.6077132,764691,0.10084033757448196
1606343953.574182,766703,0.0833333358168602
1606343964.4575627,767754,0.08205128461122513
1606343992.2686365,770108,0.04899999871850014
1606343994.014689,770242,0.0882352963089943
1606344009.1622684,771430,0.0656108632683754
1606344052.355628,775029,0.08100000023841858
1606344086.344194,778216,0.1550000011920929
1606344211.793212,790716,0.10000000149011612
1606344212.783246,790809,0.08602150529623032
1606344255.9645138,795065,0.12121212482452393
1606344295.1976979,799109,0.08830548822879791
1606344297.992857,799384,0.1345454603433609
1606344313.0338168,800872,0.08936170488595963
1606344321.157995,801697,0.093544140458107
1606344321.9097862,801764,0.08955223858356476
1606344355.438322,805194,0.1469999998807907
1606344381.952578,807903,0.09282700717449188
1606344425.4759407,812316,0.16157205402851105
1606344427.5275664,812516,0.07999999821186066
1606344436.7791398,813422,0.11255411058664322
1606344492.3584805,818907,0.25376343727111816
1606344511.6646278,820908,0.1603773534297943
1606344512.5146081,820985,0.1818181872367859
1606344514.932885,821229,0.21212121844291687
1606344538.088901,823546,0.21794871985912323
1606344549.418828,824672,0.14864864945411682
1606344550.6367974,824782,0.145454540848732
1606344574.7931373,827268,0.05531914904713631
1606344594.686281,829377,0.10136986523866653
1606344599.6282032,829877,0.19708029925823212
1606344612.4365063,831198,0.12727272510528564
1606344742.11766,834736,0.27272728085517883
1606344766.7282314,837209,0.3035714328289032
1606344767.9442139,837328,0.2521008551120758
1606344780.6640277,838555,0.11594203114509583
1606344805.6475148,841066,0.15315315127372742
1606344847.356501,845201,0.19838055968284607
1606344848.0996315,845267,0.13636364042758942
1606344852.571645,845709,0.1576763540506363
1606344868.222937,847269,0.11764705926179886
1606344887.2814987,849219,0.1111111119389534
1606344890.871205,849566,0.1347150206565857
1606344898.1742373,850332,0.16374269127845764
1606344902.0416403,850713,0.16410256922245026
1606344915.629958,852079,0.2132352888584137
1606344935.8601542,854088,0.15294118225574493
1606344953.4098809,855866,0.17543859779834747
1606344960.7074432,856598,0.1472868174314499
1606344967.8862069,857327,0.1818181872367859
1606344972.0886495,857745,0.1650717705488205
1606344990.4092667,859564,0.287709504365921
1606344994.7139952,860022,0.19432313740253448
1606345016.196179,862244,0.1773049682378769
1606345019.7205734,862600,0.21476510167121887
1606345020.893736,862722,0.2049180269241333
1606345021.619978,862788,0.13636364042758942
1606345025.499498,863182,0.20807453989982605
1606345035.4766738,864178,0.297587126493454
1606345056.8043497,866332,0.2888283431529999
1606345057.5890636,866399,0.2985074520111084
1606345095.098083,870270,0.23117154836654663
1606345096.5439076,870414,0.2638888955116272
1606345106.7703717,871424,0.21935483813285828
1606345118.698108,872594,0.1527777761220932
1606345125.928453,873306,0.2068965584039688
1606345130.658888,873760,0.18333333730697632
1606345142.32202,874897,0.16428571939468384
1606345147.425344,875416,0.10789980739355087
1606345155.8324275,876286,0.190476194024086
1606345159.0312076,876610,0.17283950746059418
1606345160.0296748,876703,0.11827956885099411
1606345180.0690835,878693,0.09473684430122375
1606345217.3732493,882467,0.07575757801532745
1606345244.7132978,885252,0.08536585420370102
1606345261.140129,886855,0.18309858441352844
1606345281.7695541,888911,0.1515151560306549
1606345284.4477172,889168,0.20233462750911713
1606345346.6864812,892428,0.1111111119389534
1606345382.4721467,896113,0.10705596208572388
1606345413.104924,899156,0.10315186530351639
1606345432.336415,901149,0.12121212482452393
1606345435.1451156,901435,0.1071428582072258
1606345447.2316089,902667,0.14229248464107513
1606345480.0791087,905950,0.14141413569450378
1606345480.6657822,906018,0.14705882966518402
1606345482.7234523,906216,0.25757575035095215
1606345489.6689992,906923,0.1807580143213272
1606345508.2113638,908851,0.16326530277729034
1606345529.727696,911037,0.22727273404598236
1606345540.3812177,912137,0.17777778208255768
1606345564.239901,914498,0.1666666716337204
1606345564.9560945,914564,0.24242424964904785
1606345565.5511231,914630,0.28787878155708313
1606345616.5219612,919875,0.17004048824310303
1606345664.9012294,924790,0.20253165066242218
1606345674.5942888,925767,0.3030303120613098
1606345686.8377109,926960,0.11666666716337204
1606345702.3527908,928466,0.1858736127614975
1606345707.157879,928926,0.14529915153980255
1606345713.5526755,929581,0.19628646969795227
1606345725.6440856,930835,0.1889999955892563
1606345739.2862182,932255,0.2421875
1606345749.4326603,933323,0.16847826540470123
1606345751.8866692,933558,0.21875
1606345765.5864425,935004,0.20200000703334808
1606345772.7917933,935734,0.1806451678276062
1606345778.4908242,936287,0.13247863948345184
1606345796.3678465,938052,0.03999999910593033
1606345797.9781165,938226,0.3181818127632141
1606345825.8930767,941061,0.13513512909412384
1606345827.1333284,941184,0.0731707289814949
1606345828.3033817,941303,0.21008403599262238
1606345927.3470957,946115,0.14492753148078918
1606345934.9097877,946848,0.180811807513237
1606345948.9051256,948290,0.15040650963783264
1606345971.6398044,950647,0.09600000083446503
1606345972.241756,950713,0.13636364042758942
1606345976.1290627,951100,0.17692308127880096
1606345979.3198285,951433,0.23970037698745728
1606345997.5598133,953417,0.11686991900205612
1606346021.4987032,955894,0.12077295035123825
1606346023.759285,956113,0.0784313753247261
1606346045.833999,958412,0.22580644488334656
1606346053.4066417,959167,0.20071685314178467
1606346055.6161442,959381,0.2222222238779068
1606346057.5875971,959566,0.23880596458911896
1606346068.1075265,960698,0.1289999932050705
1606346085.0521276,962624,0.1379999965429306
1606346140.5059829,968370,0.11428571492433548
1606346179.3881023,972356,0.1090909093618393
1606346181.852847,972613,0.1750972718000412
1606346183.556992,972783,0.19411765038967133
1606346186.9460251,973131,0.2545454502105713
1606346188.577123,973286,0.1806451678276062
1606346193.6900084,973807,0.14759035408496857
1606346204.9469702,974983,0.1330472081899643
1606346215.273339,976073,0.1818181872367859
1606346234.6167831,978101,0.19653178751468658
1606346248.974941,979575,0.15406976640224457
1606346251.9877112,979861,0.1895734667778015
1606346274.805029,982161,0.1865079402923584
1606346282.9135418,983007,0.1818181872367859
1606346299.451098,984811,0.3030303120613098
1606346306.131622,985482,0.3333333432674408
1606346321.8662786,987044,0.0904436856508255
1606346329.065046,987771,0.1111111119389534
1606346338.1758256,988771,0.17100000381469727
1606346368.5159678,991830,0.21212121844291687
1606346378.4166393,992783,0.16853933036327362
1606346380.8572087,993026,0.15714286267757416
1606346393.968925,994440,0.1277705281972885
1606346398.0878084,994863,0.07092198729515076
1606346408.8855073,995989,0.19807691872119904
1606346409.8284676,996080,0.1428571492433548
1606346416.9902172,996795,0.12788906693458557
1606346423.983002,997487,0.145454540848732
1606346424.8964665,997572,0.2823529541492462
1606346445.4017265,999692,0.22772277891635895
1606346446.7127964,999829,0.16058394312858582
1606346450.150667,1000143,0.25757575035095215
1606346451.9411268,1000336,0.17322835326194763
1606346454.4564974,1000576,0.16393442451953888
1606346462.4001818,1001384,0.28787878155708313
1606346490.5689807,1004274,0.31343284249305725
1606346493.2722263,1004540,0.17499999701976776
1606346495.6773186,1004779,0.20588235557079315
1606346504.8503833,1005779,0.15800000727176666
1606346544.7762663,1006519,0.2568807303905487
1606346548.6094315,1006884,0.18803419172763824
1606346574.5969949,1009573,0.19696970283985138
1606346587.2607777,1010912,0.15199999511241913
1606346633.2897336,1015658,0.1405472606420517
1606346650.3490026,1017436,0.22792023420333862
1606346661.9089603,1018572,0.16153846681118011
1606346679.0221424,1020333,0.3636363744735718
1606346682.9240146,1020726,0.07379134744405746
1606346693.1027608,1021793,0.1720000058412552
1606346696.563746,1022136,0.2291666716337204
1606346697.9745126,1022258,0.14754098653793335
1606346701.0084455,1022548,0.1419753134250641
1606346706.2013333,1023059,0.12903225421905518
1606346710.6454854,1023485,0.1244131475687027
1606346741.368655,1026706,0.2075471729040146
1606346757.479485,1028472,0.1379999965429306
1606346771.3151743,1029911,0.1689750701189041
1606346814.1854692,1034283,0.10999999940395355
1606346834.1397793,1036342,0.24242424964904785
1606346846.9312065,1037724,0.1517857164144516
1606346884.3749335,1041489,0.10100000351667404
1606346902.8748004,1043292,0.13467048108577728
1606346908.8060663,1043871,0.1552795022726059
1606346913.133731,1044293,0.36764705181121826
1606346924.4958007,1045530,0.2012072503566742
1606346928.1963432,1045899,0.21409213542938232
1606346929.8106833,1046049,0.18666666746139526
1606346952.7863247,1048402,0.1576470583677292
1606346953.889466,1048513,0.1621621549129486
1606346954.6176302,1048579,0.1666666716337204
1606346957.7884848,1048901,0.15492957830429077
1606346987.466435,1052013,0.16336633265018463
1606346989.0211375,1052152,0.2374100685119629
1606346995.6537566,1052839,0.15619967877864838
1606347014.1155517,1054835,0.16091954708099365
1606347036.470225,1057135,0.1428571492433548
1606347092.7547612,1063019,0.24242424964904785
1606347131.8152716,1067075,0.2238806039094925
1606347143.1505628,1068198,0.13636364042758942
1606347146.4364808,1068529,0.14501510560512543
1606347150.7407675,1068949,0.19373218715190887
1606347186.2745874,1070365,0.145454540848732
1606347189.760318,1070717,0.2673267424106598
1606347193.9282775,1071110,0.17391304671764374
1606347217.8264668,1073511,0.1881188154220581
1606347231.796843,1074862,0.1666666716337204
1606347233.268747,1075016,0.16233766078948975
1606347258.0146787,1077535,0.2448979616165161
1606347274.7626007,1079288,0.18215613067150116
1606347284.3748996,1080273,0.11705685406923294
1606347285.0861351,1080339,0.22727273404598236
1606347287.983058,1080621,0.14351852238178253
1606347298.1437354,1081715,0.1595744639635086
1606347304.5663502,1082349,0.2409638613462448
1606347338.6973636,1085781,0.20000000298023224
1606347358.8471267,1087966,0.11594203114509583
1606347367.5323136,1088966,0.10599999874830246
1606347407.160161,1093201,0.15857605636119843
1606347410.1934683,1093499,0.2537313401699066
1606347412.838551,1093749,0.2247191071510315
1606347417.802915,1094275,0.15019011497497559
1606347418.5702066,1094346,0.1690140813589096
1606347450.0651653,1097643,0.16949152946472168
1606347454.4431064,1098087,0.12711864709854126
1606347466.7367442,1099384,0.19696970283985138
1606347476.9906743,1100434,0.11851851642131805
1606347486.8739994,1101500,0.3181818127632141
1606347490.922542,1101907,0.2068965584039688
1606347494.5329187,1102251,0.21900826692581177
1606347510.111066,1103828,0.3787878751754761
1606347518.7609317,1104653,0.21199999749660492
1606347532.0888076,1106051,0.12800000607967377
1606347539.1951315,1106757,0.10563380271196365
1606347555.403244,1108500,0.13235294818878174
1606347574.6354249,1110554,0.1304347813129425
1606347578.9859884,1110989,0.09195402264595032
1606347603.8093545,1113532,0.20895522832870483
1606347605.4664464,1113683,0.15294118225574493
1606347643.5343134,1117540,0.09890110045671463
1606347644.106767,1117606,0.21212121844291687
1606347652.1049674,1118467,0.09291521459817886
1606347653.5899227,1118629,0.12345679104328156
1606347681.6014814,1119920,0.09090909361839294
1606347688.9397728,1120647,0.1517857164144516
1606347697.1984396,1121447,0.20560747385025024
1606347704.872823,1122322,0.17599999904632568
1606347715.7811155,1123420,0.16969697177410126
1606347730.542516,1124971,0.14835786819458008
1606347740.371138,1125976,0.14851485192775726
1606347752.1954434,1127225,0.34328359365463257
1606347756.9043243,1127658,0.35820895433425903
1606347760.1291738,1127945,0.12195122241973877
1606347771.2373278,1129097,0.0923076942563057
1606347777.587197,1129774,0.19354838132858276
1606347787.2058315,1130709,0.10204081982374191
1606347794.385307,1131384,0.1339285671710968
1606347801.7535732,1132126,0.1231527104973793
1606347843.191916,1136466,0.08415841311216354
1606347850.2316515,1137189,0.18983051180839539
1606347853.5747492,1137525,0.20817844569683075
1606347876.0974596,1139899,0.17670682072639465
1606347883.2456005,1140590,0.1358024626970291
1606347908.89355,1143335,0.2222222238779068
1606347918.3055375,1144295,0.13235294818878174
1606347924.0021248,1144864,0.18907563388347626
1606347981.0419283,1150728,0.13618676364421844
1606348008.4610355,1153419,0.17105263471603394
1606348009.4742208,1153521,0.1568627506494522
1606348018.902361,1154501,0.17241379618644714
1606348031.9061604,1155895,0.42424243688583374
1606348040.983229,1156791,0.18681319057941437
1606348042.1795347,1156909,0.22033898532390594
1606348044.1429904,1157103,0.2319587618112564
1606348046.3610408,1157329,0.2566371560096741
1606348054.8263922,1158329,0.1420000046491623
1606348056.1854596,1158450,0.1900826394557953
1606348068.8669019,1159704,0.1325966864824295
1606348123.3230827,1165294,0.1920289844274521
1606348124.074757,1165362,0.23529411852359772
1606348125.4189403,1165500,0.1666666716337204
1606348148.0271413,1166629,0.20454545319080353
1606348177.8990815,1169673,0.3181818127632141
1606348182.2335443,1170126,0.1180555522441864
1606348213.4251702,1173436,0.18110236525535583
1606348214.425332,1173531,0.17894737422466278
1606348220.3334007,1174104,0.10476190596818924
1606348223.3905077,1174395,0.20212766528129578
1606348224.2145932,1174469,0.18918919563293457
1606348226.5067725,1174663,0.1796875
1606348266.5157297,1178868,0.09859155118465424
1606348282.520059,1180489,0.17676767706871033
1606348287.324188,1180951,0.13084112107753754
1606348293.4346573,1181582,0.1812080591917038
1606348306.896756,1182933,0.19696970283985138
1606348312.790131,1183584,0.24116744101047516
1606348322.2614202,1184537,0.1269841343164444
1606348329.5083427,1185298,0.23551401495933533
1606348337.2774487,1186168,0.21609196066856384
1606348357.7869575,1188278,0.15976330637931824
1606348361.199347,1188609,0.23456789553165436
1606348366.4017608,1189109,0.3787878751754761
1606348367.9274921,1189251,0.3181818127632141
1606348374.1804478,1189905,0.1492537260055542
1606348385.619058,1191176,0.22413793206214905
1606348414.7953165,1194201,0.17589576542377472
1606348423.2632833,1195123,0.22142857313156128
1606348424.885055,1195278,0.21290323138237
1606348425.624325,1195346,0.19117647409439087
1606348455.8330507,1198538,0.2112676054239273
1606348490.8087468,1202260,0.24468085169792175
1606348515.0454528,1204889,0.2770562767982483
1606348546.48875,1208094,0.1924528330564499
1606348577.4906464,1211386,0.16829532384872437
1606348578.8126721,1211522,0.14705882966518402
1606348582.8475401,1211922,0.09090909361839294
1606348598.5114698,1213524,0.190476194024086
1606348613.7795398,1215124,0.16554810106754303
1606348627.4519362,1215842,0.20454545319080353
1606348638.092041,1216938,0.28828829526901245
1606348646.7693136,1217900,0.17264573276042938
1606348658.5718791,1219166,0.2029999941587448
1606348666.2247555,1219963,0.20230263471603394
1606348674.623263,1220863,0.1726384311914444
1606348684.6782124,1221947,0.1738002598285675
1606348688.699005,1222365,0.1435406655073166
1606348697.470547,1223298,0.17061612010002136
1606348707.9609342,1224352,0.1768292635679245
1606348710.1434822,1224573,0.08955223858356476
1606348724.4214244,1226169,0.18000000715255737
1606348738.642131,1227625,0.2028985470533371
1606348749.361447,1228783,0.1881188154220581
1606348750.4742265,1228896,0.22123894095420837
1606348751.2574544,1228966,0.10000000149011612
1606348760.7157226,1229904,0.14166666567325592
1606348789.555479,1232962,0.10606060922145844
1606348799.899077,1234109,0.23255814611911774
1606348805.5461104,1234675,0.1822916716337204
1606348807.3327785,1234842,0.14000000059604645
1606348810.0932288,1235130,0.3205128312110901
1606348838.933955,1238260,0.12857143580913544
1606348844.7333305,1238829,0.20606060326099396
1606348873.8529177,1241808,0.18918919563293457
1606348885.4010742,1243055,0.19780220091342926
1606348927.4034739,1247403,0.2078651636838913
1606348959.9763644,1250765,0.24400000274181366
1606348960.5617104,1250832,0.23880596458911896
1606348977.4916081,1252621,0.20000000298023224
1606348979.8168013,1252851,0.16521738469600677
1606348985.4285362,1253461,0.20518358051776886
1606348988.9446537,1253816,0.19170984625816345
1606349007.0719273,1255798,0.24338623881340027
1606349020.7689302,1257277,0.22159090638160706
1606349028.478632,1258135,0.14141413569450378
1606349095.0501072,1265266,0.12800000607967377
1606349116.0694766,1267547,0.20000000298023224
1606349122.1665592,1268168,0.190476194024086
1606349239.271928,1271821,0.25
1606349250.9142978,1272076,0.2078431397676468
1606349270.133978,1274105,0.20309478044509888
1606349273.014408,1274386,0.22727273404598236
1606349336.1520176,1281003,0.2750000059604645
1606349341.479012,1281525,0.17370891571044922
1606349357.6212227,1283259,0.12790697813034058
1606349372.4306777,1284926,0.1428571492433548
1606349373.7397783,1285042,0.18965516984462738
1606349376.8628416,1285356,0.18023255467414856
1606349377.534072,1285433,0.1818181872367859
1606349388.1344397,1286496,0.18658892810344696
1606349417.520259,1289584,0.20895522832870483
1606349434.5238373,1291350,0.10443864017724991
1606349464.494928,1294618,0.1515151560306549
1606349466.61466,1294825,0.3246753215789795
1606349469.2862449,1295082,0.2565445005893707
1606349482.3099403,1296511,0.296999990940094
1606349487.8216977,1297067,0.16203702986240387
1606349520.7771833,1300462,0.20909090340137482
1606349523.7891078,1300774,0.20000000298023224
1606349540.3085253,1302575,0.12345679104328156
1606349556.9675012,1304299,0.3461538553237915
1606349565.573048,1305146,0.1666666716337204
1606349568.2395391,1305431,0.21052631735801697
1606349569.9898562,1305599,0.1964285671710968
1606349577.0396454,1306316,0.2537313401699066
1606349586.7688336,1307328,0.27559053897857666
1606349612.6739883,1310138,0.19010819494724274
1606349645.6999183,1313645,0.1617647111415863
1606349665.9799206,1315797,0.1515837162733078
1606349673.4770257,1316543,0.1195652186870575
1606349679.6651266,1317147,0.12233009934425354
1606349692.798362,1318522,0.14166666567325592
1606349708.5813582,1320117,0.19519519805908203
1606349719.6715243,1321312,0.22499999403953552
1606349721.4635077,1321482,0.19230769574642181
1606349725.2855525,1321847,0.3614457845687866
1606349756.2265866,1325137,0.3889789283275604
1606349888.6365492,1329335,0.27368420362472534
1606349908.7639415,1331515,0.2018890231847763
1606349922.784544,1333023,0.2949756979942322
1606349947.9726248,1335615,0.3095238208770752
1606349952.9343767,1336097,0.19662921130657196
1606349955.7533135,1336360,0.21212121844291687
1606349970.3924124,1337920,0.1745152324438095
1606349994.5629585,1340523,0.15306122601032257
1606350001.1695762,1341181,0.14351852238178253
1606350014.1703959,1342625,0.3290548324584961
1606350037.3532927,1345051,0.17399999499320984
1606350038.817509,1345204,0.12418300658464432
1606350065.8100193,1348045,0.19485294818878174
1606350092.1054742,1350895,0.3529999852180481
1606350104.9586852,1352304,0.15000000596046448
1606350111.3422348,1353003,0.19696970283985138
1606350118.7383468,1353744,0.19130434095859528
1606350142.7768495,1356198,0.1818181872367859
1606350152.7396362,1357279,0.30612245202064514
1606350175.789945,1359699,0.12399999797344208
1606350177.9854221,1359904,0.13636364042758942
1606350181.2766526,1360224,0.21808511018753052
1606350183.8769867,1360464,0.1111111119389534
1606350194.6443105,1361553,0.13636364042758942
1606350222.172711,1364355,0.19696970283985138
1606350226.6743064,1364829,0.13333334028720856
1606350244.5931594,1366783,0.23199999332427979
1606350246.422187,1366961,0.23033708333969116
1606350249.772133,1367288,0.17105263471603394
1606350261.393478,1368571,0.1837455779314041
1606350270.795107,1369490,0.18137255311012268
1606350271.7659738,1369583,0.17204301059246063
1606350283.1665454,1370704,0.19871795177459717
1606350311.1433644,1373730,0.08163265138864517
1606350317.2234266,1374336,0.12857143580913544
1606350349.3818722,1377688,0.16326530277729034
1606350351.142288,1377858,0.12941177189350128
1606350374.0263255,1379136,0.18243242800235748
1606350375.6955914,1379296,0.11874999850988388
1606350427.9159942,1384945,0.19018404185771942
1606350435.1419609,1385683,0.12359550595283508
1606350440.2761807,1386198,0.1910112351179123
1606350448.781876,1387074,0.190476194024086
1606350461.7684195,1388437,0.34599998593330383
1606350466.7046204,1388929,0.1764705926179886
1606350489.5934107,1391214,0.14102564752101898
1606350500.0031023,1392249,0.18817204236984253
1606350501.6852322,1392418,0.19696970283985138
1606350530.9069123,1395477,0.14399999380111694
1606350531.7295823,1395549,0.1527777761220932
1606350554.3771055,1397990,0.1428571492433548
1606350580.5871198,1400868,0.20000000298023224
1606350663.235779,1409579,0.2939999997615814
1606350687.4918633,1412124,0.1538461595773697
1606350692.95274,1412686,0.1510416716337204
1606350752.4104326,1419010,0.10958904027938843
1606350755.602817,1419332,0.18309858441352844
1606350762.2388551,1420004,0.21195651590824127
1606350765.859965,1420382,0.1746031790971756
1606350767.5913894,1420552,0.19411765038967133
1606350793.0881512,1423350,0.18803419172763824
1606350802.5729465,1424379,0.18103447556495667
1606350815.5397105,1425785,0.20496894419193268
1606350858.579366,1430559,0.16129031777381897
1606350880.229922,1432863,0.16239316761493683
1606350887.1806219,1433554,0.1487603336572647
1606350907.095148,1435597,0.17100371420383453
1606350916.0771208,1436502,0.15365853905677795
1606350932.9051595,1438293,0.1582278460264206
1606350975.6271212,1442784,0.17025089263916016
1606351032.2395217,1443446,0.19830508530139923
1606351040.7159593,1443760,0.1184210553765297
1606385853.7447126,1446160,0.14100000262260437
1606385881.5237365,1449549,0.1549755334854126
1606385913.119369,1453328,0.1494464874267578
1606385925.2757144,1454676,0.13500000536441803
1606385991.8107011,1462364,0.13899999856948853
1606386002.0575235,1463585,0.15600000321865082
1606386016.4556196,1465322,0.10854817181825638
1606386079.7619786,1472966,0.1289999932050705
1606386109.2296398,1476529,0.14399999380111694
1606386150.2702267,1481444,0.12700000405311584
1606386164.523138,1483153,0.14393939077854156
1606386195.526997,1486910,0.13590264320373535
1606386213.6057281,1489105,0.1846153885126114
1606386229.7459762,1491039,0.1469999998807907
1606386287.7141726,1497635,0.2819807529449463
1606386292.8093128,1498223,0.17687074840068817
1606386293.943329,1498345,0.18852458894252777
1606386303.1230645,1499347,0.13953489065170288
1606386307.6111975,1499827,0.20279720425605774
1606386324.975868,1501725,0.13445378839969635
1606386334.3125753,1502695,0.12765957415103912
1606386349.5055861,1504370,0.15730337798595428
1606386351.4779944,1504582,0.21226415038108826
1606386368.7540424,1506551,0.21021610498428345
1606386399.7472675,1510073,0.23000000417232513
1606386409.723796,1511146,0.23923444747924805
1606386422.8464775,1512560,0.17910447716712952
1606386427.6332572,1513062,0.16033755242824554
1606386462.522307,1516891,0.13302752375602722
1606386481.245857,1518995,0.20210526883602142
1606386523.2180037,1523924,0.2729624807834625
1606386539.8338187,1525845,0.10294117778539658
1606386550.9510376,1527035,0.1704312115907669
1606386566.77773,1527982,0.10975609719753265
1606386578.829337,1529188,0.27993255853652954
1606386579.3843853,1529254,0.09090909361839294
1606386607.2463222,1532357,0.12030075490474701
1606386608.158019,1532449,0.18478260934352875
1606386644.4141855,1536636,0.20817844569683075
1606386646.16313,1536811,0.11538461595773697
1606386648.3260615,1537053,0.19421488046646118
1606386665.1059039,1538833,0.18469657003879547
1606386667.8806348,1539124,0.08666666597127914
1606386669.3499131,1539275,0.11258278042078018
1606386677.6435094,1540275,0.2639999985694885
1606386678.2066624,1540341,0.09090909361839294
1606386681.7880847,1540706,0.13605442643165588
1606386688.9824378,1541519,0.2530864179134369
1606386755.3927524,1548843,0.06060606241226196
1606386759.184534,1549233,0.28148147463798523
1606386828.6493788,1557297,0.14678898453712463
1606386837.838093,1558297,0.1340206116437912
1606386839.5461018,1558476,0.15642458200454712
1606386856.513915,1560476,0.17100000381469727
1606386873.3783991,1562296,0.16149067878723145
1606386885.986174,1563636,0.17874395847320557
1606386897.2145567,1564827,0.1373390555381775
1606386989.7617066,1575073,0.11538461595773697
1606387017.931022,1578236,0.2151898741722107
1606387051.2615983,1581969,0.1366906464099884
1606387072.4925253,1584357,0.12056737393140793
1606387093.8745058,1586752,0.13742689788341522
1606387094.5949135,1586818,0.13636364042758942
1606387123.0252974,1589976,0.12295082211494446
1606387126.0440438,1590277,0.1661129593849182
1606387128.4967723,1590534,0.16352201998233795
1606387133.8727787,1591076,0.1006944477558136
1606387137.3085222,1591420,0.10687022656202316
1606387139.6284928,1591651,0.16883116960525513
1606387141.6097748,1591843,0.1617647111415863
1606387262.522363,1599617,0.11699999868869781
1606387279.4676194,1601515,0.1304347813129425
1606387292.1416407,1602929,0.24223601818084717
1606387305.7802348,1604444,0.12371134012937546
1606387325.2980459,1606631,0.15800000727176666
1606387349.9167774,1609392,0.17546012997627258
1606387374.02975,1612107,0.1547619104385376
1606387378.5374553,1612580,0.18666666746139526
1606387386.844425,1613580,0.17399999499320984
1606387413.920648,1616579,0.20779220759868622
1606387421.2956958,1617352,0.15606936812400818
1606387475.823503,1623509,0.2368421107530594
1606387494.5603206,1625592,0.15555556118488312
1606387506.7842646,1626996,0.11999999731779099
1606387517.2904823,1628196,0.1666666716337204
1606387534.1301818,1630073,0.16428571939468384
1606387538.3874068,1630536,0.1815718114376068
1606387560.868963,1632982,0.16734693944454193
1606387574.1806974,1634435,0.10606060922145844
1606387586.4133737,1635671,0.14166666567325592
1606387605.1742578,1637749,0.10941475629806519
1606387628.7411423,1640400,0.23052959144115448
1606387642.0541713,1641882,0.1459999978542328
1606387651.144997,1642850,0.14606741070747375
1606387686.2966378,1646886,0.13709677755832672
1606387697.6664696,1648151,0.1547619104385376
1606387722.4221718,1650823,0.15000000596046448
1606387726.9210224,1651287,0.09090909361839294
1606387773.6792188,1656645,0.22686567902565002
1606387797.3886735,1659312,0.24500000476837158
1606387803.401254,1659947,0.17207792401313782
1606387818.2925155,1660184,0.1257861703634262
1606387820.6841116,1660271,0.06896551698446274
1606387829.2511964,1661164,0.19402985274791718
1606387830.526576,1661302,0.239130437374115
1606387832.5030024,1661509,0.15458936989307404
1606387870.9732819,1665719,0.12857143580913544
1606387887.609359,1667603,0.109375
1606387889.0095494,1667755,0.15789473056793213
1606387898.2951915,1668802,0.23055163025856018
1606387921.1310656,1671311,0.1953352838754654
1606387933.935273,1672752,0.2150000035762787
1606387953.5746067,1674977,0.07954545319080353
1606387958.5680249,1675495,0.16853933036327362
1606387984.49953,1678407,0.14084507524967194
1606388029.2813141,1683522,0.45899999141693115
1606388055.0759299,1686449,0.2669999897480011
1606388070.7082295,1688204,0.22676579654216766
1606388083.19385,1689635,0.3009999990463257
1606388105.8475523,1692129,0.22026431560516357
1606388115.239919,1693214,0.20000000298023224
1606388159.6774714,1698322,0.21830986440181732
1606388178.464365,1700528,0.18918919563293457
1606388186.8984234,1701528,0.39500001072883606
1606388244.7437289,1707868,0.26865673065185547
1606388247.8848996,1708216,0.272988498210907
1606388258.9520934,1709490,0.43799999356269836
1606388292.0616982,1713191,0.33899998664855957
1606388296.138007,1713628,0.130952388048172
1606388330.5346243,1717467,0.3510638177394867
1606388347.199317,1719318,0.3019999861717224
1606388355.92176,1720318,0.18000000715255737
1606388390.7169557,1724059,0.21598272025585175
1606388396.0213537,1724603,0.22692307829856873
1606388398.086674,1724814,0.11374407261610031
1606388428.984616,1728221,0.23999999463558197
1606388439.6918821,1729425,0.1930091232061386
1606388483.819791,1734422,0.34200000762939453
1606388499.5072024,1736163,0.21445220708847046
1606388511.7113037,1737578,0.2240963876247406
1606388519.956776,1738506,0.171875
1606388568.6374352,1742285,0.17661097645759583
1606388630.2277565,1749127,0.1640625
1606388643.6227446,1750648,0.16923077404499054
1606388687.1801283,1755688,0.27300000190734863
1606388720.0288515,1759336,0.3409999907016754
1606388752.3756642,1762897,0.2070000022649765
1606388769.2853498,1764725,0.19103772938251495
1606388772.79192,1765088,0.14163090288639069
1606388798.0414934,1767968,0.19599999487400055
1606388819.9605105,1770262,0.1994047611951828
1606388823.846738,1770679,0.16306954622268677
1606388832.2893202,1771679,0.22499999403953552
1606388872.8089633,1776316,0.13274335861206055
1606388933.9584126,1782873,0.15755626559257507
1606388956.7397752,1785381,0.19382022321224213
1606388975.9782953,1787505,0.20983606576919556
1606388990.2597916,1789134,0.23608018457889557
1606389000.0998666,1790208,0.15168538689613342
1606389046.2004166,1795446,0.21883656084537506
1606389061.953733,1797236,0.23999999463558197
1606389086.8297536,1800087,0.15000000596046448
1606389100.8040779,1801661,0.17058824002742767
1606389102.0209286,1801784,0.2195121943950653
1606389125.6632605,1804367,0.2057877779006958
1606389130.762474,1804900,0.20143884420394897
1606389132.6744714,1805082,0.17582418024539948
1606389134.8414202,1805295,0.20224718749523163
1606389147.0755508,1806647,0.2321428507566452
1606389147.8954248,1806728,0.1975308656692505
1606389152.913594,1807305,0.18717505037784576
1606389177.429934,1810192,0.26284584403038025
1606389188.8018565,1811538,0.2745664715766907
1606389203.7812493,1813204,0.20886075496673584
1606389209.4653087,1813840,0.25943395495414734
1606389211.132256,1814002,0.15432098507881165
1606389220.1462743,1815002,0.23800000548362732
1606389231.0808496,1816242,0.21400000154972076
1606389243.5820405,1817612,0.2404494434595108
1606389246.4017344,1817924,0.1538461595773697
1606389268.6221411,1820414,0.335999995470047
1606389280.3880427,1821655,0.14074073731899261
1606389289.7900906,1822753,0.23906083405017853
1606389315.089708,1824276,0.21854305267333984
1606389347.4666648,1827622,0.18840579688549042
1606389367.80643,1829761,0.1190476194024086
1606389369.2762601,1829920,0.22012577950954437
1606389371.331939,1830134,0.24766355752944946
1606389398.294235,1833079,0.12227074056863785
1606389435.466776,1837261,0.279678076505661
1606389447.8544405,1838589,0.2301255166530609
1606389469.3592966,1840968,0.2261904776096344
1606389517.6485112,1846295,0.13223139941692352
1606389542.9396186,1849224,0.1550387591123581
1606389548.340742,1849763,0.15131579339504242
1606389559.907564,1850990,0.16535432636737823
1606389585.2899618,1853857,0.17796610295772552
1606389616.454939,1857304,0.17124736309051514
1606389623.7112346,1858096,0.24199287593364716
1606389634.3651931,1859337,0.20900000631809235
1606389635.4926965,1859456,0.1428571492433548
1606389681.4722002,1864647,0.13953489065170288
1606389716.555657,1868499,0.24031007289886475
1606389722.4459956,1869154,0.18320611119270325
1606389765.579428,1874070,0.19499999284744263
1606389798.0476122,1877558,0.203125
1606389807.9904902,1878577,0.18691588938236237
1606389817.7040577,1879603,0.2437722384929657
1606389880.675485,1886571,0.25200000405311584
1606389928.8200977,1891974,0.2580101191997528
1606389952.3265228,1894409,0.22448979318141937
1606389953.3833249,1894513,0.11538461595773697
1606389969.5293057,1896329,0.39800000190734863
1606389982.0076003,1897581,0.22769230604171753
1606389983.3364272,1897701,0.25833332538604736
1606390039.5846713,1903929,0.17419354617595673
1606390072.0295515,1907627,0.1899999976158142
1606390082.1717045,1908810,0.15846994519233704
1606390167.6753595,1915057,0.15357142686843872
1606390193.0582192,1917761,0.24063116312026978
1606390218.79287,1920706,0.2728395164012909
1606390228.492865,1921771,0.26139816641807556
1606390233.982099,1922389,0.2880258858203888
1606390250.2254782,1924228,0.26600000262260437
1606390257.9321885,1925054,0.16336633265018463
1606390311.5329208,1931013,0.25987526774406433
1606390319.2581956,1931876,0.13636364042758942
1606390324.1970775,1932422,0.2875458002090454
1606390332.644995,1933422,0.23899999260902405
1606390354.4410346,1935824,0.1214953288435936
1606390381.336069,1938878,0.17331288754940033
1606390434.3892548,1944790,0.21444201469421387
1606390479.0410953,1949594,0.2329317331314087
1606390525.4400153,1954908,0.28200000524520874
1606390541.2789586,1956582,0.236897274851799
1606390544.4877121,1956944,0.22928176820278168
1606390589.7149973,1962116,0.2460000067949295
1606390633.7666245,1967078,0.21017402410507202
1606390650.176765,1968934,0.30708661675453186
1606390656.4241993,1969642,0.3403954803943634
1606390670.962954,1971281,0.25195619463920593
1606390701.6978607,1974797,0.25
1606390710.239124,1975797,0.3319999873638153
1606390720.764634,1976957,0.33694180846214294
1606390747.7873602,1980029,0.2251521348953247
1606390755.9771686,1980885,0.28165939450263977
1606390825.248479,1988600,0.40877193212509155
1606390858.2451525,1992311,0.2770000100135803
1606390894.0332012,1996225,0.3552941083908081
1606390938.895712,2000959,0.29499998688697815
1606390958.8418877,2002951,0.33399999141693115
1606390972.156944,2004274,0.2282157689332962
1606391050.182601,2012268,0.18700000643730164
1606391217.8407981,2018785,0.26293104887008667
1606391228.609355,2019845,0.2024291455745697
1606391233.3848102,2020308,0.3088552951812744
1606391292.0803835,2026567,0.2860892415046692
