Wall time,Step,Value
1604864769.443226,3570,0.1420000046491623
1604864847.2724693,12580,0.14399999380111694
1604864880.798045,16489,0.13099999725818634
1604864982.3803635,28534,0.12399999797344208
1604864988.9102938,29312,0.16141732037067413
1604865001.500132,30780,0.11764705926179886
1604865005.4419274,31247,0.1690647453069687
1604865031.3273716,34354,0.15348100662231445
1604865048.1557457,36383,0.13520097732543945
1604865129.2010028,45277,0.15000000596046448
1604865149.7630503,47512,0.13500000536441803
1604865167.156097,49472,0.14509804546833038
1604865228.0826201,55329,0.046296294778585434
1604865281.6244738,60245,0.03478260710835457
1604865289.0322642,60904,0.014925372786819935
1604865299.7148972,61904,0.07100000232458115
1604865356.8060691,67073,0.09300000220537186
1604865444.5570657,74918,0.1120000034570694
1604865510.481086,81183,0.035573121160268784
1604865579.7575207,87364,0.10700000077486038
1604865608.8862236,90227,0.2110091745853424
1604865627.9852917,92094,0.12200000137090683
1604865689.5456908,98060,0.09099999815225601
1604865690.874856,98195,0.05925925821065903
1604865762.3641877,105062,0.09300000220537186
1604865797.533446,108030,0.06129032373428345
1604865805.4995193,108738,0.03903903812170029
1604865808.3943968,109002,0.0416666679084301
1604865831.2216184,110902,0.028649386018514633
1604865886.4517534,115395,0.07000000029802322
1604865947.0359943,118988,0.04790419340133667
1604865959.065745,119988,0.0989999994635582
1605029518.8800147,122790,0.13290460407733917
1605188288.5926952,123536,0.14516128599643707
1605188299.5047219,124239,0.13565891981124878
1605188322.281983,125217,0.12631578743457794
1605188331.813387,125525,0.15000000596046448
1605188405.6098642,126946,0.14159291982650757
1605188449.3440514,127546,0.16190476715564728
1605188483.1973596,127958,0.12121212482452393
1605188541.42926,128562,0.07777778059244156
1605188581.35682,128906,0.1617647111415863
1605188598.7484868,129068,0.125
1605188827.3337352,130756,0.15492957830429077
1605188894.9768355,131161,0.10679611563682556
1605188912.8499045,131260,0.1515151560306549
1605188976.0726402,131595,0.1617647111415863
1605189049.1511078,131969,0.1066666692495346
1605189076.3988454,132102,0.10447761416435242
1605189203.9820154,132661,0.10606060922145844
1605189222.9781945,132738,0.1428571492433548
1605189357.2588823,133235,0.25757575035095215
1605189468.3925993,133583,0.07575757801532745
1605189891.103637,134217,0.09090909361839294
1605219902.7475088,136911,0.12941177189350128
1605219973.7769287,139164,0.1649484485387802
1605220303.3664925,141055,0.13149847090244293
1605220345.259624,143251,0.15286624431610107
1605220349.7776523,143401,0.1428571492433548
1605220594.3035405,152994,0.1428571492433548
1605220603.0037088,153994,0.11299999803304672
1605220621.14203,155994,0.1340000033378601
1605220651.9707756,159306,0.15822002291679382
1605220692.9688091,163941,0.10734463483095169
1605220710.3245285,165858,0.13500000536441803
1605220714.3712032,166305,0.14541387557983398
1605220731.4466512,168160,0.1497005969285965
1605220764.4848745,171738,0.11926605552434921
1605220813.29406,176992,0.14571093022823334
1605220832.3824277,178989,0.12080536782741547
1605220835.413617,179304,0.13333334028720856
1605220883.9674578,184505,0.11699999868869781
1605220965.658998,193230,0.08207343518733978
1605220979.781061,194634,0.037128712981939316
1605221067.7615309,203438,0.02777777798473835
1605221097.4341717,206405,0.04616998881101608
1605221109.0662875,207563,0.1835443079471588
1605221120.468103,208704,0.19767442345619202
1605221148.9067988,211582,0.13658536970615387
1605221171.7891471,213824,0.21207177639007568
1605221179.5946834,214595,0.16872428357601166
1605221206.0801435,217239,0.14000000059604645
1605221245.6152272,221130,0.2750000059604645
1605221273.0661778,223837,0.11666666716337204
1605221334.238514,229895,0.14000000059604645
1605221363.915696,232867,0.014705882407724857
1605221397.7927165,236343,0.027397260069847107
1605221418.063839,238348,0.1459999978542328
1605221433.891317,239870,0.11307420581579208
1605221440.2260578,240501,0.04220779240131378
1605221446.2461507,241119,0.08414239436388016
1605221452.943084,241791,0.10144927352666855
1605221462.18805,242735,0.10312499850988388
1605221472.2192326,243735,0.25099998712539673
1605221511.090616,246930,0.09480122476816177
1605221513.1460085,247125,0.12820513546466827
1605221572.3033617,252935,0.26600000262260437
1605221615.5636652,257298,0.0694444477558136
1605221628.7837284,258639,0.08699999749660492
1605221661.4075627,261921,0.23899999260902405
1605221689.998846,264749,0.2160000056028366
1605221705.5859146,266272,0.26003822684288025
1605221763.245159,272061,0.050999999046325684
1605221817.4972608,277477,0.17599999904632568
1605221827.6150599,278477,0.16200000047683716
1605221843.2308655,280016,0.20499999821186066
1605221854.369741,281096,0.21400000154972076
1605221855.681584,281230,0.08955223858356476
1605221863.8404176,282025,0.14814814925193787
1605221919.3967617,287513,0.11100000143051147
1605221938.717657,289445,0.13110539317131042
1605221974.4961197,293015,0.07800000160932541
1605221995.6177087,295127,0.08900000154972076
1605222013.5163977,296896,0.08405797183513641
1605222047.7813952,300259,0.12951168417930603
1605222049.6839156,300433,0.10919540375471115
1605222079.779188,303426,0.10499999672174454
1605222111.3279526,306562,0.1304347813129425
1605222188.675852,314351,0.1459999978542328
1605222225.1506486,317905,0.1469999998807907
1605222231.1434731,318478,0.22499999403953552
1605222269.464323,322316,0.04411764815449715
1605222294.1507063,324809,0.08040200918912888
1605222318.404068,327250,0.2460000067949295
1605222319.188339,327321,0.11267605423927307
1605222325.7204337,327961,0.24062499403953552
1605222373.855388,332662,0.11800000071525574
1605222421.9208627,337380,0.10447761416435242
1605222439.3280637,339083,0.1120000034570694
1605222449.545367,340083,0.18700000643730164
1605222480.4792728,343206,0.06869220733642578
1605222501.589862,345294,0.08194444328546524
1605222522.3234024,347336,0.10139860212802887
1605222530.1514564,348101,0.16601307690143585
1605222558.6477616,350946,0.11599999666213989
1605222627.8561232,357665,0.1339600533246994
1605222656.2067423,360418,0.08987485617399216
1605222666.3725498,361418,0.06300000101327896
1605222673.9774063,362159,0.15789473056793213
1605222682.1848276,362944,0.2616822421550751
1605222686.338141,363342,0.25376883149147034
1605222733.2963817,367903,0.08883827179670334
1605222757.4314997,370275,0.0595238097012043
1605222764.341842,370955,0.1411764770746231
1605222775.9341383,372076,0.17059890925884247
1605222795.9234161,374076,0.15600000321865082
1605287640.133806,375066,0.12795549631118774
1605287646.9163013,375829,0.14416776597499847
1605287656.12748,376829,0.14900000393390656
1605287677.7332988,379162,0.14900000393390656
1605287697.678284,381534,0.14403292536735535
1605287712.6798823,383212,0.1358885020017624
1605287713.9259446,383358,0.12328767031431198
1605287722.2574422,384358,0.13699999451637268
1605287741.227336,386590,0.1894736886024475
1605287809.027405,394515,0.14606741070747375
1605287827.945248,396647,0.1589999943971634
1605287831.220338,397025,0.13684210181236267
1605287850.0847661,399194,0.14705882966518402
1605287967.3958898,412880,0.14900000393390656
1605287975.7618322,413813,0.16740088164806366
1605287996.4827182,416171,0.0746268630027771
1605288011.3998134,417843,0.1264880895614624
1605288022.5860996,419131,0.16586539149284363
1605288026.076884,419532,0.13432836532592773
1605288075.3279345,424695,0.36250001192092896
1605288126.960414,429572,0.15700000524520874
1605288144.5264568,431151,0.06425702571868896
1605288196.5069697,435774,0.05623100325465202
1605288205.7360115,436669,0.014851485379040241
1605288260.7120152,441893,0.08690986782312393
1605288275.1505036,443240,0.16290727257728577
1605288298.927798,445482,0.11983471363782883
1605288320.9485185,447558,0.05263157933950424
1605288385.9544187,453745,0.05299999937415123
1605288396.562988,454745,0.1589999943971634
1605288429.72398,457745,0.05299999937415123
1605288498.320631,463711,0.11615487188100815
1605288524.7049086,466200,0.0820000022649765
1605288612.8794568,474090,0.07287449389696121
1605288656.334785,477998,0.0689999982714653
1605288682.1260443,480309,0.13826367259025574
1605288683.2950466,480412,0.10679611563682556
1605288757.9445558,487067,0.08299999684095383
1605288762.1714892,487433,0.04918032884597778
1605288789.3439555,489844,0.12600000202655792
1605288811.910384,491844,0.08500000089406967
1605288813.9013698,491975,0.10687022656202316
1605288848.696164,495064,0.08399999886751175
1605288849.6259696,495144,0.02500000037252903
1605288878.5450833,497590,0.1233183890581131
1605288890.3802195,498456,0.06928406655788422
1606340565.7159123,502551,0.12987013161182404
1606340593.6148963,504232,0.08571428805589676
1606340608.9543414,505997,0.11895424872636795
1606340623.8532104,507735,0.13500000536441803
1606340625.7308395,507956,0.18099547922611237
1606340677.8152494,513938,0.1471698135137558
1606340694.8708954,515929,0.16140776872634888
1606340735.0691047,520464,0.1855670064687729
1606340739.2520292,520957,0.14772726595401764
1606340753.3120391,522527,0.11274509876966476
1606340772.0441468,524678,0.1359516680240631
1606340803.2430184,528349,0.13809524476528168
1606340865.2101836,535591,0.14315789937973022
1606340885.4542482,537953,0.13395638763904572
1606340905.0909634,540192,0.1165803074836731
1606340910.190214,540761,0.1529051959514618
1606340914.777038,541270,0.1818181872367859
1606340930.0319283,543000,0.13705584406852722
1606340936.3743224,543709,0.09433962404727936
1606340961.5313144,546621,0.1550000011920929
1606340967.214278,547287,0.12912912666797638
1606340971.6944227,547821,0.17790262401103973
1606341005.150249,551659,0.13584905862808228
1606341049.2765238,555853,0.1469999998807907
1606341081.653137,558985,0.14399999380111694
1606341092.6040063,559985,0.10599999874830246
1606341181.2388933,567869,0.08428245782852173
1606341220.848189,571776,0.12999999523162842
1606341313.3691356,580597,0.04936305806040764
1606341335.1896877,582597,0.08299999684095383
1606341505.777191,597882,0.05150214582681656
1606341509.593801,598181,0.08026755601167679
1606341550.908261,601584,0.03700000047683716
1606341552.8516428,601745,0.006211180239915848
1606341565.5539246,602745,0.03400000184774399
1606341785.4687977,617359,0.056910570710897446
1606341831.2641857,621521,0.09000000357627869
1606341881.410548,626260,0.029069768264889717
1606341882.1291087,626338,0.012820512987673283
1606342496.5705698,628798,0.18106995522975922
1606342504.2412214,629708,0.12813369929790497
1606342529.0506032,632534,0.13699999451637268
1606342539.375057,633731,0.1642710417509079
1606342708.334861,651975,0.12093628197908401
1606342719.6487901,653068,0.13500000536441803
1606342724.3525765,653595,0.1631205677986145
1606342764.1801732,657815,0.12096773833036423
1606342777.2911003,659191,0.1411290317773819
1606342815.8906534,663272,0.21739129722118378
1606342829.000881,664660,0.1257142871618271
1606342848.7053752,666716,0.13582342863082886
1606342902.1534789,672226,0.12956809997558594
1606342941.484669,676359,0.13300000131130219
1606343000.272222,681895,0.035999998450279236
1606343052.3587525,686594,0.03200000151991844
1606343062.4293256,687594,0.0560000017285347
1606343108.7729592,691690,0.02309468761086464
1606343196.6320457,699940,0.10100000351667404
1606343232.1609483,703138,0.062043797224760056
1606343242.6958876,704138,0.0430000014603138
1606343262.3433006,705973,0.14000000059604645
1606343307.1750865,709651,0.14499999582767487
1606343324.0958774,711106,0.18681319057941437
1606343349.6688285,713284,0.04494382068514824
1606343382.7427418,716284,0.11100000143051147
1606343409.7377062,718763,0.09000000357627869
1606343411.2195997,718905,0.028169013559818268
1606343560.927613,732003,0.0591016560792923
1606343671.7077136,742389,0.028999999165534973
1606343749.8436253,748922,0.09799999743700027
1606343768.7017436,750667,0.0796460211277008
1606343772.1489534,750965,0.09731543809175491
1606343788.7775106,752449,0.06086956337094307
1606343791.4136736,752688,0.10041841119527817
1606343928.8235872,764453,0.06756756454706192
1606343931.6079037,764691,0.09663865715265274
1606343953.574365,766703,0.0833333358168602
1606343964.4577618,767754,0.056410256773233414
1606343992.2691224,770108,0.03099999949336052
1606343994.014852,770242,0.04411764815449715
1606344009.16257,771430,0.04524886980652809
1606344052.3560767,775029,0.04800000041723251
1606344086.3446012,778216,0.04699999839067459
1606344211.7934074,790716,0.03333333507180214
1606344212.7833946,790809,0.032258063554763794
1606344255.9646606,795065,0.04545454680919647
1606344295.1979413,799109,0.03341288864612579
1606344297.9930637,799384,0.0181818176060915
1606344313.034022,800872,0.008510638028383255
1606344321.1583302,801697,0.023715414106845856
1606344321.9099262,801764,0.0
1606344355.4387329,805194,0.020999999716877937
1606344381.9528408,807903,0.014767932705581188
1606344425.4761403,812316,0.021834060549736023
1606344427.5277505,812516,0.08500000089406967
1606344436.77935,813422,0.043290045112371445
1606344492.358712,818907,0.05161290243268013
1606344511.664791,820908,0.01886792480945587
1606344512.5147512,820985,0.03896103799343109
1606344514.9330242,821229,0.01515151560306549
1606344538.0890443,823546,0.012820512987673283
1606344549.4189818,824672,0.0
1606344550.636964,824782,0.0181818176060915
1606344574.7933211,827268,0.012765957042574883
1606344594.686621,829377,0.013698630034923553
1606344599.6283624,829877,0.021897809579968452
1606344612.4366474,831198,0.11818181723356247
1606344742.117858,834736,0.03030303120613098
1606344766.7284493,837209,0.02976190485060215
1606344767.94438,837328,0.008403361774981022
1606344780.664161,838555,0.014492753893136978
1606344805.6477141,841066,0.030030030757188797
1606344847.3568304,845201,0.06612685322761536
1606344848.0997846,845267,0.01515151560306549
1606344852.5718453,845709,0.016597511246800423
1606344868.2230906,847269,0.014705882407724857
1606344887.281688,849219,0.020202020183205605
1606344890.8713636,849566,0.015544041059911251
1606344898.174406,850332,0.046783626079559326
1606344902.04183,850713,0.0051282052882015705
1606344915.6301184,852079,0.1617647111415863
1606344935.860397,854088,0.025882352143526077
1606344953.4100513,855866,0.02923976629972458
1606344960.7075903,856598,0.007751937955617905
1606344967.8864336,857327,0.008869179524481297
1606344972.088894,857745,0.016746411100029945
1606344990.4096315,859564,0.022346368059515953
1606344994.714232,860022,0.017467249184846878
1606345016.1963823,862244,0.021276595070958138
1606345019.720742,862600,0.00671140942722559
1606345020.893891,862722,0.008196720853447914
1606345021.620116,862788,0.04545454680919647
1606345025.4997041,863182,0.01552795059978962
1606345035.4769013,864178,0.00804289523512125
1606345056.8045752,866332,0.04359672963619232
1606345057.5892065,866399,0.0
1606345095.0988178,870270,0.015690376982092857
1606345096.5440867,870414,0.013888888992369175
1606345106.7705219,871424,0.10322580486536026
1606345118.6982634,872594,0.0
1606345125.9285967,873306,0.008620689623057842
1606345130.6590488,873760,0.01666666753590107
1606345142.3222222,874897,0.03214285895228386
1606345147.4256208,875416,0.02504817023873329
1606345155.8325803,876286,0.01904761977493763
1606345159.031418,876610,0.02469135820865631
1606345160.029824,876703,0.01075268816202879
1606345180.0692263,878693,0.0
1606345217.3733838,882467,0.03030303120613098
1606345244.7136686,885252,0.09620596468448639
1606345261.1403005,886855,0.04929577559232712
1606345281.7697093,888911,0.010101010091602802
1606345284.4479265,889168,0.011673151515424252
1606345346.6866522,892428,0.0
1606345382.4724948,896113,0.007299270015209913
1606345413.105273,899156,0.010028652846813202
1606345432.3365586,901149,0.01515151560306549
1606345435.145263,901435,0.014285714365541935
1606345447.231789,902667,0.007905138656497002
1606345480.079248,905950,0.010101010091602802
1606345480.6659484,906018,0.0
1606345482.7235992,906216,0.03030303120613098
1606345489.6692207,906923,0.0058309040032327175
1606345508.2115338,908851,0.006802720949053764
1606345529.7278426,911037,0.01515151560306549
1606345540.3813684,912137,0.0
1606345564.2400613,914498,0.006666666828095913
1606345564.9562328,914564,0.01515151560306549
1606345565.5512555,914630,0.01515151560306549
1606345616.5221426,919875,0.008097166195511818
1606345664.9013872,924790,0.018987340852618217
1606345674.5944374,925767,0.03030303120613098
1606345686.8379033,926960,0.011111111380159855
1606345702.3530023,928466,0.022304832935333252
1606345707.1580293,928926,0.0
1606345713.5528822,929581,0.010610079392790794
1606345725.64477,930835,0.017999999225139618
1606345739.2863805,932255,0.0078125
1606345749.432823,933323,0.016304347664117813
1606345751.8868608,933558,0.010416666977107525
1606345765.5869026,935004,0.006000000052154064
1606345772.7919416,935734,0.006451612804085016
1606345778.4910216,936287,0.017094017937779427
1606345796.3680115,938052,0.006666666828095913
1606345797.978253,938226,0.03030303120613098
1606345825.8932424,941061,0.0045045046135783195
1606345827.133541,941184,0.008130080997943878
1606345828.3035321,941303,0.0
1606345927.347314,946115,0.0036231884732842445
1606345934.9099917,946848,0.018450183793902397
1606345948.9056935,948290,0.011178861372172832
1606345971.640253,950647,0.013000000268220901
1606345972.2419004,950713,0.01515151560306549
1606345976.1292243,951100,0.023076923564076424
1606345979.3200336,951433,0.02247191034257412
1606345997.5602021,953417,0.011178861372172832
1606346021.498902,955894,0.004830917809158564
1606346023.759447,956113,0.0
1606346045.8343873,958412,0.00841514766216278
1606346053.4068508,959167,0.00716845877468586
1606346055.6162736,959381,0.0
1606346057.5877438,959566,0.04477611929178238
1606346068.1079576,960698,0.004999999888241291
1606346085.0525293,962624,0.007000000216066837
1606346140.5061345,968370,0.0
1606346179.3882637,972356,0.0
1606346181.853039,972613,0.015564202331006527
1606346183.5571547,972783,0.0117647061124444
1606346186.9461799,973131,0.024242423474788666
1606346188.577293,973286,0.012903225608170033
1606346193.6902306,973807,0.01807228848338127
1606346204.9471717,974983,0.004291845485568047
1606346215.2734776,976073,0.01515151560306549
1606346234.6169524,978101,0.011560693383216858
1606346248.9752843,979575,0.011627906933426857
1606346251.9878917,979861,0.04739336669445038
1606346274.8052135,982161,0.007936508394777775
1606346282.9137087,983007,0.0
1606346299.4512553,984811,0.09090909361839294
1606346306.1317637,985482,0.01515151560306549
1606346321.866564,987044,0.011945392936468124
1606346329.0653353,987771,0.012882447801530361
1606346338.1762347,988771,0.013000000268220901
1606346368.516105,991830,0.0
1606346378.4168327,992783,0.0
1606346380.8573484,993026,0.0
1606346393.9692717,994440,0.005215123761445284
1606346398.0880282,994863,0.009456264786422253
1606346408.8857982,995989,0.007692307699471712
1606346409.8286176,996080,0.0
1606346416.9905221,996795,0.007704160176217556
1606346423.9831505,997487,0.0181818176060915
1606346424.8966236,997572,0.15294118225574493
1606346445.4020193,999692,0.015841584652662277
1606346446.7129614,999829,0.0
1606346450.1508427,1000143,0.3030303120613098
1606346451.941269,1000336,0.007874015718698502
1606346454.456651,1000576,0.016393441706895828
1606346462.400338,1001384,0.09090909361839294
1606346490.5691261,1004274,0.08955223858356476
1606346493.2723966,1004540,0.019999999552965164
1606346495.6774712,1004779,0.0
1606346504.85085,1005779,0.007000000216066837
1606346544.77642,1006519,0.00917431153357029
1606346548.6095943,1006884,0.017094017937779427
1606346574.5971239,1009573,0.04545454680919647
1606346587.2611911,1010912,0.014000000432133675
1606346633.290079,1015658,0.013681592419743538
1606346650.3492367,1017436,0.0028490028344094753
1606346661.9092865,1018572,0.004615384619683027
1606346679.0222952,1020333,0.1666666716337204
1606346682.9242604,1020726,0.005089058540761471
1606346693.1031847,1021793,0.013000000268220901
1606346696.563906,1022136,0.0833333358168602
1606346697.9746938,1022258,0.0
1606346701.0086198,1022548,0.006172839552164078
1606346706.201505,1023059,0.004608294926583767
1606346710.6457257,1023485,0.004694835748523474
1606346741.3688545,1026706,0.015723271295428276
1606346757.479866,1028472,0.009999999776482582
1606346771.3153927,1029911,0.008310249075293541
1606346814.1856492,1034283,0.004999999888241291
1606346834.1399426,1036342,0.03030303120613098
1606346846.9314253,1037724,0.0022321429569274187
1606346884.3754203,1041489,0.009999999776482582
1606346902.8750274,1043292,0.0
1606346908.8062308,1043871,0.03105590119957924
1606346913.1338658,1044293,0.07352941483259201
1606346924.4962034,1045530,0.01006036251783371
1606346928.1965475,1045899,0.00542005430907011
1606346929.8108902,1046049,0.05999999865889549
1606346952.7865868,1048402,0.0070588234812021255
1606346953.889617,1048513,0.018018018454313278
1606346954.617767,1048579,0.06060606241226196
1606346957.7886288,1048901,0.014084506779909134
1606346987.4666002,1052013,0.009900989942252636
1606346989.0212967,1052152,0.014388489536941051
1606346995.6541688,1052839,0.011272141709923744
1606347014.115723,1054835,0.01149425283074379
1606347036.4704294,1057135,0.0038610037881881
1606347092.754921,1063019,0.3181818127632141
1606347131.8154168,1067075,0.23880596458911896
1606347143.150695,1068198,0.04545454680919647
1606347146.4366975,1068529,0.012084592133760452
1606347150.7409966,1068949,0.014245014637708664
1606347186.2747743,1070365,0.004545454401522875
1606347189.7605307,1070717,0.009900989942252636
1606347193.928438,1071110,0.005434782709926367
1606347217.8266342,1073511,0.0
1606347231.796978,1074862,0.0
1606347233.2689016,1075016,0.05844155699014664
1606347258.0149171,1077535,0.0058309040032327175
1606347274.7627816,1079288,0.0074349441565573215
1606347284.3750978,1080273,0.0033444815780967474
1606347285.0862908,1080339,0.01515151560306549
1606347287.9832547,1080621,0.009259259328246117
1606347298.1438947,1081715,0.0
1606347304.5664988,1082349,0.1204819306731224
1606347338.697512,1085781,0.0
1606347358.8472633,1087966,0.028985507786273956
1606347367.532722,1088966,0.006000000052154064
1606347407.1604733,1093201,0.0
1606347410.1936116,1093499,0.014925372786819935
1606347412.838695,1093749,0.08988764137029648
1606347417.8032286,1094275,0.017110265791416168
1606347418.570354,1094346,0.23943662643432617
1606347450.0653548,1097643,0.016949152573943138
1606347454.4432857,1098087,0.008474576286971569
1606347466.7368858,1099384,0.43939393758773804
1606347476.990883,1100434,0.003703703638166189
1606347486.874127,1101500,0.1666666716337204
1606347490.9227362,1101907,0.0
1606347494.53312,1102251,0.0
1606347510.1112125,1103828,0.01515151560306549
1606347518.761128,1104653,0.0
1606347532.088958,1106051,0.0
1606347539.1954334,1106757,0.005281690042465925
1606347555.4034114,1108500,0.0
1606347574.6355789,1110554,0.010869565419852734
1606347578.9862182,1110989,0.016091953963041306
1606347603.809496,1113532,0.02985074557363987
1606347605.4665935,1113683,0.0
1606347643.5344648,1117540,0.0
1606347644.106948,1117606,0.0
1606347652.1054173,1118467,0.012775842100381851
1606347653.5900939,1118629,0.006172839552164078
1606347681.6016617,1119920,0.009569377638399601
1606347688.9399965,1120647,0.0
1606347697.1985943,1121447,0.04672897234559059
1606347704.8732457,1122322,0.00342857139185071
1606347715.7812755,1123420,0.0
1606347730.5428934,1124971,0.006795017048716545
1606347740.3712816,1125976,0.009900989942252636
1606347752.1955688,1127225,0.19402985274791718
1606347756.9044783,1127658,0.04477611929178238
1606347760.1294148,1127945,0.006968641187995672
1606347771.237468,1129097,0.007692307699471712
1606347777.587361,1129774,0.06451612710952759
1606347787.2059817,1130709,0.010204081423580647
1606347794.3854575,1131384,0.0
1606347801.7537382,1132126,0.014778325334191322
1606347843.1920998,1136466,0.10396039485931396
1606347850.2318716,1137189,0.006779660936444998
1606347853.5749547,1137525,0.0
1606347876.0976481,1139899,0.012048192322254181
1606347883.2457292,1140590,0.0
1606347908.8937156,1143335,0.010101010091602802
1606347918.3057213,1144295,0.053921569138765335
1606347924.0023258,1144864,0.004201680887490511
1606347981.042166,1150728,0.0077821011655032635
1606348008.4611807,1153419,0.0
1606348009.47437,1153521,0.019607843831181526
1606348018.902603,1154501,0.0020283975172787905
1606348031.906304,1155895,0.0
1606348040.983394,1156791,0.0
1606348042.1796792,1156909,0.016949152573943138
1606348044.143188,1157103,0.005154639016836882
1606348046.3612456,1157329,0.013274336233735085
1606348054.826771,1158329,0.003000000026077032
1606348056.1856222,1158450,0.01652892492711544
1606348068.8670726,1159704,0.005524862091988325
1606348123.3232872,1165294,0.0036231884732842445
1606348124.0749402,1165362,0.2647058963775635
1606348125.419106,1165500,0.007246376946568489
1606348148.0272927,1166629,0.0
1606348177.8992403,1169673,0.04545454680919647
1606348182.2337117,1170126,0.0
1606348213.4253166,1173436,0.007874015718698502
1606348214.42548,1173531,0.0
1606348220.3335772,1174104,0.004761904943734407
1606348223.3906446,1174395,0.0
1606348224.214738,1174469,0.04054053872823715
1606348226.506944,1174663,0.0078125
1606348266.5158672,1178868,0.0
1606348282.5202465,1180489,0.005050505045801401
1606348287.3243742,1180951,0.04049844294786453
1606348293.4348376,1181582,0.0
1606348306.8968992,1182933,0.0
1606348312.790422,1183584,0.0015360983088612556
1606348322.2615778,1184537,0.007936508394777775
1606348329.5086443,1185298,0.0
1606348337.277848,1186168,0.002298850566148758
1606348357.787126,1188278,0.0
1606348361.199494,1188609,0.0
1606348366.4018915,1189109,0.0
1606348367.9276252,1189251,0.06060606241226196
1606348374.1806097,1189905,0.0
1606348385.6192238,1191176,0.017241379246115685
1606348414.7955196,1194201,0.0
1606348423.2634337,1195123,0.0
1606348424.8852127,1195278,0.0
1606348425.6244671,1195346,0.04411764815449715
1606348455.833219,1198538,0.0
1606348490.8089547,1202260,0.0
1606348515.0456347,1204889,0.0
1606348546.4889421,1208094,0.0037735849618911743
1606348577.4910672,1211386,0.0043431054800748825
1606348578.812823,1211522,0.0
1606348582.8476737,1211922,0.0
1606348598.5116243,1213524,0.011904762126505375
1606348613.779774,1215124,0.008948545902967453
1606348627.452097,1215842,0.0
1606348638.0922787,1216938,0.0
1606348646.7696931,1217900,0.0022421525791287422
1606348658.5722623,1219166,0.0010000000474974513
1606348666.2250319,1219963,0.0016447368543595076
1606348674.6235564,1220863,0.004885993432253599
1606348684.6785727,1221947,0.0012970168609172106
1606348688.6992362,1222365,0.0023923444095999002
1606348697.4707396,1223298,0.0
1606348707.961111,1224352,0.0
1606348710.1436257,1224573,0.0
1606348724.4218013,1226169,0.003000000026077032
1606348738.6423688,1227625,0.009661835618317127
1606348749.3616138,1228783,0.0
1606348750.4743915,1228896,0.0
1606348751.2576005,1228966,0.0
1606348760.7158804,1229904,0.0
1606348789.555621,1232962,0.0
1606348799.899238,1234109,0.0
1606348805.5463235,1234675,0.0026041667442768812
1606348807.33293,1234842,0.0
1606348810.0933828,1235130,0.0
1606348838.9340966,1238260,0.02857142873108387
1606348844.733489,1238829,0.0
1606348873.8530705,1241808,0.0
1606348885.4012332,1243055,0.0
1606348927.4036455,1247403,0.0
1606348959.9767425,1250765,0.003000000026077032
1606348960.561861,1250832,0.0
1606348977.4919772,1252621,0.0010000000474974513
1606348979.81698,1252851,0.0
1606348985.4287736,1253461,0.0021598271559923887
1606348988.9448283,1253816,0.0
1606349007.0722842,1255798,0.005291005130857229
1606349020.7691092,1257277,0.0
1606349028.4788234,1258135,0.0
1606349095.0502617,1265266,0.0
1606349116.0696125,1267547,0.0
1606349122.1667314,1268168,0.0
1606349239.2724206,1271821,0.0010000000474974513
1606349250.9145033,1272076,0.003921568859368563
1606349270.1342492,1274105,0.0038684720639139414
1606349273.0145564,1274386,0.0
1606349336.152397,1281003,0.0010000000474974513
1606349341.4792097,1281525,0.009389671497046947
1606349357.6213558,1283259,0.0
1606349372.4308505,1284926,0.0
1606349373.739956,1285042,0.0
1606349376.863011,1285356,0.0058139534667134285
1606349377.534216,1285433,0.0
1606349388.1346295,1286496,0.0029154520016163588
1606349417.520414,1289584,0.0
1606349434.524065,1291350,0.002610966097563505
1606349464.4950695,1294618,0.0
1606349466.6148088,1294825,0.0
1606349469.2864227,1295082,0.0
1606349482.3103538,1296511,0.0020000000949949026
1606349487.8218765,1297067,0.004629629664123058
1606349520.7774174,1300462,0.0022727272007614374
1606349523.789289,1300774,0.008333333767950535
1606349540.3086612,1302575,0.0
1606349556.9676337,1304299,0.0
1606349565.5732424,1305146,0.007575757801532745
1606349568.239723,1305431,0.0
1606349569.9900365,1305599,0.0
1606349577.039776,1306316,0.0
1606349586.769091,1307328,0.0
1606349612.6744642,1310138,0.0015455950051546097
1606349645.7003138,1313645,0.0010504202218726277
1606349665.9801648,1315797,0.0022624435368925333
1606349673.477203,1316543,0.0
1606349679.6654758,1317147,0.0038834952283650637
1606349692.798513,1318522,0.0
1606349708.5815582,1320117,0.0
1606349719.6718965,1321312,0.004000000189989805
1606349721.4636781,1321482,0.009615384973585606
1606349725.2856965,1321847,0.0
1606349756.2269237,1325137,0.003241491038352251
1606349888.636727,1329335,0.0
1606349908.7643359,1331515,0.0
1606349922.7848299,1333023,0.0
1606349947.972772,1335615,0.0
1606349952.9345398,1336097,0.0
1606349955.7534616,1336360,0.0
1606349970.3926146,1337920,0.0
1606349994.563105,1340523,0.0
1606350001.1698642,1341181,0.0
1606350014.1707575,1342625,0.0011668611550703645
1606350037.3537152,1345051,0.0
1606350038.817678,1345204,0.006535947788506746
1606350065.8104386,1348045,0.0012254902394488454
1606350092.1059294,1350895,0.0020000000949949026
1606350104.958844,1352304,0.0
1606350111.3423789,1353003,0.0
1606350118.7385044,1353744,0.0
1606350142.7769794,1356198,0.0
1606350152.739869,1357279,0.0029154520016163588
1606350175.7901304,1359699,0.0
1606350177.985549,1359904,0.01515151560306549
1606350181.27681,1360224,0.0
1606350183.8771222,1360464,0.0
1606350194.644477,1361553,0.0
1606350222.1728504,1364355,0.0
1606350226.6744688,1364829,0.0
1606350244.593545,1366783,0.0010000000474974513
1606350246.422366,1366961,0.00561797758564353
1606350249.7722871,1367288,0.0
1606350261.3936627,1368571,0.0035335689317435026
1606350270.79529,1369490,0.0
1606350271.7661166,1369583,0.0
1606350283.1667075,1370704,0.006410256493836641
1606350311.143515,1373730,0.0
1606350317.2236001,1374336,0.0
1606350349.3820357,1377688,0.0
1606350351.1424592,1377858,0.0
1606350374.0265548,1379136,0.0022522523067891598
1606350375.6957693,1379296,0.0
1606350427.9162436,1384945,0.0
1606350435.1421146,1385683,0.01123595517128706
1606350440.2763834,1386198,0.0
1606350448.7820802,1387074,0.0
1606350461.7688732,1388437,0.0020000000949949026
1606350466.704777,1388929,0.0
1606350489.5935576,1391214,0.0
1606350500.0032816,1392249,0.0
1606350501.68539,1392418,0.0
1606350530.9070644,1395477,0.0
1606350531.7297318,1395549,0.013888888992369175
1606350554.3773086,1397990,0.0
1606350580.5872843,1400868,0.0
1606350663.2362103,1409579,0.0
1606350687.492018,1412124,0.0
1606350692.9529617,1412686,0.0
1606350752.4105759,1419010,0.0
1606350755.602984,1419332,0.0
1606350762.2390754,1420004,0.005434782709926367
1606350765.8601942,1420382,0.0026455025654286146
1606350767.5915499,1420552,0.0
1606350793.0883167,1423350,0.008547008968889713
1606350802.5731075,1424379,0.0
1606350815.5400176,1425785,0.0020703934133052826
1606350858.5795224,1430559,0.0
1606350880.230109,1432863,0.0
1606350887.1807775,1433554,0.0
1606350907.0954187,1435597,0.0037174720782786608
1606350916.0773375,1436502,0.004878048785030842
1606350932.9053168,1438293,0.012658228166401386
1606350975.6275222,1442784,0.0
1606351032.2398906,1443446,0.0016949152341112494
1606351040.7161047,1443760,0.0
1606385861.9425545,1447160,0.15399999916553497
1606385889.5972116,1450535,0.14097362756729126
1606385916.3155866,1453676,0.1781609207391739
1606385934.3423746,1455676,0.16099999845027924
1606385993.6410816,1462585,0.11764705926179886
1606386010.3262527,1464585,0.13699999451637268
1606386018.1090727,1465519,0.17766498029232025
1606386086.446269,1473776,0.13456790149211884
1606386112.5207775,1476925,0.14141413569450378
1606386151.622064,1481605,0.16149067878723145
1606386172.5969179,1484117,0.14626556634902954
1606386203.7541356,1487910,0.14100000262260437
1606386221.408783,1490039,0.12740899622440338
1606386231.6436634,1491267,0.12280701845884323
1606386292.8095863,1498223,0.0
1606386293.9434762,1498345,0.0
1606386295.0268931,1498459,0.0
1606386306.2870255,1499684,0.002967359032481909
1606386310.1155276,1500097,0.0
1606386326.4985166,1501879,0.006493506487458944
1606386336.4849422,1502935,0.0
1606386351.4781597,1504582,0.0
1606386352.106814,1504656,0.0
1606386369.4504168,1506617,0.0
1606386400.3051023,1510139,0.0
1606386410.4192026,1511212,0.0
1606386423.9252286,1512671,0.0
1606386435.0982053,1513940,0.0
1606386465.8281333,1517241,0.0
1606386487.7711868,1519753,0.0
1606386525.265719,1524143,0.004566209856420755
1606386541.7893455,1526050,0.004878048785030842
1606386551.7138484,1527102,0.0
1606386569.1656897,1528113,0.0
1606386579.3845334,1529254,0.0
1606386580.2847433,1529343,0.0
1606386608.1581547,1532449,0.0
1606386610.249628,1532663,0.0
1606386645.1530712,1536707,0.014084506779909134
1606386648.3262537,1537053,0.0
1606386650.4101462,1537262,0.009569377638399601
1606386666.488153,1538974,0.0
1606386669.350069,1539275,0.013245033100247383
1606386677.6439774,1540275,0.0010000000474974513
1606386678.2068138,1540341,0.0
1606386678.9143088,1540407,0.0
1606386687.3976393,1541357,0.0015360983088612556
1606386689.7439299,1541592,0.0
1606386756.746897,1548970,0.0
1606386767.607765,1550233,0.0
1606386831.1815634,1557572,0.003636363660916686
1606386839.5462658,1558476,0.0
1606386847.971678,1559476,0.0020000000949949026
1606386859.2117321,1560769,0.0
1606386876.1106248,1562572,0.0
1606386888.828946,1563950,0.0031847134232521057
1606386898.704575,1564974,0.0
1606386994.8112943,1575651,0.0017301038606092334
1606387019.9394314,1578447,0.004739336669445038
1606387059.964283,1582969,0.0
1606387074.2841458,1584542,0.0
1606387094.595053,1586818,0.0
1606387095.6841083,1586932,0.0
1606387126.0442786,1590277,0.003322259057313204
1606387127.0080323,1590375,0.0
1606387130.9593155,1590788,0.003937007859349251
1606387135.1406713,1591207,0.0
1606387139.628677,1591651,0.0043290043249726295
1606387141.036794,1591775,0.008064515888690948
1606387192.1086671,1592410,0.0017636683769524097
1606387270.8919106,1600617,0.003000000026077032
1606387288.060441,1602515,0.0010000000474974513
1606387295.15788,1603250,0.0
1606387310.381784,1604939,0.002020202111452818
1606387327.3596752,1606858,0.0
1606387350.9873025,1609503,0.0
1606387376.8902555,1612417,0.0
1606387386.8447864,1613580,0.003000000026077032
1606387387.520278,1613658,0.025641025975346565
1606387414.5715296,1616656,0.0
1606387429.7266393,1618352,0.0
1606387480.6526072,1624035,0.0
1606387495.3249996,1625666,0.0
1606387507.936918,1627118,0.008196720853447914
1606387519.5040388,1628434,0.008403361774981022
1606387535.0690129,1630167,0.0
1606387540.0454993,1630705,0.0
1606387564.5609934,1633361,0.0026385225355625153
1606387575.8767457,1634600,0.0
1606387587.8800163,1635828,0.006369426846504211
1606387609.2391043,1638185,0.0
1606387629.6969314,1640497,0.0
1606387643.213341,1642005,0.008130080997943878
1606387654.3710647,1643187,0.011869436129927635
1606387695.034252,1647886,0.0020000000949949026
1606387699.1494637,1648284,0.007518797181546688
1606387724.3875906,1651033,0.0
1606387728.6911995,1651479,0.0
1606387775.1310823,1656782,0.0
1606387799.0931957,1659488,0.005681818351149559
1606387804.2069187,1660025,0.012820512987673283
1606387820.6842594,1660271,0.0
1606387824.0177016,1660646,0.0026666666381061077
1606387830.526738,1661302,0.0
1606387832.5031686,1661509,0.0
1606387835.4417439,1661829,0.0
1606387872.9688299,1665927,0.004807692486792803
1606387889.0096989,1667755,0.0
1606387892.1980712,1668095,0.0
1606387900.3239205,1669014,0.0
1606387921.9489937,1671388,0.0
1606387937.4915497,1673151,0.0
1606387954.559286,1675079,0.009803921915590763
1606387961.571778,1675830,0.0
1606387986.2179384,1678579,0.0
1606388031.2928813,1683730,0.0
1606388063.5309708,1687449,0.0020000000949949026
1606388073.8721027,1688550,0.0028901733458042145
1606388088.0936804,1690182,0.0018281536176800728
1606388114.3590958,1693129,0.0010000000474974513
1606388116.9656577,1693389,0.0057142856530845165
1606388167.9808748,1699322,0.0010000000474974513
1606388186.898856,1701528,0.004999999888241291
1606388188.6822832,1701695,0.0
1606388247.885102,1708216,0.0028735632076859474
1606388248.7692966,1708304,0.0
1606388265.5222678,1710235,0.0013422819320112467
1606388295.273416,1713544,0.0
1606388297.7209978,1713785,0.0
1606388337.7852323,1718318,0.0
1606388355.9221556,1720318,0.0020000000949949026
1606388356.6303298,1720384,0.0
1606388393.4401364,1724343,0.0035211266949772835
1606388398.0868893,1724814,0.004739336669445038
1606388400.6907103,1725078,0.0037878789007663727
1606388430.1236894,1728343,0.0
1606388440.5887237,1729514,0.0
1606388492.5548809,1735422,0.0010000000474974513
1606388508.0565908,1737163,0.0
1606388516.402324,1738122,0.0018382353009656072
1606388521.5540204,1738666,0.0
1606388570.7185001,1742491,0.0
1606388631.6259184,1749260,0.0
1606388646.2622604,1750922,0.0
1606388691.0576005,1756096,0.0024509804788976908
1606388724.5866613,1759809,0.002114164875820279
1606388755.406778,1763228,0.0
1606388770.5212457,1764855,0.0
1606388777.6272464,1765646,0.00358422938734293
1606388801.7602627,1768365,0.002518891589716077
1606388823.847039,1770679,0.0
1606388832.2896924,1771679,0.0020000000949949026
1606388833.6168506,1771821,0.0
1606388874.5485418,1776495,0.0
1606388938.2392454,1783353,0.0020833334419876337
1606388958.7688324,1785588,0.0
1606388982.648975,1788272,0.003911342937499285
1606388995.2609153,1789691,0.0
1606389001.4867926,1790358,0.0
1606389054.6621203,1796446,0.0020000000949949026
1606389070.2620823,1798236,0.004000000189989805
1606389087.4420807,1800159,0.0
1606389102.0210874,1801784,0.0
1606389103.9631467,1801983,0.0
1606389127.9687605,1804622,0.0
1606389132.6746578,1805082,0.0
1606389133.8991752,1805206,0.0
1606389136.831273,1805479,0.0
1606389147.8955698,1806728,0.0
1606389152.9139392,1807305,0.0
1606389155.8030365,1807614,0.0
1606389185.6792097,1811192,0.0
1606389195.3512304,1812279,0.00269905524328351
1606389209.4655921,1813840,0.003144653979688883
1606389211.1324325,1814002,0.006172839552164078
1606389220.1466324,1815002,0.0010000000474974513
1606389222.3952034,1815242,0.0
1606389238.043326,1817025,0.0012771391775459051
1606389246.401938,1817924,0.0
1606389250.4505548,1818381,0.0
1606389270.499913,1820611,0.005076142027974129
1606389281.9772549,1821816,0.0
1606389298.2763975,1823753,0.0
1606389318.9232445,1824526,0.0
1606389350.272993,1827920,0.00671140942722559
1606389369.276444,1829920,0.0
1606389371.3321354,1830134,0.0
1606389374.5648916,1830466,0.0
1606389401.3498023,1833401,0.006211180239915848
1606389436.9221506,1837421,0.0
1606389448.4455128,1838655,0.0
1606389472.5107052,1841314,0.0
1606389525.8917627,1847295,0.0010000000474974513
1606389543.8582613,1849307,0.0
1606389550.9116023,1850033,0.0
1606389562.7596006,1851297,0.0032573288772255182
1606389589.3722036,1854293,0.0
1606389617.8328106,1857453,0.00671140942722559
1606389625.9541953,1858337,0.004149377811700106
1606389635.4928527,1859456,0.0
1606389643.674159,1860359,0.0011074197245761752
1606389687.237552,1865289,0.0031152646988630295
1606389722.446314,1869154,0.0030534351244568825
1606389724.7376518,1869384,0.0
1606389766.746135,1874193,0.0
1606389801.722963,1877941,0.0
1606389811.7321172,1878972,0.0
1606389819.9511828,1879822,0.004566209856420755
1606389889.7574275,1887571,0.0010000000474974513
1606389931.6637013,1892270,0.0
1606389953.3836503,1894513,0.0
1606389956.8698692,1894877,0.002747252816334367
1606389978.4663954,1897256,0.0010787486098706722
1606389983.3365958,1897701,0.0
1606389988.2988071,1898194,0.0
1606390048.0894191,1904929,0.0010000000474974513
1606390080.3526185,1908627,0.0010000000474974513
1606390085.4814975,1909164,0.0028248587623238564
1606390169.4429147,1915228,0.005847953259944916
1606390194.6049726,1917933,0.0
1606390221.5475466,1920995,0.0
1606390233.9824417,1922389,0.0016181230312213302
1606390239.2743957,1922988,0.0
1606390254.9774761,1924751,0.001912045874632895
1606390261.6819558,1925437,0.00522193219512701
1606390317.6833534,1931722,0.0028208745643496513
1606390324.1973414,1932422,0.0018315018387511373
1606390332.6453834,1933422,0.0
1606390335.409431,1933722,0.0
1606390357.1249037,1936106,0.0
1606390386.870465,1939465,0.001703577465377748
1606390435.6915174,1944922,0.007575757801532745
1606390487.5534623,1950594,0.0010000000474974513
1606390529.044481,1955284,0.0
1606390544.487919,1956944,0.0
1606390553.0726311,1957944,0.0
1606390593.8443038,1962559,0.0
1606390638.6538005,1967628,0.003636363660916686
1606390656.4245272,1969642,0.0
1606390665.1664157,1970642,0.0010000000474974513
1606390677.9084644,1972083,0.0012468828354030848
1606390710.239498,1975797,0.0010000000474974513
1606390714.118045,1976218,0.0023752970155328512
1606390721.6752481,1977043,0.0
1606390750.744135,1980336,0.0
1606390758.0485296,1981107,0.0
1606390833.7633996,1989600,0.0020000000949949026
1606390864.6323779,1993014,0.001422475092113018
1606390903.159956,1997225,0.0010000000474974513
1606390943.517258,2001421,0.0
1606390962.8364546,2003369,0.0
1606390976.5262656,2004713,0.0
1606391059.265524,2013236,0.0
1606391218.743716,2018864,0.0
1606391233.385077,2020308,0.0
1606391237.9601464,2020775,0.004282655194401741
1606391292.0805998,2026567,0.005249343812465668
