Wall time,Step,Value
1604864769.4429314,3570,0.1509999930858612
1604864847.2721226,12580,0.12800000607967377
1604864880.7977414,16489,0.15399999916553497
1604864982.3800745,28534,0.1420000046491623
1604864988.910157,29312,0.12992125749588013
1604865001.5000029,30780,0.16042780876159668
1604865005.4417868,31247,0.1258992850780487
1604865031.3271587,34354,0.12816455960273743
1604865048.1555102,36383,0.1218026801943779
1604865129.2008686,45277,0.15625
1604865149.7627652,47512,0.15000000596046448
1604865167.1558242,49472,0.13725490868091583
1604865228.0824852,55329,0.009259259328246117
1604865281.624167,60245,0.03726708143949509
1604865289.0321488,60904,0.0746268630027771
1604865299.7145498,61904,0.02800000086426735
1604865356.8057225,67073,0.02800000086426735
1604865444.5567603,74918,0.032999999821186066
1604865510.4809053,81183,0.035573121160268784
1604865579.7571998,87364,0.029999999329447746
1604865608.8860726,90227,0.03669724613428116
1604865627.984968,92094,0.03500000014901161
1604865689.5453799,98060,0.05299999937415123
1604865690.8747249,98195,0.0962962955236435
1604865762.3637207,105062,0.039000000804662704
1604865797.533275,108030,0.05161290243268013
1604865805.4993412,108738,0.03903903812170029
1604865808.394206,109002,0.03787878900766373
1604865831.2212913,110902,0.07776261866092682
1604865886.4514115,115395,0.03400000184774399
1604865947.0358481,118988,0.05988023802638054
1604865959.0650258,119988,0.05299999937415123
1605029518.8797596,122790,0.15862807631492615
1605188288.5925875,123536,0.20967741310596466
1605188299.504597,124239,0.12015503644943237
1605188322.2818842,125217,0.1894736886024475
1605188331.8132453,125525,0.125
1605188405.6097617,126946,0.1150442510843277
1605188449.3439453,127546,0.10476190596818924
1605188483.1972609,127958,0.19696970283985138
1605188541.4291513,128562,0.17777778208255768
1605188581.3567297,128906,0.1764705926179886
1605188598.7483873,129068,0.1458333283662796
1605188827.3336356,130756,0.0845070406794548
1605188894.9767315,131161,0.11650485545396805
1605188912.849804,131260,0.08080808073282242
1605188976.0725033,131595,0.1617647111415863
1605189049.1510074,131969,0.14666666090488434
1605189076.3987477,132102,0.10447761416435242
1605189203.9819214,132661,0.07575757801532745
1605189222.9781005,132738,0.1428571492433548
1605189357.2587848,133235,0.09090909361839294
1605189468.392505,133583,0.24242424964904785
1605189891.103544,134217,0.1818181872367859
1605219902.7474065,136911,0.12941177189350128
1605219973.7767117,139164,0.1340206116437912
1605220303.3663588,141055,0.1498470902442932
1605220345.2595162,143251,0.10191082954406738
1605220349.7775419,143401,0.1785714328289032
1605220594.3033948,152994,0.1654135286808014
1605220603.0033674,153994,0.13500000536441803
1605220621.1417608,155994,0.14399999380111694
1605220651.9704788,159306,0.14338690042495728
1605220692.9686422,163941,0.15536722540855408
1605220710.324225,165858,0.15700000524520874
1605220714.371041,166305,0.17449665069580078
1605220731.446407,168160,0.1422155648469925
1605220764.484742,171738,0.15596330165863037
1605220813.2937782,176992,0.14923618733882904
1605220832.382294,178989,0.16107381880283356
1605220835.4134572,179304,0.16190476715564728
1605220883.9671514,184505,0.15299999713897705
1605220965.658626,193230,0.03995680436491966
1605220979.7808976,194634,0.024752475321292877
1605221067.7614334,203438,0.0555555559694767
1605221097.433875,206405,0.0671563446521759
1605221109.0661633,207563,0.08860759437084198
1605221120.4679902,208704,0.03488372266292572
1605221148.9065754,211582,0.06585365533828735
1605221171.7888772,213824,0.09461663663387299
1605221179.5945265,214595,0.03703703731298447
1605221206.0798275,217239,0.04500000178813934
1605221245.614888,221130,0.03999999910593033
1605221273.066069,223837,0.28333333134651184
1605221334.2382226,229895,0.12099999934434891
1605221363.9155953,232867,0.014705882407724857
1605221397.7926073,236343,0.15068493783473969
1605221418.0635307,238348,0.04600000008940697
1605221433.8911393,239870,0.04593639448285103
1605221440.2258909,240501,0.06493506580591202
1605221446.2459023,241119,0.05339805781841278
1605221452.9429789,241791,0.028985507786273956
1605221462.1878922,242735,0.05000000074505806
1605221472.2189171,243735,0.05900000035762787
1605221511.09047,246930,0.02140672691166401
1605221513.145872,247125,0.03589743748307228
1605221572.3030288,252935,0.0430000014603138
1605221615.563509,257298,0.0625
1605221628.7834094,258639,0.04699999839067459
1605221661.4072375,261921,0.09200000017881393
1605221689.9985154,264749,0.03999999910593033
1605221705.5856981,266272,0.042065009474754333
1605221763.244857,272061,0.052000001072883606
1605221817.4969628,277477,0.03999999910593033
1605221827.6147423,278477,0.050999999046325684
1605221843.2305257,280016,0.029999999329447746
1605221854.3694346,281096,0.03999999910593033
1605221855.681461,281230,0.09701492637395859
1605221863.84031,282025,0.03703703731298447
1605221919.396465,287513,0.07699999958276749
1605221938.717399,289445,0.08611825108528137
1605221974.495831,293015,0.04800000041723251
1605221995.617388,295127,0.03400000184774399
1605222013.5161679,296896,0.06956521421670914
1605222047.7811904,300259,0.05944798141717911
1605222049.6837869,300433,0.04022988677024841
1605222079.7787871,303426,0.03700000047683716
1605222111.327845,306562,0.07246376574039459
1605222188.6755228,314351,0.04399999976158142
1605222225.1500933,317905,0.08500000089406967
1605222231.1433313,318478,0.0535714291036129
1605222269.4642003,322316,0.05147058889269829
1605222294.1505153,324809,0.06783919781446457
1605222318.403722,327250,0.054999999701976776
1605222319.1882281,327321,0.11267605423927307
1605222325.720195,327961,0.08281250298023224
1605222373.8550625,332662,0.03099999949336052
1605222421.9207633,337380,0.014925372786819935
1605222439.3277595,339083,0.04399999976158142
1605222449.5450625,340083,0.05000000074505806
1605222480.4789882,343206,0.044914133846759796
1605222501.5896304,345294,0.05972222238779068
1605222522.3232508,347336,0.09440559148788452
1605222530.1511981,348101,0.05751634016633034
1605222558.6474493,350946,0.039000000804662704
1605222627.8557942,357665,0.07285546511411667
1605222656.20626,360418,0.037542663514614105
1605222666.3722417,361418,0.027000000700354576
1605222673.977149,362159,0.028340080752968788
1605222682.1847131,362944,0.08411215245723724
1605222686.337971,363342,0.027638191357254982
1605222733.2961009,367903,0.13895216584205627
1605222757.431397,370275,0.1547619104385376
1605222764.3415735,370955,0.0941176488995552
1605222775.9338994,372076,0.11433757096529007
1605222795.9231071,374076,0.054999999701976776
1605287640.1334925,375066,0.12656466662883759
1605287646.9160492,375829,0.15072083473205566
1605287656.1271527,376829,0.14800000190734863
1605287677.7330232,379162,0.13099999725818634
1605287697.6781588,381534,0.14403292536735535
1605287712.6797585,383212,0.1324041783809662
1605287713.925836,383358,0.15753424167633057
1605287722.2570965,384358,0.1289999932050705
1605287741.2272367,386590,0.15789473056793213
1605287809.0272992,394515,0.15730337798595428
1605287827.9449544,396647,0.14900000393390656
1605287831.2202337,397025,0.15789473056793213
1605287850.0846243,399194,0.11029411852359772
1605287967.395633,412880,0.16300000250339508
1605287975.7617118,413813,0.14977973699569702
1605287996.4826186,416171,0.20895522832870483
1605288011.3995905,417843,0.1383928507566452
1605288022.5859482,419131,0.13701923191547394
1605288026.0767672,419532,0.1492537260055542
1605288075.3278341,424695,0.0
1605288126.9600942,429572,0.07000000029802322
1605288144.526301,431151,0.05220883712172508
1605288196.5066495,435774,0.07446808367967606
1605288205.7358751,436669,0.03465346619486809
1605288260.7117283,441893,0.05364806950092316
1605288275.1503248,443240,0.11528822034597397
1605288298.9276469,445482,0.11983471363782883
1605288320.9484074,447558,0.10526315867900848
1605288385.9540682,453745,0.026000000536441803
1605288396.562665,454745,0.06300000101327896
1605288429.7236505,457745,0.041999999433755875
1605288498.3203347,463711,0.05206942558288574
1605288524.7045205,466200,0.041999999433755875
1605288612.8791769,474090,0.04858299717307091
1605288656.3344316,477998,0.04399999976158142
1605288682.1258767,480309,0.05144694447517395
1605288683.294925,480412,0.08737864345312119
1605288757.944191,487067,0.07999999821186066
1605288762.1713107,487433,0.06284152716398239
1605288789.3436296,489844,0.09000000357627869
1605288811.909953,491844,0.07500000298023224
1605288813.9012225,491975,0.09923664480447769
1605288848.6958275,495064,0.08900000154972076
1605288849.6258647,495144,0.0625
1605288878.5448549,497590,0.044843047857284546
1605288890.3799107,498456,0.047344110906124115
1606340565.715791,502551,0.14935064315795898
1606340593.6147366,504232,0.16190476715564728
1606340608.9541087,505997,0.12156862765550613
1606340623.8528693,507735,0.14000000059604645
1606340625.730677,507956,0.10407239943742752
1606340677.815124,513938,0.14339622855186462
1606340694.8706293,515929,0.13349515199661255
1606340735.0689979,520464,0.10309278219938278
1606340739.2519226,520957,0.1931818127632141
1606340753.311893,522527,0.15931372344493866
1606340772.044006,524678,0.16314199566841125
1606340803.2427802,528349,0.15555556118488312
1606340865.20992,535591,0.1336842179298401
1606340885.454088,537953,0.16199377179145813
1606340905.0907564,540192,0.16839377582073212
1606340910.1900694,540761,0.18654434382915497
1606340914.7769406,541270,0.09090909361839294
1606340930.031797,543000,0.17258882522583008
1606340936.3741589,543709,0.11949685215950012
1606340961.5309837,546621,0.1599999964237213
1606340967.2140512,547287,0.15315315127372742
1606340971.6942298,547821,0.1254681646823883
1606341005.1501138,551659,0.15849056839942932
1606341049.276192,555853,0.04500000178813934
1606341081.6528394,558985,0.04500000178813934
1606341092.6036983,559985,0.04100000113248825
1606341181.2386787,567869,0.10478360205888748
1606341220.8478658,571776,0.06400000303983688
1606341313.3688974,580597,0.047770701348781586
1606341335.1893678,582597,0.05900000035762787
1606341505.7770379,597882,0.07296137511730194
1606341509.5936227,598181,0.06688962876796722
1606341550.90789,601584,0.0989999994635582
1606341552.8514907,601745,0.13664595782756805
1606341565.553587,602745,0.06199999898672104
1606341785.4686344,617359,0.04878048598766327
1606341831.2638152,621521,0.08699999749660492
1606341881.4104095,626260,0.029069768264889717
1606341882.129,626338,0.03846153989434242
1606342496.5704455,628798,0.1111111119389534
1606342504.240961,629708,0.18105849623680115
1606342529.0501447,632534,0.1550000011920929
1606342539.3748853,633731,0.12731006741523743
1606342708.334589,651975,0.1495448648929596
1606342719.6484642,653068,0.16200000047683716
1606342724.352437,653595,0.13475176692008972
1606342764.1800604,657815,0.16935484111309052
1606342777.2908332,659191,0.15188172459602356
1606342815.8904915,663272,0.1304347813129425
1606342829.0007215,664660,0.1428571492433548
1606342848.7051747,666716,0.13412563502788544
1606342902.1533184,672226,0.11960133165121078
1606342941.4843209,676359,0.15000000596046448
1606343000.2718604,681895,0.03400000184774399
1606343052.3584495,686594,0.03099999949336052
1606343062.4290125,687594,0.03799999877810478
1606343108.772444,691690,0.04618937522172928
1606343196.6317267,699940,0.04600000008940697
1606343232.1606753,703138,0.036496348679065704
1606343242.6954973,704138,0.04399999976158142
1606343262.3429832,705973,0.050999999046325684
1606343307.174649,709651,0.07599999755620956
1606343324.0956738,711106,0.050549451261758804
1606343349.6686783,713284,0.12359550595283508
1606343382.7424068,716284,0.19900000095367432
1606343409.7373145,718763,0.05299999937415123
1606343411.2194674,718905,0.2042253464460373
1606343560.9274163,732003,0.17257682979106903
1606343671.7073631,742389,0.03799999877810478
1606343749.8433375,748922,0.05700000002980232
1606343768.7015991,750667,0.09734513610601425
1606343772.1486952,750965,0.06711409240961075
1606343788.7772207,752449,0.14492753148078918
1606343791.4135227,752688,0.142259418964386
1606343928.8233883,764453,0.1270270198583603
1606343931.6077635,764691,0.07563025504350662
1606343953.5742295,766703,0.07575757801532745
1606343964.4576147,767754,0.0923076942563057
1606343992.2687607,770108,0.06499999761581421
1606343994.0147295,770242,0.05882352963089943
1606344009.162346,771430,0.1085972860455513
1606344052.3557432,775029,0.04500000178813934
1606344086.3442981,778216,0.039000000804662704
1606344211.7932625,790716,0.16249999403953552
1606344212.7832856,790809,0.07526881992816925
1606344255.9645524,795065,0.1515151560306549
1606344295.1977594,799109,0.09307876229286194
1606344297.9929109,799384,0.11636363714933395
1606344313.0338695,800872,0.1531914919614792
1606344321.1580756,801697,0.20553359389305115
1606344321.909823,801764,0.08955223858356476
1606344355.4384263,805194,0.20999999344348907
1606344381.9526465,807903,0.10126582533121109
1606344425.4759932,812316,0.19213974475860596
1606344427.527614,812516,0.2849999964237213
1606344436.7791944,813422,0.1341991275548935
1606344492.3585403,818907,0.08817204087972641
1606344511.66467,820908,0.18867924809455872
1606344512.5146434,820985,0.27272728085517883
1606344514.9329216,821229,0.1818181872367859
1606344538.0889394,823546,0.08974359184503555
1606344549.418869,824672,0.18918919563293457
1606344550.6368413,824782,0.145454540848732
1606344574.7931855,827268,0.08085106313228607
1606344594.6863625,829377,0.17123287916183472
1606344599.6282454,829877,0.21897810697555542
1606344612.4365442,831198,0.072727270424366
1606344742.117725,834736,0.13636364042758942
1606344766.728287,837209,0.1071428582072258
1606344767.9442575,837328,0.11764705926179886
1606344780.6640625,838555,0.10144927352666855
1606344805.647566,841066,0.11411411315202713
1606344847.3565857,845201,0.08771929889917374
1606344848.099671,845267,0.1515151560306549
1606344852.5716972,845709,0.14522822201251984
1606344868.222977,847269,0.1764705926179886
1606344887.2815485,849219,0.16498316824436188
1606344890.8712468,849566,0.1865285038948059
1606344898.1742818,850332,0.15789473056793213
1606344902.0416899,850713,0.22051282227039337
1606344915.6299992,852079,0.125
1606344935.8602278,854088,0.15294118225574493
1606344953.409926,855866,0.1520467847585678
1606344960.7074819,856598,0.22480620443820953
1606344967.8862667,857327,0.20177383720874786
1606344972.0887122,857745,0.14593301713466644
1606344990.409357,859564,0.17458100616931915
1606344994.7140565,860022,0.16157205402851105
1606345016.19625,862244,0.23404255509376526
1606345019.7206178,862600,0.11409395933151245
1606345020.8937776,862722,0.1803278625011444
1606345021.6200132,862788,0.03030303120613098
1606345025.4995513,863182,0.15838509798049927
1606345035.4767327,864178,0.12868632376194
1606345056.8044086,866332,0.10354223102331161
1606345057.5891008,866399,0.17910447716712952
1606345095.0982714,870270,0.14121338725090027
1606345096.5439537,870414,0.2152777761220932
1606345106.770411,871424,0.17419354617595673
1606345118.698148,872594,0.0972222238779068
1606345125.9284906,873306,0.12068965286016464
1606345130.6589305,873760,0.18333333730697632
1606345142.3220735,874897,0.22857142984867096
1606345147.4254155,875416,0.10982658714056015
1606345155.8324668,876286,0.13333334028720856
1606345159.0312622,876610,0.1635802537202835
1606345160.0297136,876703,0.1827957034111023
1606345180.0691211,878693,0.11578947305679321
1606345217.373284,882467,0.10606060922145844
1606345244.713392,885252,0.2018970251083374
1606345261.1401744,886855,0.2042253464460373
1606345281.7695951,888911,0.16161616146564484
1606345284.4477713,889168,0.17120622098445892
1606345346.686526,892428,0.1041666641831398
1606345382.4722366,896113,0.2457420974969864
1606345413.1050072,899156,0.19197708368301392
1606345432.336453,901149,0.1515151560306549
1606345435.1451538,901435,0.10000000149011612
1606345447.2316551,902667,0.13438735902309418
1606345480.0791447,905950,0.16161616146564484
1606345480.6658435,906018,0.0882352963089943
1606345482.7234902,906216,0.1818181872367859
1606345489.6690562,906923,0.14868804812431335
1606345508.211408,908851,0.11564625799655914
1606345529.7277336,911037,0.13636364042758942
1606345540.3812568,912137,0.10370370000600815
1606345564.239943,914498,0.15333333611488342
1606345564.9561307,914564,0.12121212482452393
1606345565.5511572,914630,0.19696970283985138
1606345616.5220084,919875,0.21862348914146423
1606345664.9012709,924790,0.1708860695362091
1606345674.5943286,925767,0.22727273404598236
1606345686.8377607,926960,0.25555557012557983
1606345702.3528464,928466,0.19702602922916412
1606345707.1579177,928926,0.1367521435022354
1606345713.5527303,929581,0.14588859677314758
1606345725.6442204,930835,0.10599999874830246
1606345739.286261,932255,0.15625
1606345749.4327033,933323,0.14130434393882751
1606345751.8867056,933558,0.1458333283662796
1606345765.586542,935004,0.15299999713897705
1606345772.791832,935734,0.1548387110233307
1606345778.4908767,936287,0.19230769574642181
1606345796.3678896,938052,0.25333333015441895
1606345797.978153,938226,0.22727273404598236
1606345825.89312,941061,0.21171170473098755
1606345827.133387,941184,0.24390244483947754
1606345828.303421,941303,0.15126051008701324
1606345927.3471537,946115,0.21014492213726044
1606345934.9098408,946848,0.15867158770561218
1606345948.905353,948290,0.1463414579629898
1606345971.6399176,950647,0.210999995470047
1606345972.2417903,950713,0.10606060922145844
1606345976.1291046,951100,0.13846154510974884
1606345979.3198817,951433,0.19475655257701874
1606345997.559913,953417,0.10873983800411224
1606346021.4987516,955894,0.1497584581375122
1606346023.759327,956113,0.30718955397605896
1606346045.8340857,958412,0.2187938243150711
1606346053.406693,959167,0.1505376398563385
1606346055.6161792,959381,0.18518517911434174
1606346057.5876367,959566,0.10447761416435242
1606346068.1076362,960698,0.1979999989271164
1606346085.0522301,962624,0.13300000131130219
1606346140.5060225,968370,0.5333333611488342
1606346179.3881445,972356,0.3181818127632141
1606346181.852898,972613,0.22568093240261078
1606346183.5570347,972783,0.2294117659330368
1606346186.946066,973131,0.13333334028720856
1606346188.577167,973286,0.0903225839138031
1606346193.6900575,973807,0.1897590309381485
1606346204.9470232,974983,0.17167381942272186
1606346215.2733755,976073,0.21212121844291687
1606346234.6168363,978101,0.18497109413146973
1606346248.9750278,979575,0.15843023359775543
1606346251.987758,979861,0.20379146933555603
1606346274.8050761,982161,0.2420634925365448
1606346282.9135952,983007,0.1818181872367859
1606346299.4511385,984811,0.1818181872367859
1606346306.1316595,985482,0.21212121844291687
1606346321.8663523,987044,0.23208190500736237
1606346329.06512,987771,0.29307568073272705
1606346338.1759307,988771,0.24699999392032623
1606346368.5160034,991830,0.22727273404598236
1606346378.4166892,992783,0.13483145833015442
1606346380.8572419,993026,0.17142857611179352
1606346393.9690132,994440,0.1590612828731537
1606346398.0878654,994863,0.2529550790786743
1606346408.8855848,995989,0.2730769217014313
1606346409.8285067,996080,0.17582418024539948
1606346416.990296,996795,0.32203391194343567
1606346423.9830403,997487,0.3272727131843567
1606346424.8964999,997572,0.16470588743686676
1606346445.4017937,999692,0.22970296442508698
1606346446.7128391,999829,0.24087591469287872
1606346450.150711,1000143,0.1515151560306549
1606346451.9411643,1000336,0.3779527544975281
1606346454.4565372,1000576,0.23770491778850555
1606346462.4002228,1001384,0.3787878751754761
1606346490.5690186,1004274,0.28358209133148193
1606346493.2722707,1004540,0.16500000655651093
1606346495.6773584,1004779,0.23529411852359772
1606346504.8505197,1005779,0.18000000715255737
1606346544.776306,1006519,0.20183485746383667
1606346548.6094737,1006884,0.1367521435022354
1606346574.597029,1009573,0.22727273404598236
1606346587.2608733,1010912,0.16099999845027924
1606346633.2898219,1015658,0.20398010313510895
1606346650.349063,1017436,0.17094017565250397
1606346661.9090443,1018572,0.3123076856136322
1606346679.0221827,1020333,0.1515151560306549
1606346682.9240787,1020726,0.29262086749076843
1606346693.1028738,1021793,0.29100000858306885
1606346696.5637877,1022136,0.25
1606346697.9745505,1022258,0.15573769807815552
1606346701.00849,1022548,0.17283950746059418
1606346706.2013774,1023059,0.16129031777381897
1606346710.6455467,1023485,0.2112676054239273
1606346741.3687072,1026706,0.2012578547000885
1606346757.4795816,1028472,0.3009999990463257
1606346771.315231,1029911,0.21883656084537506
1606346814.185516,1034283,0.23499999940395355
1606346834.1398222,1036342,0.13636364042758942
1606346846.9312625,1037724,0.1741071492433548
1606346884.3750968,1041489,0.19599999487400055
1606346902.8748713,1043292,0.18051576614379883
1606346908.8061092,1043871,0.21118012070655823
1606346913.1337664,1044293,0.22058823704719543
1606346924.4959028,1045530,0.24245472252368927
1606346928.1963964,1045899,0.20054200291633606
1606346929.810724,1046049,0.14666666090488434
1606346952.7863922,1048402,0.19294117391109467
1606346953.8895056,1048513,0.1621621549129486
1606346954.6176658,1048579,0.21212121844291687
1606346957.7885213,1048901,0.19718310236930847
1606346987.466478,1052013,0.21782177686691284
1606346989.0211792,1052152,0.15107913315296173
1606346995.6538622,1052839,0.1948470175266266
1606347014.1155958,1054835,0.16091954708099365
1606347036.4702785,1057135,0.2664092779159546
1606347092.754811,1063019,0.1515151560306549
1606347131.8153102,1067075,0.2238806039094925
1606347143.150597,1068198,0.25757575035095215
1606347146.4365373,1068529,0.21148036420345306
1606347150.7408268,1068949,0.17094017565250397
1606347186.274636,1070365,0.16363635659217834
1606347189.7603545,1070717,0.13861386477947235
1606347193.9283185,1071110,0.15217390656471252
1606347217.8265102,1073511,0.1683168262243271
1606347231.796878,1074862,0.21794871985912323
1606347233.2687886,1075016,0.1428571492433548
1606347258.0147367,1077535,0.18367347121238708
1606347274.7626479,1079288,0.21561338007450104
1606347284.3749528,1080273,0.12374582141637802
1606347285.0861754,1080339,0.12121212482452393
1606347287.9831092,1080621,0.23148147761821747
1606347298.1437771,1081715,0.25531914830207825
1606347304.5663884,1082349,0.10843373835086823
1606347338.6974025,1085781,0.22857142984867096
1606347358.847162,1087966,0.260869562625885
1606347367.5324278,1088966,0.13699999451637268
1606347407.1602414,1093201,0.1990291327238083
1606347410.1935058,1093499,0.3283582031726837
1606347412.838589,1093749,0.16853933036327362
1606347417.8029952,1094275,0.15019011497497559
1606347418.570244,1094346,0.0422535203397274
1606347450.0652225,1097643,0.1355932205915451
1606347454.4431524,1098087,0.2542372941970825
1606347466.7367806,1099384,0.09090909361839294
1606347476.9907255,1100434,0.1518518477678299
1606347486.874032,1101500,0.19696970283985138
1606347490.922592,1101907,0.14482758939266205
1606347494.5329704,1102251,0.1818181872367859
1606347510.1111042,1103828,0.1666666716337204
1606347518.7609825,1104653,0.18799999356269836
1606347532.0888464,1106051,0.25600001215934753
1606347539.1952312,1106757,0.18133802711963654
1606347555.403291,1108500,0.1764705926179886
1606347574.6354651,1110554,0.239130437374115
1606347578.986048,1110989,0.08965517580509186
1606347603.8093872,1113532,0.16417910158634186
1606347605.4664848,1113683,0.23529411852359772
1606347643.5343533,1117540,0.1428571492433548
1606347644.106847,1117606,0.10606060922145844
1606347652.1051216,1118467,0.15447154641151428
1606347653.5899665,1118629,0.15432098507881165
1606347681.6015286,1119920,0.13875597715377808
1606347688.9398305,1120647,0.1919642835855484
1606347697.1984806,1121447,0.1962616890668869
1606347704.8729093,1122322,0.2582857012748718
1606347715.781157,1123420,0.290909081697464
1606347730.5426106,1124971,0.16194790601730347
1606347740.3711758,1125976,0.1782178282737732
1606347752.1954768,1127225,0.2537313401699066
1606347756.9043648,1127658,0.2537313401699066
1606347760.1292365,1127945,0.24738675355911255
1606347771.2373638,1129097,0.16923077404499054
1606347777.5872402,1129774,0.1827957034111023
1606347787.2058716,1130709,0.16326530277729034
1606347794.3853467,1131384,0.3392857015132904
1606347801.7536166,1132126,0.2463054209947586
1606347843.1919632,1136466,0.11881188303232193
1606347850.2317097,1137189,0.11186441034078598
1606347853.5748098,1137525,0.1858736127614975
1606347876.097508,1139899,0.22891566157341003
1606347883.2456346,1140590,0.2222222238779068
1606347908.8935926,1143335,0.24242424964904785
1606347918.3055851,1144295,0.1764705926179886
1606347924.0021775,1144864,0.17226891219615936
1606347981.0419898,1150728,0.143968865275383
1606348008.4610727,1153419,0.28947368264198303
1606348009.4742596,1153521,0.19607843458652496
1606348018.9024234,1154501,0.22109533846378326
1606348031.906198,1155895,0.3181818127632141
1606348040.9832714,1156791,0.20879121124744415
1606348042.1795716,1156909,0.2288135588169098
1606348044.143042,1157103,0.1855670064687729
1606348046.3610878,1157329,0.2743362784385681
1606348054.8264878,1158329,0.2460000067949295
1606348056.1855018,1158450,0.24793387949466705
1606348068.8669455,1159704,0.24861878156661987
1606348123.3231359,1165294,0.19927535951137543
1606348124.0748067,1165362,0.20588235557079315
1606348125.4189832,1165500,0.21739129722118378
1606348148.027181,1166629,0.25
1606348177.8991203,1169673,0.21590909361839294
1606348182.2335875,1170126,0.2083333283662796
1606348213.4252088,1173436,0.11811023950576782
1606348214.4253705,1173531,0.23157894611358643
1606348220.3334455,1174104,0.15714286267757416
1606348223.3905435,1174395,0.08510638028383255
1606348224.2146301,1174469,0.20270270109176636
1606348226.5068295,1174663,0.21875
1606348266.5157657,1178868,0.2112676054239273
1606348282.5201075,1180489,0.24242424964904785
1606348287.3242364,1180951,0.1682243049144745
1606348293.4346962,1181582,0.2751677930355072
1606348306.8967924,1182933,0.1818181872367859
1606348312.7902048,1183584,0.19508448243141174
1606348322.2614608,1184537,0.2698412835597992
1606348329.5084207,1185298,0.24485981464385986
1606348337.2775502,1186168,0.22068965435028076
1606348357.7870014,1188278,0.17751479148864746
1606348361.1993856,1188609,0.16049382090568542
1606348366.401795,1189109,0.19696970283985138
1606348367.9275274,1189251,0.24242424964904785
1606348374.1804903,1189905,0.15671642124652863
1606348385.61911,1191176,0.1034482792019844
1606348414.795369,1194201,0.14983713626861572
1606348423.2633202,1195123,0.17142857611179352
1606348424.885096,1195278,0.16774193942546844
1606348425.624362,1195346,0.2647058963775635
1606348455.833095,1198538,0.14084507524967194
1606348490.808801,1202260,0.15691488981246948
1606348515.0454996,1204889,0.16450215876102448
1606348546.4888003,1208094,0.2339622676372528
1606348577.49074,1211386,0.2801302969455719
1606348578.812711,1211522,0.24264705181121826
1606348582.847574,1211922,0.1515151560306549
1606348598.5115094,1213524,0.130952388048172
1606348613.7796006,1215124,0.2975391447544098
1606348627.4519777,1215842,0.280303031206131
1606348638.0921035,1216938,0.18918919563293457
1606348646.7694106,1217900,0.2858744263648987
1606348658.5719762,1219166,0.2750000059604645
1606348666.2248259,1219963,0.2253289520740509
1606348674.623338,1220863,0.21335504949092865
1606348684.678303,1221947,0.28145265579223633
1606348688.6990643,1222365,0.2511961758136749
1606348697.4706178,1223298,0.24170616269111633
1606348707.9609795,1224352,0.26829269528388977
1606348710.1435187,1224573,0.4029850661754608
1606348724.4215205,1226169,0.19499999284744263
1606348738.6421921,1227625,0.19082126021385193
1606348749.3614902,1228783,0.20792078971862793
1606348750.4742696,1228896,0.17699114978313446
1606348751.2574928,1228966,0.27142858505249023
1606348760.7157626,1229904,0.2750000059604645
1606348789.5555158,1232962,0.21212121844291687
1606348799.8991184,1234109,0.1627907007932663
1606348805.5461662,1234675,0.3020833432674408
1606348807.3328164,1234842,0.17000000178813934
1606348810.0932686,1235130,0.25641027092933655
1606348838.9339924,1238260,0.05714285746216774
1606348844.7333717,1238829,0.24242424964904785
1606348873.852958,1241808,0.18918919563293457
1606348885.4011157,1243055,0.19780220091342926
1606348927.4035196,1247403,0.15730337798595428
1606348959.9764621,1250765,0.3059999942779541
1606348960.56176,1250832,0.2238806039094925
1606348977.491702,1252621,0.289000004529953
1606348979.8168473,1252851,0.20434781908988953
1606348985.428597,1253461,0.2786177098751068
1606348988.9446993,1253816,0.1865285038948059
1606349007.0720193,1255798,0.25925925374031067
1606349020.7689776,1257277,0.17613635957241058
1606349028.478672,1258135,0.1818181872367859
1606349095.050147,1265266,0.1599999964237213
1606349116.0695121,1267547,0.2777777910232544
1606349122.1666033,1268168,0.26455026865005493
1606349239.2720528,1271821,0.2750000059604645
1606349250.914351,1272076,0.27450981736183167
1606349270.134047,1274105,0.27079305052757263
1606349273.0144467,1274386,0.1931818127632141
1606349336.1521144,1281003,0.26499998569488525
1606349341.4790606,1281525,0.20187793672084808
1606349357.6212575,1283259,0.23255814611911774
1606349372.4307122,1284926,0.3571428656578064
1606349373.7398193,1285042,0.2586206793785095
1606349376.862886,1285356,0.2383720874786377
1606349377.5341105,1285433,0.33766233921051025
1606349388.1344883,1286496,0.20408163964748383
1606349417.520309,1289584,0.3731343150138855
1606349434.5238957,1291350,0.37336814403533936
1606349464.4949648,1294618,0.3484848439693451
1606349466.6146963,1294825,0.3246753215789795
1606349469.28629,1295082,0.21989528834819794
1606349482.3100455,1296511,0.3109999895095825
1606349487.8217442,1297067,0.19907407462596893
1606349520.7772439,1300462,0.2181818187236786
1606349523.7891543,1300774,0.17916665971279144
1606349540.308561,1302575,0.2839506268501282
1606349556.967536,1304299,0.3205128312110901
1606349565.5731068,1305146,0.2651515007019043
1606349568.2395875,1305431,0.20701754093170166
1606349569.9899013,1305599,0.2142857164144516
1606349577.0396793,1306316,0.2238806039094925
1606349586.7689002,1307328,0.24015748500823975
1606349612.6741104,1310138,0.2333848476409912
1606349645.7000206,1313645,0.3792016804218292
1606349665.9799833,1315797,0.3303167521953583
1606349673.4770722,1316543,0.19565217196941376
1606349679.6652052,1317147,0.43495145440101624
1606349692.7984014,1318522,0.2083333283662796
1606349708.5814092,1320117,0.25525525212287903
1606349719.6716185,1321312,0.3880000114440918
1606349721.4635491,1321482,0.18269230425357819
1606349725.285591,1321847,0.34939759969711304
1606349756.2266672,1325137,0.1880064755678177
1606349888.6365955,1329335,0.23157894611358643
1606349908.7640288,1331515,0.33412042260169983
1606349922.7846174,1333023,0.22204214334487915
1606349947.9726627,1335615,0.2857142984867096
1606349952.9344194,1336097,0.18539325892925262
1606349955.7533514,1336360,0.20202019810676575
1606349970.3924649,1337920,0.3601107895374298
1606349994.562997,1340523,0.1734693944454193
1606350001.1696453,1341181,0.34259259700775146
1606350014.1704876,1342625,0.21820303797721863
1606350037.3534002,1345051,0.3529999852180481
1606350038.8175519,1345204,0.1895424872636795
1606350065.8101273,1348045,0.2855392098426819
1606350092.10559,1350895,0.2460000067949295
1606350104.9587224,1352304,0.13750000298023224
1606350111.3422713,1353003,0.25757575035095215
1606350118.738387,1353744,0.19130434095859528
1606350142.7768836,1356198,0.22727273404598236
1606350152.7396965,1357279,0.25072887539863586
1606350175.789993,1359699,0.31200000643730164
1606350177.9854548,1359904,0.3181818127632141
1606350181.2766922,1360224,0.2393617033958435
1606350183.8770216,1360464,0.1818181872367859
1606350194.6443543,1361553,0.13636364042758942
1606350222.1727474,1364355,0.3636363744735718
1606350226.6743479,1364829,0.20000000298023224
1606350244.5932667,1366783,0.20399999618530273
1606350246.4222324,1366961,0.21348313987255096
1606350249.7721741,1367288,0.2368421107530594
1606350261.3935256,1368571,0.14487633109092712
1606350270.7951543,1369490,0.18137255311012268
1606350271.7660112,1369583,0.13978494703769684
1606350283.1665883,1370704,0.2628205120563507
1606350311.1434028,1373730,0.30612245202064514
1606350317.2234704,1374336,0.24761904776096344
1606350349.3819153,1377688,0.2448979616165161
1606350351.142334,1377858,0.1823529452085495
1606350374.0263839,1379136,0.2454954981803894
1606350375.695638,1379296,0.20000000298023224
1606350427.916054,1384945,0.2822085916996002
1606350435.1420102,1385683,0.3258427083492279
1606350440.2762334,1386198,0.300561785697937
1606350448.781929,1387074,0.190476194024086
1606350461.7685165,1388437,0.20999999344348907
1606350466.704661,1388929,0.2647058963775635
1606350489.593449,1391214,0.23076923191547394
1606350500.0031493,1392249,0.23655913770198822
1606350501.6852732,1392418,0.28787878155708313
1606350530.9069512,1395477,0.23999999463558197
1606350531.729621,1395549,0.4305555522441864
1606350554.3771586,1397990,0.2448979616165161
1606350580.587163,1400868,0.2199999988079071
1606350663.2358882,1409579,0.2669999897480011
1606350687.491903,1412124,0.36153846979141235
1606350692.9527972,1412686,0.2239583283662796
1606350752.4104698,1419010,0.39726027846336365
1606350755.6028614,1419332,0.19014084339141846
1606350762.2389116,1420004,0.25815218687057495
1606350765.8600242,1420382,0.2460317462682724
1606350767.5914307,1420552,0.2294117659330368
1606350793.0881941,1423350,0.19658119976520538
1606350802.5729876,1424379,0.18965516984462738
1606350815.5397892,1425785,0.25879916548728943
1606350858.5794067,1430559,0.23655913770198822
1606350880.2299702,1432863,0.21794871985912323
1606350887.1806629,1433554,0.20661157369613647
1606350907.0952163,1435597,0.1858736127614975
1606350916.077177,1436502,0.17560975253582
1606350932.9052005,1438293,0.13291139900684357
1606350975.6272361,1442784,0.20430107414722443
1606351032.2396169,1443446,0.2830508351325989
1606351040.7159977,1443760,0.40789473056793213
1606385853.7448046,1446160,0.14499999582767487
1606385881.523812,1449549,0.14192496240139008
1606385913.1194394,1453328,0.16051660478115082
1606385925.2758062,1454676,0.12700000405311584
1606385991.8108056,1462364,0.1459999978542328
1606386002.0576143,1463585,0.1469999998807907
1606386016.4556959,1465322,0.14654003083705902
1606386079.762071,1472966,0.13899999856948853
1606386109.2298918,1476529,0.16899999976158142
1606386150.2703195,1481444,0.13699999451637268
1606386164.5231771,1483153,0.17424242198467255
1606386195.5270534,1486910,0.14604462683200836
1606386213.6057692,1489105,0.12820513546466827
1606386229.746079,1491039,0.16200000047683716
1606386287.7142544,1497635,0.19394773244857788
1606386292.8093827,1498223,0.2142857164144516
1606386293.943368,1498345,0.18852458894252777
1606386303.1231015,1499347,0.19767442345619202
1606386307.6112392,1499827,0.28671327233314514
1606386324.9759066,1501725,0.26050421595573425
1606386334.312611,1502695,0.3191489279270172
1606386349.5056298,1504370,0.15168538689613342
1606386351.478038,1504582,0.16981132328510284
1606386368.754108,1506551,0.2573673725128174
1606386399.7475257,1510073,0.2409999966621399
1606386409.7238429,1511146,0.20095694065093994
1606386422.8465216,1512560,0.4029850661754608
1606386427.6333039,1513062,0.27848100662231445
1606386462.5223558,1516891,0.302752286195755
1606386481.2459192,1518995,0.2210526317358017
1606386523.218085,1523924,0.27166882157325745
1606386539.8338563,1525845,0.27941176295280457
1606386550.9510972,1527035,0.2648870646953583
1606386566.7777746,1527982,0.18292683362960815
1606386578.8294353,1529188,0.19730184972286224
1606386579.3844242,1529254,0.25757575035095215
1606386607.2463818,1532357,0.24812030792236328
1606386608.1580553,1532449,0.17391304671764374
1606386644.4142606,1536636,0.27881041169166565
1606386646.163168,1536811,0.18269230425357819
1606386648.3261118,1537053,0.24380165338516235
1606386665.1059573,1538833,0.23482850193977356
1606386667.8806775,1539124,0.3799999952316284
1606386669.3499544,1539275,0.26490065455436707
1606386677.643604,1540275,0.2750000059604645
1606386678.2066994,1540341,0.27272728085517883
1606386681.7881286,1540706,0.20408163964748383
1606386688.98248,1541519,0.26543208956718445
1606386755.392788,1548843,0.4545454680919647
1606386759.1845753,1549233,0.2222222238779068
1606386828.6494198,1557297,0.26605504751205444
1606386837.8381307,1558297,0.1855670064687729
1606386839.546145,1558476,0.2178770899772644
1606386856.5140836,1560476,0.22100000083446503
1606386873.378456,1562296,0.21118012070655823
1606386885.9862185,1563636,0.22705313563346863
1606386897.2146006,1564827,0.278969943523407
1606386989.7617505,1575073,0.19871795177459717
1606387017.9310577,1578236,0.49367088079452515
1606387051.2616494,1581969,0.17985612154006958
1606387072.49261,1584357,0.1595744639635086
1606387093.8745606,1586752,0.17836257815361023
1606387094.5949497,1586818,0.39393940567970276
1606387123.0253556,1589976,0.17213115096092224
1606387126.0441208,1590277,0.20930232107639313
1606387128.4968133,1590534,0.21383647620677948
1606387133.872833,1591076,0.1875
1606387137.3085635,1591420,0.2977099120616913
1606387139.6285412,1591651,0.190476194024086
1606387141.6098115,1591843,0.05882352963089943
1606387262.5224586,1599617,0.14300000667572021
1606387279.4676547,1601515,0.19565217196941376
1606387292.141683,1602929,0.16149067878723145
1606387305.7802808,1604444,0.2680412232875824
1606387325.298142,1606631,0.1809999942779541
1606387349.91693,1609392,0.16687116026878357
1606387374.0298026,1612107,0.2232142835855484
1606387378.5374956,1612580,0.2133333384990692
1606387386.8445175,1613580,0.22699999809265137
1606387413.9206877,1616579,0.11688311398029327
1606387421.2957387,1617352,0.2196531742811203
1606387475.8235424,1623509,0.22368420660495758
1606387494.5603583,1625592,0.4888888895511627
1606387506.7843578,1626996,0.17800000309944153
1606387517.2905183,1628196,0.12820513546466827
1606387534.130277,1630073,0.20000000298023224
1606387538.3874679,1630536,0.16802167892456055
1606387560.8690107,1632982,0.2897959053516388
1606387574.1807323,1634435,0.28787878155708313
1606387586.4134219,1635671,0.16249999403953552
1606387605.1743205,1637749,0.2340966910123825
1606387628.741192,1640400,0.19003115594387054
1606387642.0543187,1641882,0.19200000166893005
1606387651.14504,1642850,0.21348313987255096
1606387686.2966888,1646886,0.25806450843811035
1606387697.6665075,1648151,0.2738095223903656
1606387722.4222124,1650823,0.2928571403026581
1606387726.9210594,1651287,0.2222222238779068
1606387773.679268,1656645,0.18208955228328705
1606387797.3887665,1659312,0.210999995470047
1606387803.401308,1659947,0.24025973677635193
1606387818.2925644,1660184,0.1949685513973236
1606387820.6841507,1660271,0.14942528307437897
1606387829.2512372,1661164,0.20398010313510895
1606387830.526619,1661302,0.23188406229019165
1606387832.5030456,1661509,0.2415459007024765
1606387870.9733171,1665719,0.2571428716182709
1606387887.6093993,1667603,0.2265625
1606387889.0095885,1667755,0.29605263471603394
1606387898.2952712,1668802,0.15558698773384094
1606387921.131121,1671311,0.2069970816373825
1606387933.9354537,1672752,0.210999995470047
1606387953.5746448,1674977,0.1818181872367859
1606387958.568062,1675495,0.20224718749523163
1606387984.499569,1678407,0.19718310236930847
1606388029.2814066,1683522,0.14900000393390656
1606388055.0760374,1686449,0.16699999570846558
1606388070.7082784,1688204,0.21933086216449738
1606388083.1939435,1689635,0.1469999998807907
1606388105.847598,1692129,0.22466960549354553
1606388115.2399578,1693214,0.24705882370471954
1606388159.677513,1698322,0.26760563254356384
1606388178.464411,1700528,0.20270270109176636
1606388186.8985283,1701528,0.15299999713897705
1606388244.7437665,1707868,0.2014925330877304
1606388247.8849518,1708216,0.17241379618644714
1606388258.9521973,1709490,0.12700000405311584
1606388292.0617933,1713191,0.1679999977350235
1606388296.1380444,1713628,0.2142857164144516
1606388330.5347335,1717467,0.15780141949653625
1606388347.1994152,1719318,0.1809999942779541
1606388355.921862,1720318,0.22100000083446503
1606388390.717014,1724059,0.18574513494968414
1606388396.0214014,1724603,0.17692308127880096
1606388398.0867178,1724814,0.23222748935222626
1606388428.9847145,1728221,0.15299999713897705
1606388439.69196,1729425,0.22644376754760742
1606388483.819916,1734422,0.13099999725818634
1606388499.5072646,1736163,0.17249417304992676
1606388511.7113628,1737578,0.19036144018173218
1606388519.956833,1738506,0.2526041567325592
1606388568.6374962,1742285,0.20047733187675476
1606388630.2277946,1749127,0.2109375
1606388643.6227856,1750648,0.20000000298023224
1606388687.1802359,1755688,0.16099999845027924
1606388720.0289562,1759336,0.14000000059604645
1606388752.3757672,1762897,0.14900000393390656
1606388769.2854133,1764725,0.21226415038108826
1606388772.7919672,1765088,0.21888412535190582
1606388798.041614,1767968,0.15700000524520874
1606388819.9606144,1770262,0.1949404776096344
1606388823.846803,1770679,0.2350119948387146
1606388832.2894158,1771679,0.20600000023841858
1606388872.8090038,1776316,0.4247787594795227
1606388933.9584687,1782873,0.2668810188770294
1606388956.7398314,1785381,0.25
1606388975.9783828,1787505,0.2393442690372467
1606388990.2598522,1789134,0.20044542849063873
1606389000.0999093,1790208,0.19662921130657196
1606389046.2004726,1795446,0.24376730620861053
1606389061.9537656,1797236,0.2133333384990692
1606389086.8297918,1800087,0.20000000298023224
1606389100.8041258,1801661,0.2647058963775635
1606389102.0209706,1801784,0.30894309282302856
1606389125.6633132,1804367,0.24115756154060364
1606389130.76252,1804900,0.17985612154006958
1606389132.6745238,1805082,0.28021979331970215
1606389134.8414588,1805295,0.26966291666030884
1606389147.0755947,1806647,0.244047611951828
1606389147.8954628,1806728,0.1975308656692505
1606389152.9136837,1807305,0.19584055244922638
1606389177.4300022,1810192,0.19565217196941376
1606389188.801909,1811538,0.16763006150722504
1606389203.7813163,1813204,0.14978903532028198
1606389209.4653814,1813840,0.19968552887439728
1606389211.1323023,1814002,0.15432098507881165
1606389220.1463656,1815002,0.2070000022649765
1606389231.0809522,1816242,0.1770000010728836
1606389243.5821424,1817612,0.19775280356407166
1606389246.4017878,1817924,0.18269230425357819
1606389268.6222441,1820414,0.23899999260902405
1606389280.388086,1821655,0.16296295821666718
1606389289.7901855,1822753,0.23906083405017853
1606389315.0897536,1824276,0.20529800653457642
1606389347.4667053,1827622,0.36231884360313416
1606389367.8064723,1829761,0.261904776096344
1606389369.276309,1829920,0.1949685513973236
1606389371.33199,1830134,0.2289719581604004
1606389398.2942808,1833079,0.17030568420886993
1606389435.4668593,1837261,0.24748490750789642
1606389447.8545103,1838589,0.2092050164937973
1606389469.359382,1840968,0.2599206268787384
1606389517.6485507,1846295,0.3636363744735718
1606389542.9396582,1849224,0.22480620443820953
1606389548.3408284,1849763,0.2850877046585083
1606389559.9076135,1850990,0.19291338324546814
1606389585.2900023,1853857,0.2288135588169098
1606389616.4550025,1857304,0.25369977951049805
1606389623.7114062,1858096,0.19217081367969513
1606389634.365289,1859337,0.20100000500679016
1606389635.4927378,1859456,0.24369747936725616
1606389681.472256,1864647,0.20413435995578766
1606389716.5557063,1868499,0.1821705400943756
1606389722.4460723,1869154,0.2778626084327698
1606389765.579537,1874070,0.24500000476837158
1606389798.0476625,1877558,0.18359375
1606389807.9905322,1878577,0.322429895401001
1606389817.704143,1879603,0.21708184480667114
1606389880.675592,1886571,0.28299999237060547
1606389928.8201826,1891974,0.251264750957489
1606389952.3265746,1894409,0.19132652878761292
1606389953.3834016,1894513,0.20192307233810425
1606389969.5294251,1896329,0.16500000655651093
1606389982.0076604,1897581,0.16307692229747772
1606389983.3364708,1897701,0.2666666805744171
1606390039.5847147,1903929,0.21935483813285828
1606390072.029595,1907627,0.23000000417232513
1606390082.171753,1908810,0.2568306028842926
1606390167.6754076,1915057,0.23928570747375488
1606390193.0582955,1917761,0.14398421347141266
1606390218.792957,1920706,0.27037036418914795
1606390228.4929478,1921771,0.19148936867713928
1606390233.9821727,1922389,0.24110032618045807
1606390250.2255757,1924228,0.1889999955892563
1606390257.9322302,1925054,0.15841583907604218
1606390311.5329878,1931013,0.20166319608688354
1606390319.2582362,1931876,0.20779220759868622
1606390324.197145,1932422,0.2637362778186798
1606390332.6450937,1933422,0.1589999943971634
1606390354.441074,1935824,0.22429905831813812
1606390381.3361464,1938878,0.2101227045059204
1606390434.3893166,1944790,0.17286652326583862
1606390479.0411441,1949594,0.28915661573410034
1606390525.4401166,1954908,0.20000000298023224
1606390541.279023,1956582,0.1802935004234314
1606390544.4877656,1956944,0.18508286774158478
1606390589.715095,1962116,0.15800000727176666
1606390633.7667286,1967078,0.19009371101856232
1606390650.1768641,1968934,0.22992126643657684
1606390656.4242845,1969642,0.20762711763381958
1606390670.9630272,1971281,0.22848200798034668
1606390701.6979556,1974797,0.18503937125205994
1606390710.2392194,1975797,0.2199999988079071
1606390720.7647128,1976957,0.18267929553985596
1606390747.7874284,1980029,0.23123732209205627
1606390755.9772353,1980885,0.1681222766637802
1606390825.248552,1988600,0.2403508722782135
1606390858.245261,1992311,0.16200000047683716
1606390894.0333214,1996225,0.16823528707027435
1606390938.8958206,2000959,0.1850000023841858
1606390958.8419864,2002951,0.22100000083446503
1606390972.1570134,2004274,0.21576763689517975
1606391050.1827087,2012268,0.14300000667572021
1606391217.8408563,2018785,0.18318966031074524
1606391228.6094098,2019845,0.19028340280056
1606391233.3848796,2020308,0.26133909821510315
1606391292.0804396,2026567,0.1312336027622223
