Wall time,Step,Value
1604864769.4431286,3570,0.15600000321865082
1604864847.2723663,12580,0.12999999523162842
1604864880.797944,16489,0.15199999511241913
1604864982.3802695,28534,0.1420000046491623
1604864988.9102495,29312,0.13779526948928833
1604865001.5000896,30780,0.13368983566761017
1604865005.4418814,31247,0.17266187071800232
1604865031.3273013,34354,0.15189872682094574
1604865048.1556664,36383,0.14250913262367249
1604865129.200958,45277,0.15625
1604865149.7629547,47512,0.14800000190734863
1604865167.1559913,49472,0.1509803980588913
1604865228.0825753,55329,0.02777777798473835
1604865281.6243725,60245,0.0385093167424202
1604865289.0322266,60904,0.0
1604865299.7147806,61904,0.03700000047683716
1604865356.805954,67073,0.08299999684095383
1604865444.5569634,74918,0.04399999976158142
1604865510.481012,81183,0.07905138283967972
1604865579.7574148,87364,0.07999999821186066
1604865608.886173,90227,0.027522936463356018
1604865627.9851668,92094,0.06599999964237213
1604865689.5455863,98060,0.06400000303983688
1604865690.8748124,98195,0.051851850003004074
1604865762.3639915,105062,0.125
1604865797.5333893,108030,0.05806451663374901
1604865805.4994595,108738,0.045045044273138046
1604865808.3943334,109002,0.05303030461072922
1604865831.2215083,110902,0.16507503390312195
1604865886.4516387,115395,0.03700000047683716
1604865947.0359468,118988,0.023952096700668335
1604865959.0655077,119988,0.03500000014901161
1605029518.8799293,122790,0.14147910475730896
1605188288.59266,123536,0.16129031777381897
1605188299.5046809,124239,0.1744185984134674
1605188322.2819512,125217,0.12631578743457794
1605188331.8133328,125525,0.20624999701976776
1605188405.609831,126946,0.16814158856868744
1605188449.3440168,127546,0.15238095819950104
1605188483.197327,127958,0.10606060922145844
1605188541.429225,128562,0.2222222238779068
1605188581.3567908,128906,0.13235294818878174
1605188598.7484553,129068,0.0729166641831398
1605188827.333702,130756,0.1690140813589096
1605188894.976802,131161,0.223300963640213
1605188912.8498716,131260,0.13131313025951385
1605188976.0725698,131595,0.0882352963089943
1605189049.1510754,131969,0.18666666746139526
1605189076.398813,132102,0.16417910158634186
1605189203.9819853,132661,0.25757575035095215
1605189222.978164,132738,0.15584415197372437
1605189357.2588506,133235,0.1515151560306549
1605189468.3925686,133583,0.1666666716337204
1605189891.1036067,134217,0.25757575035095215
1605219902.7474763,136911,0.2235294133424759
1605219973.776866,139164,0.14432989060878754
1605220303.3664482,141055,0.1345565766096115
1605220345.2595882,143251,0.19745223224163055
1605220349.7776034,143401,0.095238097012043
1605220594.3034918,152994,0.12781955301761627
1605220603.0035653,153994,0.16099999845027924
1605220621.1419413,155994,0.14300000667572021
1605220651.9706805,159306,0.135970339179039
1605220692.9687538,163941,0.11299435049295425
1605220710.324426,165858,0.13699999451637268
1605220714.3711493,166305,0.1230425089597702
1605220731.4465692,168160,0.12724551558494568
1605220764.4848304,171738,0.15596330165863037
1605220813.293966,176992,0.13866040110588074
1605220832.3823833,178989,0.15436241030693054
1605220835.413564,179304,0.16825397312641144
1605220883.9673548,184505,0.1379999965429306
1605220965.6588929,193230,0.13714902102947235
1605220979.7810063,194634,0.13118812441825867
1605221067.7614982,203438,0.0694444477558136
1605221097.4340734,206405,0.1427072435617447
1605221109.0662467,207563,0.19620253145694733
1605221120.4680653,208704,0.3255814015865326
1605221148.90674,211582,0.046341463923454285
1605221171.789056,213824,0.14355628192424774
1605221179.5946226,214595,0.1563785970211029
1605221206.0800366,217239,0.10700000077486038
1605221245.6151147,221130,0.11100000143051147
1605221273.0661416,223837,0.0416666679084301
1605221334.2384152,229895,0.04800000041723251
1605221363.9156623,232867,0.4117647111415863
1605221397.7926805,236343,0.027397260069847107
1605221418.063736,238348,0.12300000339746475
1605221433.8912525,239870,0.13074204325675964
1605221440.2260044,240501,0.0714285746216774
1605221446.24606,241119,0.1650485396385193
1605221452.9430497,241791,0.05797101557254791
1605221462.1879973,242735,0.03750000149011612
1605221472.2191262,243735,0.10300000011920929
1605221511.0905669,246930,0.17737002670764923
1605221513.1459625,247125,0.10256410390138626
1605221572.3032513,252935,0.05000000074505806
1605221615.5636125,257298,0.1319444477558136
1605221628.7836275,258639,0.11400000005960464
1605221661.4074514,261921,0.13099999725818634
1605221689.9987419,264749,0.11800000071525574
1605221705.585842,266272,0.1070745661854744
1605221763.2450583,272061,0.13600000739097595
1605221817.4971623,277477,0.14900000393390656
1605221827.6149566,278477,0.12700000405311584
1605221843.230758,280016,0.06700000166893005
1605221854.3696396,281096,0.061000000685453415
1605221855.6815429,281230,0.1492537260055542
1605221863.8403804,282025,0.2716049253940582
1605221919.396664,287513,0.07800000160932541
1605221938.7175708,289445,0.11053984612226486
1605221974.4960241,293015,0.10000000149011612
1605221995.617603,295127,0.06800000369548798
1605222013.516322,296896,0.2768115997314453
1605222047.781327,300259,0.036093417555093765
1605222049.6838725,300433,0.028735632076859474
1605222079.7790468,303426,0.06300000101327896
1605222111.3279166,306562,0.043478261679410934
1605222188.675742,314351,0.10300000011920929
1605222225.150509,317905,0.14399999380111694
1605222231.143426,318478,0.15357142686843872
1605222269.4642816,322316,0.25
1605222294.1506197,324809,0.143216073513031
1605222318.4039528,327250,0.13099999725818634
1605222319.1883035,327321,0.1267605572938919
1605222325.7203546,327961,0.05156249925494194
1605222373.8552842,332662,0.08699999749660492
1605222421.92083,337380,0.1492537260055542
1605222439.3279636,339083,0.07000000029802322
1605222449.5452662,340083,0.12200000137090683
1605222480.479178,343206,0.11492734402418137
1605222501.5897844,345294,0.11388888955116272
1605222522.3233516,347336,0.16433566808700562
1605222530.1513708,348101,0.14771242439746857
1605222558.647661,350946,0.13199999928474426
1605222627.8560128,357665,0.1233842521905899
1605222656.206584,360418,0.07736063748598099
1605222666.3724475,361418,0.05299999937415123
1605222673.9773207,362159,0.04858299717307091
1605222682.184789,362944,0.05607476457953453
1605222686.3380845,363342,0.060301508754491806
1605222733.2962875,367903,0.05239180102944374
1605222757.4314642,370275,0.02380952425301075
1605222764.3417518,370955,0.05147058889269829
1605222775.9340582,372076,0.07259528338909149
1605222795.923313,374076,0.08900000154972076
1605287640.1337345,375066,0.13769124448299408
1605287646.9162252,375829,0.14023591578006744
1605287656.1273935,376829,0.14900000393390656
1605287677.7332072,379162,0.13199999928474426
1605287697.6782434,381534,0.1563785970211029
1605287712.6798418,383212,0.16027875244617462
1605287713.9259093,383358,0.1164383590221405
1605287722.2573297,384358,0.14399999380111694
1605287741.2273037,386590,0.13684210181236267
1605287809.0273707,394515,0.13483145833015442
1605287827.9451458,396647,0.1340000033378601
1605287831.220304,397025,0.1473684161901474
1605287850.0847278,399194,0.1764705926179886
1605287967.3958044,412880,0.12700000405311584
1605287975.7617922,413813,0.11013215780258179
1605287996.4826849,416171,0.19402985274791718
1605288011.3997397,417843,0.1443452388048172
1605288022.5860498,419131,0.17307692766189575
1605288026.0768456,419532,0.1442786008119583
1605288075.327901,424695,0.25
1605288126.9602976,429572,0.09700000286102295
1605288144.5264063,431151,0.14859437942504883
1605288196.506886,435774,0.15653495490550995
1605288205.7359657,436669,0.06930693238973618
1605288260.711921,441893,0.23283261060714722
1605288275.1504436,443240,0.12030075490474701
1605288298.9277477,445482,0.06198346987366676
1605288320.948481,447558,0.32894736528396606
1605288385.954313,453745,0.0860000029206276
1605288396.5628872,454745,0.13099999725818634
1605288429.723869,457745,0.12200000137090683
1605288498.3205328,463711,0.13351134955883026
1605288524.7047763,466200,0.24899999797344208
1605288612.879364,474090,0.28070175647735596
1605288656.3346527,477998,0.15399999916553497
1605288682.1259887,480309,0.1318327933549881
1605288683.295007,480412,0.19417475163936615
1605288757.9444344,487067,0.17000000178813934
1605288762.1714296,487433,0.11202185600996017
1605288789.343848,489844,0.20100000500679016
1605288811.9102788,491844,0.1889999955892563
1605288813.9013207,491975,0.11450381577014923
1605288848.6960502,495064,0.11500000208616257
1605288849.6259341,495144,0.13750000298023224
1605288878.5450082,497590,0.07623318582773209
1605288890.3801172,498456,0.09815242141485214
1606340565.715877,502551,0.15584415197372437
1606340593.6148503,504232,0.18095238506793976
1606340608.9542658,505997,0.14771242439746857
1606340623.8531168,507735,0.13899999856948853
1606340625.730762,507956,0.1085972860455513
1606340677.8152082,513938,0.10943396389484406
1606340694.8708096,515929,0.13713592290878296
1606340735.0690694,520464,0.14432989060878754
1606340739.2519932,520957,0.14772726595401764
1606340753.311991,522527,0.15196079015731812
1606340772.0441005,524678,0.15407854318618774
1606340803.2429461,528349,0.15079365670681
1606340865.2100961,535591,0.1599999964237213
1606340885.4541945,537953,0.1370716542005539
1606340905.0909104,540192,0.16580310463905334
1606340910.1901665,540761,0.12538225948810577
1606340914.7770066,541270,0.1515151560306549
1606340930.0318856,543000,0.15228426456451416
1606340936.3742807,543709,0.16981132328510284
1606340961.531222,546621,0.13699999451637268
1606340967.2142026,547287,0.12912912666797638
1606340971.694359,547821,0.13483145833015442
1606341005.150204,551659,0.18490566313266754
1606341049.2764175,555853,0.10899999737739563
1606341081.6530385,558985,0.15199999511241913
1606341092.6039042,559985,0.11699999868869781
1606341181.2388287,567869,0.08428245782852173
1606341220.8480854,571776,0.14399999380111694
1606341313.3690572,580597,0.07802547514438629
1606341335.1895733,582597,0.14499999582767487
1606341505.7771401,597882,0.11158798635005951
1606341509.593742,598181,0.03344481438398361
1606341550.9081395,601584,0.12099999934434891
1606341552.8515863,601745,0.09316769987344742
1606341565.5538116,602745,0.0860000029206276
1606341785.4687445,617359,0.016260161995887756
1606341831.2640631,621521,0.12300000339746475
1606341881.4105005,626260,0.023255813866853714
1606341882.1290731,626338,0.025641025975346565
1606342496.570528,628798,0.10699588805437088
1606342504.241129,629708,0.14623954892158508
1606342529.0503676,632534,0.14900000393390656
1606342539.375004,633731,0.13141684234142303
1606342708.334761,651975,0.1456436961889267
1606342719.6486804,653068,0.13099999725818634
1606342724.3525298,653595,0.19148936867713928
1606342764.1801353,657815,0.16935484111309052
1606342777.2910125,659191,0.14650537073612213
1606342815.8905902,663272,0.1304347813129425
1606342829.0008285,664660,0.1371428519487381
1606342848.7053082,666716,0.1477079838514328
1606342902.1534264,672226,0.1461794078350067
1606342941.4845545,676359,0.14100000262260437
1606343000.2721016,681895,0.15199999511241913
1606343052.35865,686594,0.04600000008940697
1606343062.4292212,687594,0.06700000166893005
1606343108.7727878,691690,0.05542725324630737
1606343196.6319404,699940,0.07400000095367432
1606343232.1608531,703138,0.10948905348777771
1606343242.6957595,704138,0.08299999684095383
1606343262.3431947,705973,0.08799999952316284
1606343307.1749177,709651,0.1120000034570694
1606343324.0958097,711106,0.2571428716182709
1606343349.6687784,713284,0.5393258333206177
1606343382.7426288,716284,0.1979999989271164
1606343409.7375934,718763,0.11100000143051147
1606343411.2195554,718905,0.07042253762483597
1606343560.927548,732003,0.06146572157740593
1606343671.7075975,742389,0.07100000232458115
1606343749.8435297,748922,0.07000000029802322
1606343768.7016954,750667,0.048672568053007126
1606343772.1488514,750965,0.030201341956853867
1606343788.7774153,752449,0.0782608687877655
1606343791.4136238,752688,0.03765690326690674
1606343928.8235211,764453,0.05675675719976425
1606343931.607857,764691,0.06302521377801895
1606343953.5743196,766703,0.12121212482452393
1606343964.457713,767754,0.03589743748307228
1606343992.269002,770108,0.01899999938905239
1606343994.0148141,770242,0.0
1606344009.1624959,771430,0.05882352963089943
1606344052.3559654,775029,0.07599999755620956
1606344086.3445008,778216,0.03200000151991844
1606344211.7933588,790716,0.1875
1606344212.7833593,790809,0.09677419066429138
1606344255.9646254,795065,0.09090909361839294
1606344295.19788,799109,0.028639618307352066
1606344297.9930127,799384,0.03999999910593033
1606344313.0339723,800872,0.029787234961986542
1606344321.1582348,801697,0.06455863267183304
1606344321.9098926,801764,0.02985074557363987
1606344355.4386294,805194,0.07500000298023224
1606344381.9527755,807903,0.16455696523189545
1606344425.476091,812316,0.017467249184846878
1606344427.5277042,812516,0.03999999910593033
1606344436.7792988,813422,0.017316017299890518
1606344492.358655,818907,0.034408602863550186
1606344511.66475,820908,0.01886792480945587
1606344512.5147207,820985,0.012987012974917889
1606344514.9329906,821229,0.01515151560306549
1606344538.08901,823546,0.025641025975346565
1606344549.418945,824672,0.09459459781646729
1606344550.6369236,824782,0.0
1606344574.793276,827268,0.0042553190141916275
1606344594.686522,829377,0.05068493261933327
1606344599.6283236,829877,0.007299270015209913
1606344612.4366136,831198,0.05454545468091965
1606344742.1178246,834736,0.06060606241226196
1606344766.7283945,837209,0.0684523805975914
1606344767.9443388,837328,0.0
1606344780.6641288,838555,0.1304347813129425
1606344805.647664,841066,0.024024024605751038
1606344847.3567486,845201,0.07557354867458344
1606344848.0997465,845267,0.06060606241226196
1606344852.571796,845709,0.02074688859283924
1606344868.2230532,847269,0.04411764815449715
1606344887.2816415,849219,0.04377104341983795
1606344890.8713248,849566,0.015544041059911251
1606344898.1743643,850332,0.011695906519889832
1606344902.0417833,850713,0.03076923079788685
1606344915.6300783,852079,0.029411764815449715
1606344935.86034,854088,0.0376470573246479
1606344953.4100094,855866,0.017543859779834747
1606344960.7075555,856598,0.01550387591123581
1606344967.8863778,857327,0.019955653697252274
1606344972.0888333,857745,0.019138755276799202
1606344990.4095318,859564,0.040502794086933136
1606344994.714173,860022,0.04803493618965149
1606345016.1963432,862244,0.0
1606345019.7206998,862600,0.00671140942722559
1606345020.8938532,862722,0.0
1606345021.6200824,862788,0.01515151560306549
1606345025.4996533,863182,0.043478261679410934
1606345035.476845,864178,0.056300267577171326
1606345056.8045197,866332,0.08719345927238464
1606345057.5891721,866399,0.28358209133148193
1606345095.0986621,870270,0.08995816111564636
1606345096.5440416,870414,0.0625
1606345106.7704852,871424,0.04516129195690155
1606345118.6982262,872594,0.013888888992369175
1606345125.9285607,873306,0.008620689623057842
1606345130.65901,873760,0.06666667014360428
1606345142.3221729,874897,0.014285714365541935
1606345147.425552,875416,0.01541425846517086
1606345155.8325427,876286,0.03809523954987526
1606345159.0313654,876610,0.03086419776082039
1606345160.029788,876703,0.01075268816202879
1606345180.069191,878693,0.010526316240429878
1606345217.3733501,882467,0.0
1606345244.7135758,885252,0.027100270614027977
1606345261.1402583,886855,0.007042253389954567
1606345281.7696722,888911,0.010101010091602802
1606345284.447875,889168,0.038910504430532455
1606345346.68661,892428,0.0347222238779068
1606345382.472409,896113,0.15085157752037048
1606345413.1051664,899156,0.25071632862091064
1606345432.3365238,901149,0.04545454680919647
1606345435.1452267,901435,0.1071428582072258
1606345447.2317443,902667,0.08695652335882187
1606345480.079214,905950,0.0
1606345480.6659136,906018,0.014705882407724857
1606345482.7235625,906216,0.03030303120613098
1606345489.6691658,906923,0.0058309040032327175
1606345508.2114913,908851,0.006802720949053764
1606345529.7278059,911037,0.03030303120613098
1606345540.381331,912137,0.007407407276332378
1606345564.240022,914498,0.03333333507180214
1606345564.9561996,914564,0.0
1606345565.5512226,914630,0.06060606241226196
1606345616.5220973,919875,0.004048583097755909
1606345664.9013486,924790,0.012658228166401386
1606345674.5944014,925767,0.03030303120613098
1606345686.837856,926960,0.20555555820465088
1606345702.3529508,928466,0.17843866348266602
1606345707.157993,928926,0.0
1606345713.5528314,929581,0.23872679471969604
1606345725.644649,930835,0.38600000739097595
1606345739.2863412,932255,0.03125
1606345749.4327834,933323,0.043478261679410934
1606345751.8867772,933558,0.010416666977107525
1606345765.586738,935004,0.164000004529953
1606345772.791905,935734,0.012903225608170033
1606345778.4909732,936287,0.06410256773233414
1606345796.3679705,938052,0.47999998927116394
1606345797.9782193,938226,0.03030303120613098
1606345825.893201,941061,0.11711711436510086
1606345827.1334884,941184,0.17886178195476532
1606345828.303496,941303,0.02521008439362049
1606345927.3472607,946115,0.010869565419852734
1606345934.9099407,946848,0.007380073890089989
1606345948.9055915,948290,0.016260161995887756
1606345971.6401393,950647,0.12300000339746475
1606345972.2418547,950713,0.0
1606345976.1291847,951100,0.0
1606345979.3199828,951433,0.02247191034257412
1606345997.5601053,953417,0.008130080997943878
1606346021.4988558,955894,0.043478261679410934
1606346023.759407,956113,0.29411765933036804
1606346045.8342576,958412,0.022440392524003983
1606346053.4067988,959167,0.00716845877468586
1606346055.6162424,959381,0.14814814925193787
1606346057.587709,959566,0.0
1606346068.10785,960698,0.14000000059604645
1606346085.05243,962624,0.012000000104308128
1606346140.5060966,968370,0.05714285746216774
1606346179.388223,972356,0.06363636255264282
1606346181.8529918,972613,0.015564202331006527
1606346183.557114,972783,0.0235294122248888
1606346186.9461415,973131,0.0
1606346188.57725,973286,0.019354838877916336
1606346193.6901689,973807,0.012048192322254181
1606346204.947123,974983,0.01287553645670414
1606346215.2734437,976073,0.13636364042758942
1606346234.6169133,978101,0.028901733458042145
1606346248.9751978,979575,0.014534884132444859
1606346251.9878476,979861,0.028436018154025078
1606346274.8051677,982161,0.003968254197388887
1606346282.9136772,983007,0.0
1606346299.4512162,984811,0.03030303120613098
1606346306.1317286,985482,0.0
1606346321.8664937,987044,0.03242320939898491
1606346329.0652642,987771,0.03703703731298447
1606346338.1761324,988771,0.014999999664723873
1606346368.516071,991830,0.01515151560306549
1606346378.4167857,992783,0.01123595517128706
1606346380.8573046,993026,0.0
1606346393.969185,994440,0.003911342937499285
1606346398.087973,994863,0.06619385629892349
1606346408.8857272,995989,0.036538463085889816
1606346409.8285818,996080,0.010989011265337467
1606346416.990446,996795,0.07858243584632874
1606346423.9831142,997487,0.0181818176060915
1606346424.8965635,997572,0.0117647061124444
1606346445.401953,999692,0.007920792326331139
1606346446.7129204,999829,0.007299270015209913
1606346450.1508012,1000143,0.03030303120613098
1606346451.9412344,1000336,0.007874015718698502
1606346454.4566133,1000576,0.0
1606346462.4003003,1001384,0.03030303120613098
1606346490.5690904,1004274,0.02985074557363987
1606346493.2723541,1004540,0.019999999552965164
1606346495.6774344,1004779,0.009803921915590763
1606346504.8507152,1005779,0.007000000216066837
1606346544.7763822,1006519,0.01834862306714058
1606346548.609555,1006884,0.017094017937779427
1606346574.5970933,1009573,0.0
1606346587.2610877,1010912,0.007000000216066837
1606346633.2899935,1015658,0.014925372786819935
1606346650.3491788,1017436,0.005698005668818951
1606346661.909205,1018572,0.04615384712815285
1606346679.0222576,1020333,0.0
1606346682.9241986,1020726,0.022900763899087906
1606346693.1030805,1021793,0.03700000047683716
1606346696.5638664,1022136,0.010416666977107525
1606346697.9746296,1022258,0.0
1606346701.0085762,1022548,0.006172839552164078
1606346706.201462,1023059,0.004608294926583767
1606346710.6456652,1023485,0.018779342994093895
1606346741.368806,1026706,0.012578615918755531
1606346757.4797704,1028472,0.03400000184774399
1606346771.3153386,1029911,0.01939058117568493
1606346814.185604,1034283,0.0
1606346834.139903,1036342,0.01515151560306549
1606346846.9313695,1037724,0.02901785634458065
1606346884.375313,1041489,0.029999999329447746
1606346902.8749754,1043292,0.0
1606346908.8061898,1043871,0.02484472095966339
1606346913.1338332,1044293,0.0
1606346924.4961016,1045530,0.024144869297742844
1606346928.1964965,1045899,0.02168021723628044
1606346929.8108356,1046049,0.0
1606346952.7865212,1048402,0.01882352866232395
1606346953.8895802,1048513,0.018018018454313278
1606346954.6177335,1048579,0.0
1606346957.7885923,1048901,0.0
1606346987.4665592,1052013,0.009900989942252636
1606346989.0212567,1052152,0.02158273383975029
1606346995.6540663,1052839,0.00805152952671051
1606347014.11568,1054835,0.0
1606347036.4703786,1057135,0.019305018708109856
1606347092.7548852,1063019,0.0
1606347131.8153815,1067075,0.0
1606347143.150663,1068198,0.01515151560306549
1606347146.4366446,1068529,0.00906344410032034
1606347150.7409396,1068949,0.022792022675275803
1606347186.2747276,1070365,0.004545454401522875
1606347189.7604625,1070717,0.009900989942252636
1606347193.9283977,1071110,0.005434782709926367
1606347217.8265936,1073511,0.019801979884505272
1606347231.7969449,1074862,0.0
1606347233.2688634,1075016,0.006493506487458944
1606347258.0148604,1077535,0.0029154520016163588
1606347274.762737,1079288,0.0037174720782786608
1606347284.3750496,1080273,0.0033444815780967474
1606347285.0862536,1080339,0.0
1606347287.9832065,1080621,0.0
1606347298.1438553,1081715,0.010638297535479069
1606347304.5664613,1082349,0.024096384644508362
1606347338.6974754,1085781,0.0
1606347358.84723,1087966,0.0
1606347367.5326223,1088966,0.013000000268220901
1606347407.1603959,1093201,0.008090615272521973
1606347410.1935778,1093499,0.014925372786819935
1606347412.8386598,1093749,0.0
1606347417.8031492,1094275,0.00950570311397314
1606347418.5703177,1094346,0.0
1606347450.0653114,1097643,0.0
1606347454.4432414,1098087,0.016949152573943138
1606347466.73685,1099384,0.0
1606347476.9908342,1100434,0.011111111380159855
1606347486.8740964,1101500,0.0
1606347490.9226885,1101907,0.006896551698446274
1606347494.5330706,1102251,0.00826446246355772
1606347510.1111767,1103828,0.0
1606347518.7610795,1104653,0.0
1606347532.08892,1106051,0.10400000214576721
1606347539.195366,1106757,0.0035211266949772835
1606347555.4033716,1108500,0.007352941203862429
1606347574.635541,1110554,0.0
1606347578.9861612,1110989,0.002298850566148758
1606347603.8094513,1113532,0.0
1606347605.4665573,1113683,0.0
1606347643.5344276,1117540,0.010989011265337467
1606347644.1069155,1117606,0.0
1606347652.1053314,1118467,0.008130080997943878
1606347653.5900505,1118629,0.018518518656492233
1606347681.6016176,1119920,0.009569377638399601
1606347688.939941,1120647,0.004464285913854837
1606347697.1985564,1121447,0.0
1606347704.8731544,1122322,0.0022857142612338066
1606347715.781236,1123420,0.0060606058686971664
1606347730.5428014,1124971,0.0033975085243582726
1606347740.3712466,1125976,0.0
1606347752.1955383,1127225,0.0
1606347756.9044404,1127658,0.014925372786819935
1606347760.129355,1127945,0.010452961549162865
1606347771.2374327,1129097,0.0
1606347777.5873199,1129774,0.01075268816202879
1606347787.2059455,1130709,0.010204081423580647
1606347794.3854208,1131384,0.01785714365541935
1606347801.7536979,1132126,0.0
1606347843.192053,1136466,0.0
1606347850.231818,1137189,0.010169491171836853
1606347853.5749066,1137525,0.011152416467666626
1606347876.097601,1139899,0.0
1606347883.2456977,1140590,0.012345679104328156
1606347908.8936749,1143335,0.020202020183205605
1606347918.3056757,1144295,0.029411764815449715
1606347924.0022755,1144864,0.004201680887490511
1606347981.0421073,1150728,0.0038910505827516317
1606348008.4611442,1153419,0.01315789483487606
1606348009.4743333,1153521,0.0
1606348018.9025426,1154501,0.014198782853782177
1606348031.9062686,1155895,0.01515151560306549
1606348040.9833527,1156791,0.0
1606348042.1796427,1156909,0.008474576286971569
1606348044.1431391,1157103,0.005154639016836882
1606348046.361186,1157329,0.0
1606348054.826676,1158329,0.0010000000474974513
1606348056.185581,1158450,0.00826446246355772
1606348068.8670304,1159704,0.0
1606348123.3232367,1165294,0.0
1606348124.074904,1165362,0.0
1606348125.4190648,1165500,0.0
1606348148.0272553,1166629,0.04545454680919647
1606348177.8992045,1169673,0.011363636702299118
1606348182.2336695,1170126,0.0
1606348213.425281,1173436,0.0
1606348214.4254436,1173531,0.0
1606348220.3335335,1174104,0.15238095819950104
1606348223.390611,1174395,0.0
1606348224.214702,1174469,0.09459459781646729
1606348226.5069063,1174663,0.0078125
1606348266.5158334,1178868,0.028169013559818268
1606348282.5202,1180489,0.0
1606348287.3243282,1180951,0.0
1606348293.4347692,1181582,0.00671140942722559
1606348306.8968637,1182933,0.01515151560306549
1606348312.7903485,1183584,0.0015360983088612556
1606348322.2615392,1184537,0.007936508394777775
1606348329.50857,1185298,0.014953271485865116
1606348337.2777488,1186168,0.018390804529190063
1606348357.7870839,1188278,0.0
1606348361.1994581,1188609,0.0
1606348366.4018595,1189109,0.01515151560306549
1606348367.9275925,1189251,0.01515151560306549
1606348374.1805696,1189905,0.007462686393409967
1606348385.6191869,1191176,0.0
1606348414.795469,1194201,0.009771986864507198
1606348423.2633922,1195123,0.0071428571827709675
1606348424.8851738,1195278,0.006451612804085016
1606348425.6244326,1195346,0.014705882407724857
1606348455.8331785,1198538,0.0
1606348490.8089032,1202260,0.0
1606348515.0455892,1204889,0.0
1606348546.4888945,1208094,0.0037735849618911743
1606348577.4909754,1211386,0.0021715527400374413
1606348578.812785,1211522,0.0
1606348582.8476396,1211922,0.0
1606348598.5115857,1213524,0.011904762126505375
1606348613.7797165,1215124,0.0760626420378685
1606348627.4520574,1215842,0.007575757801532745
1606348638.0922196,1216938,0.0
1606348646.7695987,1217900,0.017937220633029938
1606348658.5721664,1219166,0.004999999888241291
1606348666.2249622,1219963,0.0
1606348674.6234822,1220863,0.0
1606348684.6784813,1221947,0.010376134887337685
1606348688.6991785,1222365,0.023923445492982864
1606348697.4706995,1223298,0.009478673338890076
1606348707.9610667,1224352,0.018292682245373726
1606348710.1435893,1224573,0.014925372786819935
1606348724.4217076,1226169,0.004999999888241291
1606348738.6423097,1227625,0.002415458904579282
1606348749.361572,1228783,0.0
1606348750.474352,1228896,0.0
1606348751.2575655,1228966,0.0
1606348760.7158408,1229904,0.02500000037252903
1606348789.5555868,1232962,0.0
1606348799.8991985,1234109,0.0
1606348805.5462706,1234675,0.0364583320915699
1606348807.3328886,1234842,0.009999999776482582
1606348810.093345,1235130,0.0
1606348838.9340618,1238260,0.0
1606348844.7334495,1238829,0.0
1606348873.8530319,1241808,0.0
1606348885.4011943,1243055,0.0
1606348927.4036036,1247403,0.00561797758564353
1606348959.976647,1250765,0.009999999776482582
1606348960.5618272,1250832,0.0
1606348977.491885,1252621,0.003000000026077032
1606348979.8169358,1252851,0.0
1606348985.4287143,1253461,0.0
1606348988.9447854,1253816,0.0
1606349007.0721962,1255798,0.0013227512827143073
1606349020.7690647,1257277,0.0
1606349028.478749,1258135,0.005050505045801401
1606349095.0502236,1265266,0.0
1606349116.0695794,1267547,0.0
1606349122.166689,1268168,0.010582010261714458
1606349239.2722976,1271821,0.0
1606349250.914453,1272076,0.003921568859368563
1606349270.1341805,1274105,0.0019342360319569707
1606349273.0145192,1274386,0.0
1606349336.1523027,1281003,0.003000000026077032
1606349341.4791486,1281525,0.0
1606349357.6213229,1283259,0.0
1606349372.4307797,1284926,0.0
1606349373.7399168,1285042,0.0
1606349376.8629692,1285356,0.0
1606349377.534181,1285433,0.0
1606349388.1345823,1286496,0.0
1606349417.5203779,1289584,0.0
1606349434.5240085,1291350,0.013054830022156239
1606349464.4950337,1294618,0.0
1606349466.6147654,1294825,0.0
1606349469.2863781,1295082,0.005235602147877216
1606349482.3102505,1296511,0.004999999888241291
1606349487.8218327,1297067,0.004629629664123058
1606349520.7773588,1300462,0.0
1606349523.789244,1300774,0.0
1606349540.3086274,1302575,0.0
1606349556.967601,1304299,0.0
1606349565.5731971,1305146,0.0
1606349568.2396772,1305431,0.0
1606349569.9899938,1305599,0.0
1606349577.0397449,1306316,0.0
1606349586.769027,1307328,0.0
1606349612.6743476,1310138,0.004636785015463829
1606349645.7002146,1313645,0.0031512605492025614
1606349665.9801044,1315797,0.0
1606349673.4771602,1316543,0.0
1606349679.6653945,1317147,0.013592232950031757
1606349692.7984767,1318522,0.0
1606349708.581508,1320117,0.0
1606349719.671803,1321312,0.0020000000949949026
1606349721.463627,1321482,0.0
1606349725.2856617,1321847,0.012048192322254181
1606349756.2268417,1325137,0.0
1606349888.6366832,1329335,0.0
1606349908.7642066,1331515,0.0011806375114247203
1606349922.7847593,1333023,0.006482982076704502
1606349947.9727356,1335615,0.0
1606349952.9345,1336097,0.0
1606349955.7534246,1336360,0.0
1606349970.392565,1337920,0.002770083025097847
1606349994.5630693,1340523,0.0
1606350001.1697955,1341181,0.013888888992369175
1606350014.1706657,1342625,0.002333722310140729
1606350037.3536105,1345051,0.0020000000949949026
1606350038.8176355,1345204,0.0
1606350065.8103337,1348045,0.0
1606350092.1058161,1350895,0.00800000037997961
1606350104.958805,1352304,0.0
1606350111.3423429,1353003,0.0
1606350118.7384653,1353744,0.0
1606350142.7769477,1356198,0.0
1606350152.7398117,1357279,0.0058309040032327175
1606350175.7900844,1359699,0.035999998450279236
1606350177.9855173,1359904,0.0
1606350181.2767692,1360224,0.0
1606350183.8770888,1360464,0.0
1606350194.6444356,1361553,0.0
1606350222.1728158,1364355,0.0
1606350226.6744287,1364829,0.0
1606350244.5934508,1366783,0.0010000000474974513
1606350246.4223206,1366961,0.01123595517128706
1606350249.7722497,1367288,0.0
1606350261.393617,1368571,0.0035335689317435026
1606350270.7952442,1369490,0.0
1606350271.7660813,1369583,0.0
1606350283.1666675,1370704,0.006410256493836641
1606350311.1434774,1373730,0.010204081423580647
1606350317.2235575,1374336,0.0
1606350349.3819954,1377688,0.0
1606350351.142417,1377858,0.0058823530562222
1606350374.026498,1379136,0.0
1606350375.695726,1379296,0.0062500000931322575
1606350427.9161863,1384945,0.0
1606350435.14208,1385683,0.01123595517128706
1606350440.276333,1386198,0.0
1606350448.7820299,1387074,0.0
1606350461.7687473,1388437,0.0010000000474974513
1606350466.7047389,1388929,0.0
1606350489.593521,1391214,0.0
1606350500.003238,1392249,0.0
1606350501.6853511,1392418,0.0
1606350530.9070265,1395477,0.0
1606350531.7296946,1395549,0.0
1606350554.3772585,1397990,0.0
1606350580.5872436,1400868,0.0
1606350663.236102,1409579,0.0020000000949949026
1606350687.4919791,1412124,0.007692307699471712
1606350692.9529073,1412686,0.0
1606350752.4105403,1419010,0.0
1606350755.602943,1419332,0.0
1606350762.2390206,1420004,0.005434782709926367
1606350765.8601377,1420382,0.0
1606350767.5915103,1420552,0.0058823530562222
1606350793.0882754,1423350,0.0
1606350802.573066,1424379,0.0
1606350815.539941,1425785,0.004140786826610565
1606350858.579484,1430559,0.01075268816202879
1606350880.2300622,1432863,0.0
1606350887.1807392,1433554,0.0
1606350907.0953498,1435597,0.0037174720782786608
1606350916.0772843,1436502,0.002439024392515421
1606350932.905278,1438293,0.0
1606350975.6274369,1442784,0.0
1606351032.2398,1443446,0.0016949152341112494
1606351040.7160695,1443760,0.0
1606385861.9424574,1447160,0.14100000262260437
1606385889.5970986,1450535,0.14705882966518402
1606385916.315536,1453676,0.1034482792019844
1606385934.3422859,1455676,0.12300000339746475
1606385993.6410384,1462585,0.15837104618549347
1606386010.3261573,1464585,0.14800000190734863
1606386018.1090324,1465519,0.13705584406852722
1606386086.4461899,1473776,0.14320987462997437
1606386112.5207264,1476925,0.13383838534355164
1606386151.622026,1481605,0.17391304671764374
1606386172.5968287,1484117,0.14211618900299072
1606386203.754022,1487910,0.12700000405311584
1606386221.408697,1490039,0.13490363955497742
1606386231.6436224,1491267,0.1315789520740509
1606386292.8095195,1498223,0.0
1606386293.9434414,1498345,0.0
1606386295.0267916,1498459,0.0
1606386306.2869766,1499684,0.0
1606386310.1154804,1500097,0.0
1606386326.498475,1501879,0.0
1606386336.4849,1502935,0.0
1606386351.4781196,1504582,0.0
1606386352.1067712,1504656,0.0
1606386369.4503853,1506617,0.0
1606386400.3050685,1510139,0.0
1606386410.4191704,1511212,0.01515151560306549
1606386423.9251804,1512671,0.0
1606386435.0981114,1513940,0.0091116176918149
1606386465.828084,1517241,0.0057142856530845165
1606386487.7710602,1519753,0.0013192612677812576
1606386525.2656744,1524143,0.0
1606386541.7893007,1526050,0.0
1606386551.7138164,1527102,0.0
1606386569.165649,1528113,0.007633587811142206
1606386579.3844981,1529254,0.01515151560306549
1606386580.28471,1529343,0.0
1606386608.1581218,1532449,0.0
1606386610.2495847,1532663,0.0
1606386645.1530406,1536707,0.0
1606386648.326207,1537053,0.00826446246355772
1606386650.4100983,1537262,0.0
1606386666.488094,1538974,0.0
1606386669.3500311,1539275,0.0
1606386677.6438403,1540275,0.0
1606386678.206768,1540341,0.0
1606386678.9142778,1540407,0.0
1606386687.397567,1541357,0.0
1606386689.7438946,1541592,0.0
1606386756.7468448,1548970,0.0
1606386767.6076589,1550233,0.0020000000949949026
1606386831.1815176,1557572,0.003636363660916686
1606386839.5462263,1558476,0.005586592014878988
1606386847.971577,1559476,0.0
1606386859.2116823,1560769,0.010238908231258392
1606386876.110578,1562572,0.0
1606386888.8288994,1563950,0.0031847134232521057
1606386898.704537,1564974,0.0
1606386994.8112266,1575651,0.0
1606387019.9393919,1578447,0.0
1606387059.964193,1582969,0.0010000000474974513
1606387074.284104,1584542,0.01621621660888195
1606387094.595019,1586818,0.03030303120613098
1606387095.6840725,1586932,0.0
1606387126.044232,1590277,0.0
1606387127.007999,1590375,0.0
1606387130.9592702,1590788,0.0
1606387135.1406326,1591207,0.0
1606387139.628632,1591651,0.0
1606387141.0367577,1591775,0.0
1606387192.1085882,1592410,0.0035273367539048195
1606387270.8917484,1600617,0.0010000000474974513
1606387288.0603426,1602515,0.004000000189989805
1606387295.1578314,1603250,0.0031152646988630295
1606387310.38173,1604939,0.012121211737394333
1606387327.359632,1606858,0.0
1606387350.9872656,1609503,0.0
1606387376.8902109,1612417,0.0
1606387386.8446987,1613580,0.00800000037997961
1606387387.5202441,1613658,0.0
1606387414.571496,1616656,0.0
1606387429.7265222,1618352,0.007000000216066837
1606387480.652541,1624035,0.0
1606387495.3249657,1625666,0.0
1606387507.9368804,1627118,0.016393441706895828
1606387519.503993,1628434,0.0
1606387535.0689776,1630167,0.0
1606387540.045459,1630705,0.0
1606387564.560916,1633361,0.0
1606387575.8767052,1634600,0.0
1606387587.8799758,1635828,0.0
1606387609.2390425,1638185,0.0
1606387629.6968958,1640497,0.0
1606387643.2133026,1642005,0.0
1606387654.3710153,1643187,0.0
1606387695.034146,1647886,0.0020000000949949026
1606387699.149427,1648284,0.015037594363093376
1606387724.3875508,1651033,0.0
1606387728.6911523,1651479,0.0052083334885537624
1606387775.1310425,1656782,0.0
1606387799.0931573,1659488,0.0
1606387804.2068856,1660025,0.0
1606387820.6842237,1660271,0.0
1606387824.017649,1660646,0.005333333276212215
1606387830.5266986,1661302,0.0
1606387832.5031276,1661509,0.0
1606387835.4416943,1661829,0.0031250000465661287
1606387872.9687834,1665927,0.0
1606387889.009662,1667755,0.01315789483487606
1606387892.1980195,1668095,0.0
1606387900.3238802,1669014,0.009433962404727936
1606387921.948961,1671388,0.0
1606387937.4914968,1673151,0.0
1606387954.5592496,1675079,0.0
1606387961.5717294,1675830,0.0029850746504962444
1606387986.217896,1678579,0.0
1606388031.292839,1683730,0.0
1606388063.5308516,1687449,0.0020000000949949026
1606388073.8720505,1688550,0.0028901733458042145
1606388088.093601,1690182,0.0
1606388114.3589957,1693129,0.0
1606388116.9656162,1693389,0.0057142856530845165
1606388167.9807775,1699322,0.006000000052154064
1606388186.8987343,1701528,0.0010000000474974513
1606388188.6822414,1701695,0.005988024175167084
1606388247.8850517,1708216,0.0
1606388248.7692614,1708304,0.0
1606388265.5221462,1710235,0.0
1606388295.2733593,1713544,0.0
1606388297.720958,1713785,0.0
1606388337.785144,1718318,0.005875440780073404
1606388355.9220574,1720318,0.0010000000474974513
1606388356.6302972,1720384,0.0
1606388393.4400897,1724343,0.0
1606388398.0868306,1724814,0.0
1606388400.690665,1725078,0.0037878789007663727
1606388430.1236548,1728343,0.0
1606388440.5886872,1729514,0.0
1606388492.5547683,1735422,0.0020000000949949026
1606388508.0564902,1737163,0.004000000189989805
1606388516.402253,1738122,0.0036764706019312143
1606388521.5539794,1738666,0.0062500000931322575
1606388570.7184567,1742491,0.0
1606388631.625871,1749260,0.0
1606388646.2622135,1750922,0.0036496350076049566
1606388691.0575473,1756096,0.0049019609577953815
1606388724.5866005,1759809,0.002114164875820279
1606388755.4067297,1763228,0.0
1606388770.5212073,1764855,0.0
1606388777.627176,1765646,0.001792114693671465
1606388801.7601993,1768365,0.002518891589716077
1606388823.846984,1770679,0.0
1606388832.2896006,1771679,0.004000000189989805
1606388833.6168098,1771821,0.0
1606388874.5484989,1776495,0.0
1606388938.2391891,1783353,0.0
1606388958.7687888,1785588,0.0
1606388982.6488943,1788272,0.0
1606388995.2608461,1789691,0.0035906643606722355
1606389001.4867506,1790358,0.0
1606389054.6620169,1796446,0.0010000000474974513
1606389070.2619884,1798236,0.0020000000949949026
1606389087.4420493,1800159,0.0
1606389102.0210493,1801784,0.0
1606389103.963102,1801983,0.0
1606389127.9687119,1804622,0.0
1606389132.6746135,1805082,0.0
1606389133.8991349,1805206,0.008064515888690948
1606389136.8312287,1805479,0.0
1606389147.8955345,1806728,0.0
1606389152.913854,1807305,0.0
1606389155.802988,1807614,0.0
1606389185.6791117,1811192,0.0010000000474974513
1606389195.3511462,1812279,0.0
1606389209.4655206,1813840,0.0015723269898444414
1606389211.132389,1814002,0.0
1606389220.1465423,1815002,0.0
1606389222.395157,1815242,0.004166666883975267
1606389238.0432394,1817025,0.0
1606389246.401888,1817924,0.0
1606389250.4504976,1818381,0.002188183832913637
1606389270.49987,1820611,0.005076142027974129
1606389281.9772115,1821816,0.0
1606389298.2763054,1823753,0.0010000000474974513
1606389318.9231994,1824526,0.0
1606389350.2729428,1827920,0.0
1606389369.2763991,1829920,0.0
1606389371.332087,1830134,0.0
1606389374.5648396,1830466,0.0
1606389401.349749,1833401,0.003105590119957924
1606389436.9221096,1837421,0.0
1606389448.44548,1838655,0.0
1606389472.510647,1841314,0.0028901733458042145
1606389525.8916667,1847295,0.0020000000949949026
1606389543.8582268,1849307,0.012048192322254181
1606389550.911556,1850033,0.0
1606389562.7595508,1851297,0.0
1606389589.372141,1854293,0.0
1606389617.8327696,1857453,0.0
1606389625.9541502,1858337,0.0
1606389635.4928143,1859456,0.0
1606389643.6740746,1860359,0.0011074197245761752
1606389687.2374582,1865289,0.0031152646988630295
1606389722.446236,1869154,0.0
1606389724.7376044,1869384,0.0
1606389766.7460957,1874193,0.0
1606389801.7229102,1877941,0.002610966097563505
1606389811.7320201,1878972,0.0025316455867141485
1606389819.9511328,1879822,0.0
1606389889.7573195,1887571,0.004000000189989805
1606389931.6636505,1892270,0.0
1606389953.3835332,1894513,0.0
1606389956.8698156,1894877,0.002747252816334367
1606389978.4662938,1897256,0.0021574972197413445
1606389983.3365543,1897701,0.008333333767950535
1606389988.2987309,1898194,0.0020283975172787905
1606390048.0893242,1904929,0.0010000000474974513
1606390080.3525193,1908627,0.0010000000474974513
1606390085.4814372,1909164,0.0028248587623238564
1606390169.442872,1915228,0.0
1606390194.6049316,1917933,0.0
1606390221.5474932,1920995,0.0
1606390233.9823422,1922389,0.0
1606390239.2743232,1922988,0.001669449033215642
1606390254.977407,1924751,0.0
1606390261.6819015,1925437,0.0
1606390317.6832688,1931722,0.0014104372821748257
1606390324.1972754,1932422,0.0
1606390332.6452856,1933422,0.004999999888241291
1606390335.4093769,1933722,0.0033333334140479565
1606390357.1248507,1936106,0.0
1606390386.870384,1939465,0.0
1606390435.6914775,1944922,0.0
1606390487.5533657,1950594,0.0010000000474974513
1606390529.04443,1955284,0.002659574383869767
1606390544.4878678,1956944,0.0
1606390553.0725412,1957944,0.0020000000949949026
1606390593.8442469,1962559,0.0022573363967239857
1606390638.6537354,1967628,0.0
1606390656.4244459,1969642,0.0042372881434857845
1606390665.1663237,1970642,0.0020000000949949026
1606390677.9083743,1972083,0.0
1606390710.239405,1975797,0.0
1606390714.1179907,1976218,0.0
1606390721.6752157,1977043,0.0
1606390750.7440827,1980336,0.0032573288772255182
1606390758.0484862,1981107,0.0
1606390833.7633035,1989600,0.0010000000474974513
1606390864.6323009,1993014,0.002844950184226036
1606390903.1598563,1997225,0.0010000000474974513
1606390943.517182,2001421,0.0043290043249726295
1606390962.836393,2003369,0.0023923444095999002
1606390976.5262084,2004713,0.002277904422953725
1606391059.265418,2013236,0.003099173540249467
1606391218.7436779,2018864,0.012658228166401386
1606391233.3850105,2020308,0.0021598271559923887
1606391237.9600794,2020775,0.0
1606391292.0805466,2026567,0.002624671906232834
